# IsPeriodic: True
# Period: 8.93375 days
# Normalization: <g_mag>=0
# IsNoisy: False
#
#
0.01 0.3084599 0.2812429 0.2358811 0.1306419 0.09072351 0.05443411
0.02 0.3243926 0.2957697 0.2480649 0.1373898 0.09540958 0.05724575
0.03 0.3405898 0.3105377 0.260451 0.1442498 0.1001735 0.06010408
0.04 0.3573812 0.3258475 0.2732915 0.1513614 0.1051121 0.06306727
0.05 0.3750964 0.3419997 0.2868384 0.1588644 0.1103225 0.06619348
0.06 0.3940651 0.3592947 0.3013439 0.1668982 0.1159015 0.0695409
0.07 0.4145999 0.3780175 0.3170470 0.1755952 0.1219411 0.07316468
0.08 0.4366344 0.3981078 0.3338969 0.1849275 0.1284219 0.07705312
0.09 0.4597315 0.419167 0.3515594 0.1947098 0.1352152 0.0811291
0.1 0.4834389 0.4407825 0.3696886 0.2047506 0.1421879 0.08531275
0.11 0.5073039 0.4625418 0.3879383 0.2148581 0.1492070 0.08952422
0.12 0.530874 0.4840322 0.4059625 0.2248407 0.1561394 0.09368364
0.13 0.5536966 0.504841 0.423415 0.2345068 0.1628519 0.09771116
0.14 0.5753192 0.5245557 0.43995 0.2436646 0.1692115 0.1015269
0.15 0.5952892 0.5427637 0.4552212 0.2521225 0.1750851 0.1050510
0.16 0.6131541 0.5590523 0.4688826 0.2596888 0.1803395 0.1082037
0.17 0.6284614 0.573009 0.4805881 0.2661719 0.1848416 0.1109050
0.18 0.6407585 0.584221 0.4899918 0.2713801 0.1884584 0.1130750
0.19 0.6495929 0.5922758 0.4967475 0.2751217 0.1910567 0.1146340
0.2 0.6545119 0.5967609 0.5005091 0.2772050 0.1925035 0.1155021
0.21 0.6550631 0.5972635 0.5009306 0.2774385 0.1926656 0.1155994
0.22 0.650794 0.593371 0.497666 0.2756304 0.19141 0.114846
0.23 0.6412519 0.5846709 0.4903691 0.2715891 0.1886035 0.1131621
0.24 0.6259844 0.5707505 0.4786939 0.2651228 0.1841131 0.1104678
0.25 0.6045388 0.5511972 0.4622944 0.25604 0.1778055 0.1066833
0.26 0.5764627 0.5255984 0.4408244 0.2441489 0.1695479 0.1017287
0.27 0.5413035 0.4935414 0.413938 0.2292580 0.1592069 0.09552415
0.28 0.4989934 0.4549646 0.3815832 0.2113384 0.1467628 0.08805766
0.29 0.4510038 0.4112093 0.3448852 0.1910134 0.1326482 0.0795889
0.3 0.3991907 0.363968 0.3052635 0.169069 0.1174090 0.07044542
0.31 0.3454103 0.3149329 0.2641373 0.1462914 0.1015913 0.06095476
0.32 0.2915187 0.2657964 0.2229261 0.1234667 0.08574079 0.05144447
0.33 0.2393719 0.2182509 0.1830491 0.1013811 0.07040351 0.04224211
0.34 0.1907183 0.1738903 0.1458434 0.08077483 0.05609363 0.03365618
0.35 0.1453709 0.1325440 0.1111659 0.06156883 0.04275613 0.02565368
0.36 0.1014691 0.09251597 0.07759404 0.04297516 0.02984386 0.01790632
0.37 0.05709766 0.05205963 0.04366292 0.02418254 0.01679343 0.01007606
0.38 0.01034098 0.009428538 0.007907806 0.004379708 0.003041464 0.001824878
0.39 -0.04071642 -0.03712379 -0.03113608 -0.0172446 -0.01197542 -0.00718525
0.4 -0.09759269 -0.08898157 -0.0746297 -0.04133337 -0.02870373 -0.01722224
0.41 -0.1591071 -0.1450683 -0.1216702 -0.06738656 -0.04679622 -0.02807773
0.42 -0.2229566 -0.2032840 -0.1704962 -0.09442868 -0.06557547 -0.03934528
0.43 -0.2868342 -0.2615253 -0.2193438 -0.1214827 -0.084363 -0.0506178
0.44 -0.3484331 -0.317689 -0.2664488 -0.1475717 -0.1024803 -0.06148819
0.45 -0.4054463 -0.3696717 -0.3100472 -0.1717184 -0.1192489 -0.07154935
0.46 -0.4555671 -0.41537 -0.3483749 -0.1929461 -0.1339903 -0.0803942
0.47 -0.4966246 -0.4528048 -0.3797718 -0.2103351 -0.1460661 -0.08763964
0.48 -0.5280217 -0.4814315 -0.4037813 -0.2236327 -0.1553005 -0.0931803
0.49 -0.5501726 -0.501628 -0.4207203 -0.2330143 -0.1618155 -0.09708929
0.5 -0.5635087 -0.5137873 -0.4309184 -0.2386625 -0.1657378 -0.0994427
0.51 -0.5684608 -0.5183025 -0.4347053 -0.2407599 -0.1671944 -0.1003166
0.52 -0.5654602 -0.5155667 -0.4324107 -0.2394890 -0.1663118 -0.0997871
0.53 -0.5549379 -0.5059728 -0.4243643 -0.2350325 -0.1632170 -0.09793022
0.54 -0.5374796 -0.4900549 -0.4110138 -0.2276384 -0.1580822 -0.09484933
0.55 -0.5142645 -0.4688882 -0.3932611 -0.2178061 -0.1512543 -0.09075255
0.56 -0.4866145 -0.4436779 -0.3721169 -0.2060955 -0.1431219 -0.08587314
0.57 -0.4558515 -0.4156293 -0.3485923 -0.1930665 -0.1340740 -0.08044438
0.58 -0.4232974 -0.3859476 -0.323698 -0.1792789 -0.1244992 -0.07469954
0.59 -0.3902741 -0.3558381 -0.2984449 -0.1652925 -0.1147865 -0.0688719
0.6 -0.3581034 -0.326506 -0.2738438 -0.1516673 -0.1053245 -0.06319471
0.61 -0.3281072 -0.2991566 -0.2509055 -0.1389631 -0.09650213 -0.05790128
0.62 -0.3016075 -0.2749950 -0.230641 -0.1277396 -0.08870808 -0.05322485
0.63 -0.279926 -0.2552266 -0.2140611 -0.1185569 -0.08233118 -0.04939871
0.64 -0.2643822 -0.2410543 -0.2021746 -0.1119736 -0.07775946 -0.04665568
0.65 -0.2556447 -0.2330878 -0.195493 -0.1082731 -0.07518962 -0.04511377
0.66 -0.2528702 -0.2305582 -0.1933714 -0.1070980 -0.0743736 -0.04462416
0.67 -0.2550009 -0.2325009 -0.1950007 -0.1080004 -0.07500028 -0.04500017
0.68 -0.2609791 -0.2379515 -0.1995722 -0.1105323 -0.07675855 -0.04605513
0.69 -0.2697468 -0.2459456 -0.2062770 -0.1142457 -0.0793373 -0.04760238
0.7 -0.2802464 -0.2555188 -0.2143061 -0.1186926 -0.08242542 -0.04945525
0.71 -0.2914201 -0.2657066 -0.2228507 -0.123425 -0.0857118 -0.05142708
0.72 -0.3022102 -0.2755446 -0.2311019 -0.1279949 -0.08888534 -0.0533312
0.73 -0.3115587 -0.2840682 -0.2382508 -0.1319543 -0.09163491 -0.05498095
0.74 -0.318408 -0.2903132 -0.2434885 -0.1348552 -0.09364941 -0.05618965
0.75 -0.3217003 -0.293315 -0.2460061 -0.1362495 -0.09461774 -0.05677064
0.76 -0.3203778 -0.2921092 -0.2449948 -0.1356894 -0.09422877 -0.05653726
0.77 -0.3136403 -0.2859661 -0.2398426 -0.1328359 -0.09224714 -0.05534829
0.78 -0.3017323 -0.2751088 -0.2307364 -0.1277925 -0.08874479 -0.05324687
0.79 -0.2851632 -0.2600017 -0.2180659 -0.1207750 -0.08387152 -0.05032291
0.8 -0.2644423 -0.2411092 -0.2022206 -0.1119991 -0.07777715 -0.04666629
0.81 -0.2400792 -0.2188957 -0.1835899 -0.1016806 -0.07061152 -0.04236691
0.82 -0.2125831 -0.1938257 -0.1625635 -0.09003519 -0.06252443 -0.03751466
0.83 -0.1824635 -0.1663637 -0.1395309 -0.07727864 -0.05366572 -0.03219943
0.84 -0.1502297 -0.1369741 -0.1148815 -0.06362669 -0.0441852 -0.02651112
0.85 -0.1163912 -0.1061213 -0.089005 -0.04929508 -0.03423269 -0.02053962
0.86 -0.08145727 -0.07426986 -0.06229085 -0.03449955 -0.02395802 -0.01437481
0.87 -0.04593741 -0.04188411 -0.03512861 -0.01945584 -0.01351100 -0.008106602
0.88 -0.01034098 -0.009428538 -0.007907806 -0.004379708 -0.003041464 -0.001824878
0.89 0.02482264 0.02263241 0.01898202 0.01051312 0.007300777 0.004380466
0.9 0.05904406 0.05383429 0.04515134 0.02500689 0.0173659 0.01041954
0.91 0.09181387 0.08371265 0.0702106 0.03888587 0.02700408 0.01620245
0.92 0.1226227 0.1118030 0.0937703 0.05193432 0.0360655 0.0216393
0.93 0.1509662 0.1376457 0.1154447 0.06393862 0.04440182 0.02664109
0.94 0.1766494 0.1610627 0.1350848 0.07481622 0.05195571 0.03117342
0.95 0.1999600 0.1823165 0.1529106 0.08468896 0.05881178 0.03528707
0.96 0.2212278 0.2017077 0.1691742 0.09369646 0.06506699 0.03904019
0.97 0.2407822 0.2195367 0.1841276 0.1019783 0.0708183 0.04249098
0.98 0.258953 0.2361042 0.1980229 0.1096742 0.07616265 0.04569759
0.99 0.2760698 0.2517107 0.2111122 0.1169237 0.081197 0.0487182
1 0.2924622 0.2666567 0.2236476 0.1238664 0.0860183 0.05161098
