# IsPeriodic: True
# Period: 30.12663 days
# Normalization: <g_mag>=0
# IsNoisy: False
#
#
0.01 0.2208848 0.2013949 0.1689119 0.09355119 0.0649661 0.03897966
0.02 0.2506789 0.2285602 0.1916956 0.1061699 0.07372909 0.04423745
0.03 0.2798582 0.2551648 0.2140092 0.1185282 0.08231124 0.04938674
0.04 0.3081837 0.2809910 0.2356699 0.1305249 0.09064227 0.05438536
0.05 0.3354165 0.3058209 0.2564950 0.1420587 0.0986519 0.05919114
0.06 0.3613175 0.3294365 0.2763016 0.1530286 0.1062699 0.06376191
0.07 0.3856478 0.3516201 0.2949072 0.1633332 0.1134258 0.0680555
0.08 0.4081685 0.3721536 0.3121288 0.1728714 0.1200496 0.07202973
0.09 0.4286405 0.3908193 0.3277839 0.1815419 0.1260707 0.07564245
0.1 0.446825 0.4073993 0.3416897 0.1892435 0.1314191 0.07885147
0.11 0.4624829 0.4216756 0.3536634 0.1958751 0.1360244 0.08161463
0.12 0.4753753 0.4334305 0.3635223 0.2013354 0.1398163 0.08388977
0.13 0.485372 0.4425451 0.3711668 0.2055693 0.1427565 0.08565389
0.14 0.4928739 0.4493851 0.3769036 0.2087466 0.1449629 0.08697775
0.15 0.498444 0.4544636 0.381163 0.2111057 0.1466012 0.0879607
0.16 0.502645 0.458294 0.3843756 0.2128849 0.1478368 0.08870206
0.17 0.50604 0.4613894 0.3869718 0.2143228 0.1488353 0.08930118
0.18 0.5091919 0.4642632 0.389382 0.2156577 0.1497623 0.0898574
0.19 0.5126635 0.4674285 0.3920368 0.2171281 0.1507834 0.09047004
0.2 0.5170179 0.4713987 0.3953666 0.2189723 0.1520641 0.09123845
0.21 0.5228179 0.4766869 0.3998019 0.2214287 0.1537700 0.09226198
0.22 0.5306264 0.4838064 0.4057731 0.2247359 0.1560666 0.09363995
0.23 0.5410064 0.4932705 0.4137108 0.2291321 0.1591195 0.09547171
0.24 0.5545207 0.5055924 0.4240453 0.2348558 0.1630943 0.0978566
0.25 0.5717324 0.5212854 0.4372071 0.2421455 0.1681566 0.1008940
0.26 0.5932043 0.5408627 0.4536268 0.2512395 0.1744719 0.1046831
0.27 0.619491 0.56483 0.4737284 0.2623727 0.1822032 0.1093219
0.28 0.650204 0.592833 0.4972148 0.2753805 0.1912365 0.1147419
0.29 0.6831561 0.6228777 0.5224135 0.2893367 0.2009283 0.1205570
0.3 0.7159585 0.6527857 0.5474976 0.3032295 0.210576 0.1263456
0.31 0.7462218 0.6803787 0.5706402 0.3160469 0.219477 0.1316862
0.32 0.7715571 0.7034785 0.5900142 0.3267771 0.2269286 0.1361571
0.33 0.7895752 0.7199068 0.6037928 0.3344083 0.232228 0.1393368
0.34 0.797887 0.7274853 0.6101489 0.3379286 0.2346727 0.1408036
0.35 0.7941035 0.7240356 0.6072557 0.3363262 0.2335599 0.1401359
0.36 0.7758356 0.7073795 0.593286 0.3285892 0.2281869 0.1369122
0.37 0.740694 0.6753387 0.5664131 0.3137057 0.2178512 0.1307107
0.38 0.6862899 0.6257349 0.5248099 0.2906640 0.2018500 0.1211100
0.39 0.610234 0.5563898 0.4666495 0.2584520 0.1794806 0.1076883
0.4 0.5101372 0.4651251 0.3901049 0.2160581 0.1500403 0.0900242
0.41 0.3836104 0.3497625 0.2933492 0.1624703 0.1128266 0.06769596
0.42 0.2282647 0.2081237 0.1745553 0.0966768 0.06713667 0.040282
0.43 0.04181439 0.03812489 0.03197571 0.01770963 0.01229835 0.00737901
0.44 -0.1715296 -0.1563946 -0.1311697 -0.07264783 -0.05044988 -0.03026993
0.45 -0.3973241 -0.3622661 -0.3038361 -0.1682784 -0.1168600 -0.07011601
0.46 -0.6202263 -0.5655004 -0.4742907 -0.2626841 -0.1824195 -0.1094517
0.47 -0.8248934 -0.7521087 -0.6308009 -0.3493666 -0.2426157 -0.1455694
0.48 -0.9959828 -0.908102 -0.7616339 -0.421828 -0.2929361 -0.1757617
0.49 -1.118152 -1.019491 -0.855057 -0.4735701 -0.3288681 -0.1973209
0.5 -1.181111 -1.076895 -0.9032024 -0.5002352 -0.3473855 -0.2084313
0.51 -1.194787 -1.089365 -0.9136608 -0.5060275 -0.351408 -0.2108448
0.52 -1.174161 -1.070559 -0.8978878 -0.4972917 -0.3453415 -0.2072049
0.53 -1.134213 -1.034135 -0.8673392 -0.4803725 -0.333592 -0.2001552
0.54 -1.089910 -0.9937412 -0.8334603 -0.4616088 -0.3205617 -0.192337
0.55 -1.051406 -0.9586348 -0.8040162 -0.4453013 -0.309237 -0.1855422
0.56 -1.01689 -0.9271643 -0.7776217 -0.4306828 -0.2990853 -0.1794512
0.57 -0.9828667 -0.8961432 -0.751604 -0.416273 -0.2890785 -0.1734471
0.58 -0.9481202 -0.8644625 -0.725033 -0.4015568 -0.2788589 -0.1673153
0.59 -0.9132517 -0.8326707 -0.698369 -0.3867889 -0.2686034 -0.1611621
0.6 -0.8788943 -0.8013448 -0.6720957 -0.3722376 -0.2584983 -0.155099
0.61 -0.8453396 -0.7707508 -0.6464362 -0.3580262 -0.2486293 -0.1491776
0.62 -0.8125849 -0.7408862 -0.6213884 -0.3441536 -0.2389956 -0.1433973
0.63 -0.7806181 -0.71174 -0.5969432 -0.3306147 -0.2295936 -0.1377561
0.64 -0.749427 -0.6833011 -0.5730913 -0.3174044 -0.2204197 -0.1322518
0.65 -0.7189995 -0.6555584 -0.5498232 -0.3045175 -0.2114705 -0.1268823
0.66 -0.6893235 -0.6285008 -0.5271297 -0.2919488 -0.2027422 -0.1216453
0.67 -0.6603867 -0.6021173 -0.5050016 -0.2796932 -0.1942314 -0.1165388
0.68 -0.632177 -0.5763967 -0.4834295 -0.2677456 -0.1859344 -0.1115607
0.69 -0.6046774 -0.5513235 -0.4624003 -0.2560987 -0.1778463 -0.1067078
0.7 -0.5778416 -0.5268556 -0.4418789 -0.2447329 -0.1699534 -0.1019720
0.71 -0.5516131 -0.5029414 -0.4218218 -0.2336244 -0.1622392 -0.0973435
0.72 -0.5259355 -0.4795295 -0.402186 -0.2227492 -0.1546869 -0.09281215
0.73 -0.5007522 -0.4565682 -0.3829282 -0.2120833 -0.1472801 -0.08836804
0.74 -0.4760066 -0.4340060 -0.3640051 -0.2016028 -0.1400019 -0.08400117
0.75 -0.4516423 -0.4117915 -0.3453735 -0.1912838 -0.1328360 -0.07970158
0.76 -0.4276026 -0.3898729 -0.3269902 -0.1811023 -0.1257655 -0.07545928
0.77 -0.403831 -0.3681989 -0.3088120 -0.1710343 -0.1187738 -0.0712643
0.78 -0.3802711 -0.3467178 -0.2907955 -0.161056 -0.1118444 -0.06710666
0.79 -0.3568662 -0.325378 -0.2728977 -0.1511433 -0.1049607 -0.06297639
0.8 -0.3335599 -0.3041281 -0.2550752 -0.1412724 -0.09810584 -0.05886351
0.81 -0.3102955 -0.2829165 -0.2372848 -0.1314193 -0.09126339 -0.05475803
0.82 -0.2870166 -0.2616916 -0.2194833 -0.1215600 -0.08441665 -0.05064999
0.83 -0.2636667 -0.2404019 -0.2016274 -0.1116706 -0.07754901 -0.04652941
0.84 -0.2401891 -0.2189959 -0.183674 -0.1017271 -0.07064384 -0.04238630
0.85 -0.2165273 -0.1974220 -0.1655797 -0.09170569 -0.0636845 -0.0382107
0.86 -0.1926249 -0.1756286 -0.1473014 -0.0815823 -0.05665438 -0.03399263
0.87 -0.1684252 -0.1535642 -0.1287958 -0.07133303 -0.04953683 -0.02972210
0.88 -0.1438718 -0.1311772 -0.1100196 -0.06093393 -0.04231523 -0.02538914
0.89 -0.1189081 -0.1084162 -0.0909297 -0.05036106 -0.03497296 -0.02098378
0.9 -0.0934775 -0.08522949 -0.0714828 -0.03959047 -0.02749338 -0.01649603
0.91 -0.06752357 -0.0615656 -0.05163567 -0.02859822 -0.01985987 -0.01191592
0.92 -0.04099097 -0.03737412 -0.03134604 -0.01736088 -0.01205617 -0.007233701
0.93 -0.01385840 -0.01263560 -0.01059760 -0.005869441 -0.004076001 -0.002445601
0.94 0.01385840 0.01263560 0.01059760 0.005869441 0.004076001 0.002445601
0.95 0.04214183 0.03842343 0.0322261 0.01784830 0.01239465 0.007436793
0.96 0.07097425 0.06471181 0.05427442 0.03005968 0.02087478 0.01252487
0.97 0.1003380 0.09148469 0.0767291 0.04249611 0.02951119 0.01770671
0.98 0.1302029 0.1187144 0.09956693 0.05514476 0.03829497 0.02297698
0.99 0.1604078 0.1462542 0.1226648 0.06793742 0.04717876 0.02830726
1 0.1907147 0.1738870 0.1458407 0.0807733 0.05609257 0.03365554
