# IsPeriodic: True
# Period: 4.42428 days
# Normalization: <g_mag>=0
# IsNoisy: False
#
#
0.01 0.193706 0.1766143 0.1481281 0.08204019 0.05697236 0.03418341
0.02 0.2067928 0.1885464 0.1581357 0.08758283 0.06082141 0.03649285
0.03 0.2199364 0.2005303 0.1681867 0.09314954 0.06468718 0.03881231
0.04 0.2330576 0.2124937 0.1782206 0.09870677 0.06854637 0.04112782
0.05 0.2460763 0.2243637 0.188176 0.1042206 0.07237539 0.04342523
0.06 0.2589123 0.2360671 0.1979917 0.1096570 0.07615067 0.0456904
0.07 0.2714854 0.2475308 0.2076065 0.1149820 0.07984863 0.04790918
0.08 0.2837154 0.2586817 0.2169588 0.1201618 0.0834457 0.05006742
0.09 0.2955222 0.2694467 0.2259876 0.1251623 0.08691829 0.05215097
0.1 0.3068256 0.2797528 0.2346313 0.1299497 0.09024283 0.0541457
0.11 0.3175455 0.2895268 0.2428289 0.1344898 0.09339573 0.05603744
0.12 0.3276016 0.2986956 0.2505189 0.1387489 0.09635342 0.05781205
0.13 0.3369139 0.3071862 0.2576400 0.1426929 0.09909232 0.05945539
0.14 0.3454021 0.3149255 0.2641310 0.1462880 0.1015889 0.06095331
0.15 0.3529861 0.3218403 0.2699306 0.1495 0.1038194 0.06229167
0.16 0.3595857 0.3278576 0.2749773 0.1522951 0.1057605 0.06345631
0.17 0.3651208 0.3329043 0.2792100 0.1546394 0.1073885 0.06443309
0.18 0.3695112 0.3369073 0.2825674 0.1564989 0.1086798 0.06520785
0.19 0.3726767 0.3397934 0.2849880 0.1578395 0.1096108 0.06576647
0.2 0.3745371 0.3414897 0.2864107 0.1586275 0.1101580 0.06609478
0.21 0.3750123 0.341923 0.2867741 0.1588287 0.1102977 0.06617864
0.22 0.3740221 0.3410202 0.2860169 0.1584094 0.1100065 0.06600391
0.23 0.3714863 0.3387081 0.2840777 0.1573354 0.1092607 0.0655564
0.24 0.3672167 0.3348152 0.2808128 0.1555271 0.1080049 0.06480294
0.25 0.3607332 0.3289038 0.2758548 0.1527811 0.106098 0.0636588
0.26 0.3515066 0.3204913 0.2687992 0.1488734 0.1033843 0.06203058
0.27 0.3390077 0.3090952 0.2592412 0.1435797 0.09970814 0.05982488
0.28 0.3227070 0.2942329 0.2467760 0.1366759 0.09491384 0.0569483
0.29 0.3020755 0.2754218 0.2309989 0.1279379 0.08884574 0.05330744
0.3 0.2765838 0.2521794 0.2115053 0.1171414 0.08134818 0.04880891
0.31 0.2457027 0.2240231 0.1878903 0.1040623 0.0722655 0.0433593
0.32 0.2089033 0.1904707 0.1597496 0.0884767 0.06144215 0.03686529
0.33 0.1659984 0.1513515 0.1269400 0.0703052 0.04882306 0.02929383
0.34 0.1177624 0.1073716 0.09005359 0.04987583 0.03463600 0.02078160
0.35 0.06513777 0.05939032 0.04981123 0.02758776 0.01915817 0.0114949
0.36 0.009067007 0.008266977 0.006933594 0.003840144 0.002666767 0.00160006
0.37 -0.04950742 -0.04513912 -0.03785862 -0.02096785 -0.01456101 -0.008736604
0.38 -0.1096430 -0.09996866 -0.08384468 -0.04643705 -0.03224795 -0.01934877
0.39 -0.1703974 -0.1553623 -0.1303039 -0.07216831 -0.05011688 -0.03007013
0.4 -0.230828 -0.2104608 -0.1765155 -0.09776245 -0.06789059 -0.04073435
0.41 -0.2899924 -0.2644048 -0.2217589 -0.1228203 -0.08529188 -0.05117513
0.42 -0.3469539 -0.3163403 -0.2653177 -0.1469452 -0.1020453 -0.06122715
0.43 -0.4008818 -0.3655099 -0.3065567 -0.1697853 -0.1179064 -0.07074385
0.44 -0.4510383 -0.4112408 -0.3449116 -0.1910280 -0.1326583 -0.07959499
0.45 -0.4966882 -0.4528628 -0.3798204 -0.2103621 -0.1460848 -0.08765086
0.46 -0.5370969 -0.489706 -0.4107211 -0.2274763 -0.1579697 -0.0947818
0.47 -0.5715293 -0.5211002 -0.4370518 -0.2420595 -0.1680969 -0.1008581
0.48 -0.5992506 -0.5463756 -0.4582505 -0.2538003 -0.1762502 -0.1057501
0.49 -0.6195259 -0.5648619 -0.4737551 -0.2623874 -0.1822135 -0.1093281
0.5 -0.6319109 -0.576154 -0.483226 -0.2676328 -0.1858561 -0.1115137
0.51 -0.6371233 -0.5809065 -0.4872119 -0.2698405 -0.1873892 -0.1124335
0.52 -0.6361716 -0.5800388 -0.4864842 -0.2694374 -0.1871093 -0.1122656
0.53 -0.6300642 -0.5744703 -0.4818138 -0.2668507 -0.185313 -0.1111878
0.54 -0.6198094 -0.5651203 -0.4739719 -0.2625075 -0.1822969 -0.1093781
0.55 -0.6064156 -0.5529083 -0.4637296 -0.2568348 -0.1783575 -0.1070145
0.56 -0.5908912 -0.5387537 -0.451858 -0.2502598 -0.1737915 -0.1042749
0.57 -0.5741541 -0.5234934 -0.439059 -0.2431711 -0.1688689 -0.1013213
0.58 -0.5565259 -0.5074206 -0.4255786 -0.2357051 -0.1636841 -0.09821045
0.59 -0.538087 -0.4906087 -0.4114783 -0.2278956 -0.1582609 -0.09495652
0.6 -0.5189171 -0.4731303 -0.3968189 -0.2197766 -0.1526227 -0.0915736
0.61 -0.4990959 -0.4550581 -0.3816616 -0.2113818 -0.1467929 -0.08807575
0.62 -0.4787033 -0.4364648 -0.3660672 -0.2027449 -0.1407951 -0.08447705
0.63 -0.4578189 -0.4174231 -0.3500968 -0.1938998 -0.1346526 -0.08079157
0.64 -0.4365225 -0.3980058 -0.3338113 -0.1848801 -0.1283890 -0.07703337
0.65 -0.4148937 -0.3782854 -0.3172716 -0.1757197 -0.1220276 -0.07321653
0.66 -0.3930124 -0.3583348 -0.3005389 -0.1664523 -0.1155919 -0.06935512
0.67 -0.3709582 -0.3382266 -0.2836739 -0.1571117 -0.1091053 -0.06546321
0.68 -0.3488109 -0.3180335 -0.2667377 -0.1477317 -0.1025914 -0.06155486
0.69 -0.3266502 -0.2978281 -0.2497913 -0.1383460 -0.0960736 -0.05764415
0.7 -0.3045559 -0.2776833 -0.2328957 -0.1289884 -0.08957526 -0.05374516
0.71 -0.2826076 -0.2576717 -0.2161117 -0.1196926 -0.08311989 -0.04987193
0.72 -0.2608852 -0.2378659 -0.1995004 -0.1104926 -0.07673094 -0.04603856
0.73 -0.2394683 -0.2183387 -0.1831228 -0.1014219 -0.07043185 -0.04225911
0.74 -0.2184367 -0.1991629 -0.1670398 -0.09251436 -0.06424608 -0.03854765
0.75 -0.1978701 -0.1804110 -0.1513124 -0.0838038 -0.05819708 -0.03491825
0.76 -0.1778482 -0.1621557 -0.1360016 -0.07532395 -0.0523083 -0.03138498
0.77 -0.1584361 -0.1444564 -0.1211570 -0.06710235 -0.04659885 -0.02795931
0.78 -0.1396266 -0.1273066 -0.1067733 -0.05913599 -0.04106666 -0.02464000
0.79 -0.1213907 -0.1106798 -0.09282818 -0.05141253 -0.03570315 -0.02142189
0.8 -0.1036991 -0.0945492 -0.07929933 -0.04391963 -0.03049974 -0.01829984
0.81 -0.08652275 -0.07888839 -0.06616446 -0.03664493 -0.02544787 -0.01526872
0.82 -0.06983243 -0.06367075 -0.05340127 -0.02957609 -0.02053895 -0.01232337
0.83 -0.05359902 -0.04886969 -0.04098748 -0.02270076 -0.01576442 -0.00945865
0.84 -0.03779335 -0.03445865 -0.0289008 -0.01600660 -0.01111569 -0.006669415
0.85 -0.02238629 -0.02041103 -0.01711892 -0.00948125 -0.006584202 -0.003950521
0.86 -0.007348665 -0.006700253 -0.005619567 -0.003112376 -0.002161372 -0.001296823
0.87 0.007348665 0.006700253 0.005619567 0.003112376 0.002161372 0.001296823
0.88 0.02173485 0.01981707 0.01662077 0.00920535 0.006392604 0.003835562
0.89 0.03583906 0.03267679 0.02740634 0.01517889 0.01054090 0.006324539
0.9 0.04969042 0.04530597 0.03799856 0.02104536 0.01461483 0.008768898
0.91 0.06331811 0.05773122 0.04841973 0.02681708 0.01862297 0.01117378
0.92 0.07675126 0.0699791 0.05869214 0.03250642 0.0225739 0.01354434
0.93 0.09001904 0.08207619 0.06883809 0.03812571 0.02647619 0.01588571
0.94 0.1031506 0.09404907 0.07887987 0.04368731 0.03033841 0.01820305
0.95 0.1161751 0.1059243 0.08883977 0.04920356 0.03416914 0.02050148
0.96 0.1291216 0.1177286 0.09874008 0.05468681 0.03797695 0.02278617
0.97 0.1420194 0.1294883 0.1086031 0.06014941 0.04177042 0.02506225
0.98 0.1548976 0.1412302 0.1184511 0.0656037 0.04555812 0.02733487
0.99 0.1677853 0.1529808 0.1283064 0.07106203 0.04934863 0.02960918
1 0.1807118 0.1647666 0.1381913 0.07653674 0.05315052 0.03189031
