# IsPeriodic: True
# Period: 4.61283 days
# Normalization: <g_mag>=0
# IsNoisy: False
#
#
0.01 0.2729806 0.2488941 0.2087499 0.1156153 0.08028841 0.04817305
0.02 0.2827868 0.2578350 0.2162487 0.1197685 0.0831726 0.04990356
0.03 0.2905097 0.2648765 0.2221545 0.1230394 0.08544403 0.05126642
0.04 0.2962058 0.27007 0.2265103 0.1254519 0.08711936 0.05227162
0.05 0.3001659 0.2736807 0.2295387 0.1271291 0.0882841 0.05297046
0.06 0.3026903 0.2759824 0.2314691 0.1281983 0.08902657 0.05341594
0.07 0.3040793 0.2772488 0.2325313 0.1287865 0.0894351 0.05366106
0.08 0.3046332 0.2777538 0.2329548 0.1290211 0.089598 0.0537588
0.09 0.3046522 0.2777711 0.2329693 0.1290292 0.0896036 0.05376216
0.1 0.3044367 0.2775747 0.2328046 0.1289379 0.08954021 0.05372413
0.11 0.304287 0.2774381 0.2326900 0.1288745 0.08949617 0.0536977
0.12 0.3045033 0.2776354 0.2328555 0.1289661 0.0895598 0.05373588
0.13 0.305386 0.2784402 0.2335305 0.1293399 0.0898194 0.05389164
0.14 0.3072353 0.2801263 0.2349447 0.1301232 0.09036333 0.054218
0.15 0.3103516 0.2829676 0.2373277 0.1314430 0.09127988 0.05476793
0.16 0.3150351 0.2872379 0.2409092 0.1334266 0.09265739 0.05559443
0.17 0.3215862 0.2932109 0.2459188 0.1362012 0.09458417 0.0567505
0.18 0.3303051 0.3011605 0.2525862 0.1398939 0.09714855 0.05828913
0.19 0.3414921 0.3113605 0.2611410 0.1446320 0.1004389 0.06026331
0.2 0.3550701 0.3237404 0.2715242 0.1503826 0.1044324 0.06265944
0.21 0.3694523 0.3368535 0.2825223 0.1564739 0.1086624 0.06519746
0.22 0.3826742 0.3489088 0.2926332 0.1620738 0.1125512 0.06753074
0.23 0.3927716 0.3581153 0.3003547 0.1663503 0.1155211 0.06931263
0.24 0.3977801 0.3626819 0.3041848 0.1684716 0.1169941 0.07019649
0.25 0.3957382 0.3608201 0.3026233 0.1676068 0.1163936 0.06983616
0.26 0.3854203 0.3514127 0.2947332 0.1632369 0.1133589 0.06801535
0.27 0.3673248 0.3349138 0.2808954 0.1555729 0.1080367 0.06482203
0.28 0.3421965 0.3120027 0.2616797 0.1449303 0.1006460 0.06038761
0.29 0.3107802 0.2833584 0.2376554 0.1316246 0.09140594 0.05484356
0.3 0.2738208 0.2496601 0.2093924 0.1159712 0.08053553 0.04832132
0.31 0.2320632 0.211587 0.1774601 0.09828557 0.06825387 0.04095232
0.32 0.1862521 0.1698181 0.1424281 0.07888325 0.05478003 0.03286802
0.33 0.1371325 0.1250326 0.1048660 0.05807965 0.04033309 0.02419985
0.34 0.08544919 0.07790956 0.0653435 0.03619024 0.02513211 0.01507927
0.35 0.03194701 0.02912816 0.02443007 0.0135305 0.00939618 0.005637708
0.36 -0.02262917 -0.02063248 -0.01730466 -0.00958412 -0.00665564 -0.003993384
0.37 -0.07753452 -0.07069324 -0.05929111 -0.03283815 -0.02280427 -0.01368256
0.38 -0.1320242 -0.120375 -0.1009597 -0.05591613 -0.03883064 -0.02329839
0.39 -0.1853533 -0.1689986 -0.1417408 -0.07850258 -0.05451568 -0.03270941
0.4 -0.2367771 -0.2158850 -0.1810648 -0.1002821 -0.06964031 -0.04178419
0.41 -0.2855506 -0.2603549 -0.2183622 -0.1209391 -0.08398546 -0.05039128
0.42 -0.330929 -0.3017294 -0.2530634 -0.1401582 -0.09733206 -0.05839924
0.43 -0.3722624 -0.3394157 -0.2846713 -0.1576641 -0.1094889 -0.06569337
0.44 -0.4093089 -0.3731934 -0.3130009 -0.1733543 -0.1203850 -0.07223097
0.45 -0.4419361 -0.4029417 -0.3379511 -0.1871729 -0.1299812 -0.07798872
0.46 -0.4700118 -0.4285402 -0.3594208 -0.1990638 -0.1382388 -0.08294326
0.47 -0.4934038 -0.4498681 -0.3773088 -0.208971 -0.1451188 -0.08707125
0.48 -0.5119797 -0.466805 -0.3915139 -0.2168385 -0.1505823 -0.09034936
0.49 -0.5256074 -0.4792303 -0.4019351 -0.2226102 -0.1545904 -0.09275425
0.5 -0.5342596 -0.4871191 -0.4085515 -0.2262747 -0.1571352 -0.0942811
0.51 -0.5382467 -0.4907543 -0.4116004 -0.2279633 -0.1583079 -0.09498471
0.52 -0.5379467 -0.4904808 -0.411371 -0.2278363 -0.1582196 -0.09493177
0.53 -0.5337377 -0.4866432 -0.4081523 -0.2260536 -0.1569817 -0.094189
0.54 -0.5259976 -0.4795861 -0.4022335 -0.2227755 -0.1547052 -0.09282311
0.55 -0.5151046 -0.4696542 -0.3939035 -0.2181619 -0.1515014 -0.09090081
0.56 -0.5014366 -0.4571922 -0.3834515 -0.2123731 -0.1474814 -0.08848881
0.57 -0.4853717 -0.4425448 -0.3711666 -0.2055692 -0.1427564 -0.08565383
0.58 -0.4672879 -0.4260566 -0.3573378 -0.1979102 -0.1374376 -0.08246257
0.59 -0.4475633 -0.4080724 -0.3422543 -0.1895562 -0.1316363 -0.07898175
0.6 -0.4265758 -0.3889367 -0.326205 -0.1806674 -0.1254635 -0.07527808
0.61 -0.4047035 -0.3689944 -0.3094792 -0.1714038 -0.1190304 -0.07141827
0.62 -0.3823245 -0.34859 -0.2923658 -0.1619257 -0.1124484 -0.06746903
0.63 -0.3598168 -0.3280682 -0.275154 -0.1523930 -0.1058285 -0.06349708
0.64 -0.3375583 -0.3077738 -0.2581328 -0.1429659 -0.09928186 -0.05956912
0.65 -0.3159272 -0.2880513 -0.2415914 -0.1338045 -0.09291978 -0.05575187
0.66 -0.2952945 -0.2692391 -0.2258135 -0.1250659 -0.08685133 -0.0521108
0.67 -0.2758181 -0.2514812 -0.2109197 -0.1168171 -0.08112297 -0.04867378
0.68 -0.2574092 -0.2346966 -0.1968423 -0.1090203 -0.07570858 -0.04542515
0.69 -0.2399651 -0.2187917 -0.1835027 -0.1016323 -0.07057797 -0.04234678
0.7 -0.2233834 -0.2036731 -0.1708226 -0.09460943 -0.06570099 -0.03942059
0.71 -0.2075613 -0.1892471 -0.1587234 -0.08790833 -0.06104745 -0.03662847
0.72 -0.1923964 -0.1754202 -0.1471267 -0.08148553 -0.05658718 -0.03395231
0.73 -0.1777860 -0.1620990 -0.1359540 -0.07529759 -0.05228999 -0.03137400
0.74 -0.1636275 -0.1491898 -0.1251269 -0.06930105 -0.04812573 -0.02887544
0.75 -0.1498183 -0.1365991 -0.1145669 -0.06345246 -0.04406421 -0.02643853
0.76 -0.1362559 -0.1242333 -0.1041957 -0.05770837 -0.04007526 -0.02404516
0.77 -0.1228376 -0.1119990 -0.09393462 -0.05202533 -0.0361287 -0.02167722
0.78 -0.1094608 -0.09980252 -0.08370534 -0.04635988 -0.03219436 -0.01931662
0.79 -0.09602303 -0.08755041 -0.07342938 -0.04066858 -0.02824207 -0.01694524
0.8 -0.08242158 -0.07514909 -0.06302827 -0.03490796 -0.02424164 -0.01454499
0.81 -0.0685539 -0.06250503 -0.05242357 -0.02903459 -0.02016291 -0.01209775
0.82 -0.05431738 -0.04952467 -0.04153682 -0.02300501 -0.0159757 -0.00958542
0.83 -0.03960944 -0.03611449 -0.03028957 -0.01677576 -0.01164983 -0.006989901
0.84 -0.02432747 -0.02218093 -0.01860336 -0.0103034 -0.00715514 -0.004293084
0.85 -0.008368894 -0.007630462 -0.006399743 -0.003544473 -0.002461440 -0.001476864
0.86 0.008368894 0.007630462 0.006399743 0.003544473 0.002461440 0.001476864
0.87 0.02598471 0.02369194 0.01987066 0.01100529 0.007642561 0.004585537
0.88 0.04444866 0.04052672 0.03399015 0.01882531 0.01307313 0.00784388
0.89 0.0635735 0.05796408 0.04861503 0.02692525 0.01869809 0.01121885
0.9 0.08316244 0.07582458 0.06359481 0.03522174 0.02445954 0.01467572
0.91 0.1030186 0.09392876 0.07877896 0.04363142 0.0302996 0.01817976
0.92 0.1229453 0.1120972 0.09401699 0.05207095 0.03616038 0.02169623
0.93 0.1427456 0.1301504 0.1091584 0.06045695 0.04198399 0.02519040
0.94 0.1622227 0.1479089 0.1240526 0.06870607 0.04771255 0.02862753
0.95 0.1811798 0.1651933 0.1385492 0.07673496 0.05328817 0.0319729
0.96 0.1994201 0.1818242 0.1524977 0.08446026 0.05865296 0.03519177
0.97 0.2167467 0.197622 0.1657475 0.0917986 0.06374903 0.03824942
0.98 0.2329629 0.2124074 0.1781481 0.09866664 0.0685185 0.0411111
0.99 0.2478718 0.2260008 0.1895490 0.104981 0.07290348 0.04374209
1 0.2612767 0.2382228 0.1997998 0.1106584 0.07684608 0.04610765
