# IsPeriodic: True
# Period: 21.38956 days
# Normalization: <g_mag>=0
# IsNoisy: False
#
#
0.01 0.6179976 0.5634684 0.4725864 0.2617401 0.181764 0.1090584
0.02 0.6736697 0.6142283 0.5151592 0.2853189 0.1981381 0.1188829
0.03 0.7547682 0.688171 0.5771757 0.3196665 0.2219906 0.1331944
0.04 0.8681298 0.79153 0.6638639 0.3676785 0.2553323 0.1531994
0.05 1.017553 0.9277687 0.7781286 0.4309635 0.2992802 0.1795681
0.06 1.185181 1.080606 0.9063146 0.5019589 0.3485825 0.2091495
0.07 1.343756 1.225189 1.027578 0.56912 0.3952223 0.2371334
0.08 1.465982 1.336631 1.121045 0.6208864 0.4311711 0.2587027
0.09 1.530603 1.39555 1.170461 0.6482555 0.4501774 0.2701064
0.1 1.542640 1.406525 1.179666 0.6533535 0.4537177 0.2722306
0.11 1.514258 1.380647 1.157962 0.6413328 0.44537 0.267222
0.12 1.457622 1.329008 1.114652 0.6173456 0.4287122 0.2572273
0.13 1.384896 1.262699 1.059038 0.5865442 0.4073224 0.2443934
0.14 1.308246 1.192813 1.000424 0.5540808 0.3847784 0.230867
0.15 1.239838 1.130440 0.9481113 0.5251078 0.3646582 0.2187949
0.16 1.191801 1.086642 0.9113775 0.5047629 0.3505298 0.2103179
0.17 1.170961 1.067641 0.8954405 0.4959363 0.3444002 0.2066401
0.18 1.173118 1.069608 0.8970903 0.49685 0.3450347 0.2070208
0.19 1.192704 1.087466 0.9120679 0.5051453 0.3507953 0.2104772
0.2 1.224149 1.116136 0.9361143 0.5184633 0.360044 0.2160264
0.21 1.261885 1.150542 0.9649707 0.5344453 0.3711426 0.2226855
0.22 1.300340 1.185604 0.994378 0.5507324 0.3824531 0.2294718
0.23 1.333947 1.216246 1.020077 0.5649658 0.3923374 0.2354024
0.24 1.357135 1.237388 1.037809 0.5747868 0.3991575 0.2394945
0.25 1.364336 1.243953 1.043316 0.5778364 0.4012753 0.2407652
0.26 1.349979 1.230863 1.032337 0.5717559 0.3970527 0.2382316
0.27 1.308496 1.193040 1.000614 0.5541864 0.3848517 0.230911
0.28 1.234407 1.125489 0.9439585 0.5228078 0.363061 0.2178366
0.29 1.127957 1.028431 0.8625552 0.4777229 0.331752 0.1990512
0.3 0.9984083 0.9103134 0.7634887 0.4228553 0.2936495 0.1761897
0.31 0.8558199 0.7803063 0.6544505 0.3624649 0.2517117 0.1510270
0.32 0.7102498 0.6475807 0.5431322 0.3008117 0.208897 0.1253382
0.33 0.5716905 0.5212472 0.4371751 0.2421277 0.1681443 0.1008866
0.34 0.4450996 0.4058261 0.3403703 0.1885128 0.1309116 0.07854699
0.35 0.3269308 0.298084 0.2500059 0.1384648 0.09615613 0.05769368
0.36 0.2128180 0.1940399 0.1627432 0.09013467 0.06259352 0.03755611
0.37 0.09843759 0.08975192 0.0752758 0.04169121 0.02895223 0.01737134
0.38 -0.01810639 -0.01650877 -0.01384606 -0.007668588 -0.005325408 -0.003195245
0.39 -0.1350260 -0.1231119 -0.1032552 -0.05718747 -0.03971352 -0.02382811
0.4 -0.2502252 -0.2281465 -0.1913487 -0.1059778 -0.07359566 -0.0441574
0.41 -0.3616083 -0.3297017 -0.276524 -0.1531518 -0.1063554 -0.06381323
0.42 -0.4670793 -0.4258664 -0.3571783 -0.1978218 -0.1373763 -0.08242575
0.43 -0.5645422 -0.5147297 -0.4317087 -0.2391002 -0.1660418 -0.0996251
0.44 -0.6519012 -0.5943805 -0.4985127 -0.2760993 -0.1917356 -0.1150414
0.45 -0.7270975 -0.6629418 -0.5560157 -0.3079472 -0.2138522 -0.1283113
0.46 -0.7893092 -0.7196642 -0.6035894 -0.3342957 -0.2321498 -0.1392899
0.47 -0.8392121 -0.765164 -0.6417505 -0.355431 -0.2468271 -0.1480963
0.48 -0.877572 -0.8001392 -0.6710845 -0.3716776 -0.2581094 -0.1548656
0.49 -0.9051543 -0.8252878 -0.6921769 -0.3833595 -0.2662219 -0.1597331
0.5 -0.9227248 -0.8413079 -0.7056131 -0.3908011 -0.2713896 -0.1628338
0.51 -0.931049 -0.8488976 -0.7119786 -0.3943266 -0.2738379 -0.1643028
0.52 -0.9308925 -0.8487549 -0.711859 -0.3942603 -0.2737919 -0.1642751
0.53 -0.923021 -0.8415779 -0.7058395 -0.3909265 -0.2714767 -0.1628860
0.54 -0.9082 -0.8280647 -0.6945058 -0.3846494 -0.2671176 -0.1602706
0.55 -0.8871952 -0.8089132 -0.6784434 -0.3757532 -0.2609398 -0.1565639
0.56 -0.8607721 -0.7848217 -0.6582375 -0.3645623 -0.2531683 -0.1519010
0.57 -0.8296965 -0.756488 -0.6344738 -0.3514009 -0.2440284 -0.1464170
0.58 -0.794734 -0.7246104 -0.6077377 -0.3365932 -0.2337453 -0.1402472
0.59 -0.75665 -0.6898868 -0.5786147 -0.3204635 -0.2225441 -0.1335265
0.6 -0.7162103 -0.6530153 -0.5476902 -0.3033361 -0.2106501 -0.1263901
0.61 -0.6741805 -0.614694 -0.5155498 -0.2855353 -0.1982884 -0.1189730
0.62 -0.6313261 -0.5756209 -0.4827788 -0.2673852 -0.1856841 -0.1114105
0.63 -0.5884128 -0.536494 -0.4499627 -0.2492101 -0.1730626 -0.1038376
0.64 -0.5462063 -0.4980116 -0.4176871 -0.2313344 -0.1606489 -0.09638934
0.65 -0.505472 -0.4608715 -0.3865374 -0.2140823 -0.1486682 -0.08920094
0.66 -0.4669757 -0.4257720 -0.3570991 -0.1977779 -0.1373458 -0.08240747
0.67 -0.4314829 -0.3934109 -0.3299575 -0.1827457 -0.1269067 -0.07614404
0.68 -0.399756 -0.3644834 -0.3056958 -0.1693084 -0.1175753 -0.07054517
0.69 -0.3721573 -0.3393199 -0.2845909 -0.1576196 -0.1094580 -0.06567482
0.7 -0.3482742 -0.3175441 -0.2663273 -0.1475044 -0.1024336 -0.06146015
0.71 -0.327605 -0.2986987 -0.2505215 -0.1387503 -0.0963544 -0.05781264
0.72 -0.3096481 -0.2823262 -0.2367897 -0.1311451 -0.09107296 -0.05464378
0.73 -0.2939018 -0.2679693 -0.2247485 -0.1244761 -0.08644172 -0.05186503
0.74 -0.2798647 -0.2551708 -0.2140142 -0.1185309 -0.08231315 -0.04938789
0.75 -0.267035 -0.2434731 -0.2042032 -0.1130972 -0.07853971 -0.04712383
0.76 -0.2549112 -0.232419 -0.1949321 -0.1079624 -0.07497387 -0.04498432
0.77 -0.2429916 -0.2215511 -0.1858171 -0.1029141 -0.0714681 -0.04288086
0.78 -0.2307746 -0.2104121 -0.1764747 -0.09773982 -0.06787487 -0.04072492
0.79 -0.2177586 -0.1985446 -0.1665213 -0.09222716 -0.06404664 -0.03842798
0.8 -0.203442 -0.1854912 -0.1555733 -0.08616366 -0.05983588 -0.03590153
0.81 -0.1873232 -0.1707947 -0.1432471 -0.07933687 -0.05509505 -0.03305703
0.82 -0.1689005 -0.1539975 -0.1291592 -0.07153433 -0.04967662 -0.02980597
0.83 -0.1476724 -0.1346425 -0.1129260 -0.0625436 -0.04343306 -0.02605984
0.84 -0.1231372 -0.1122722 -0.09416376 -0.05215224 -0.03621683 -0.0217301
0.85 -0.09479338 -0.08642926 -0.07248905 -0.04014778 -0.02788041 -0.01672824
0.86 -0.06213923 -0.05665636 -0.04751824 -0.02631779 -0.01827625 -0.01096575
0.87 -0.02467318 -0.02249614 -0.01886773 -0.01044982 -0.007256819 -0.004354091
0.88 0.01810639 0.01650877 0.01384606 0.007668588 0.005325408 0.003195245
0.89 0.0667011 0.0608157 0.05100672 0.02824988 0.01961797 0.01177078
0.9 0.1216125 0.1108820 0.09299783 0.05150649 0.0357684 0.02146104
0.91 0.1832214 0.1670548 0.1401105 0.07759967 0.05388866 0.03233320
0.92 0.2495952 0.2275721 0.1908669 0.1057109 0.07341034 0.04404621
0.93 0.3167212 0.2887752 0.2421986 0.1341408 0.0931533 0.05589198
0.94 0.3805131 0.3469384 0.2909806 0.1611585 0.1119156 0.06714937
0.95 0.4368843 0.3983357 0.334088 0.1850333 0.1284954 0.07709723
0.96 0.4817482 0.439241 0.3683957 0.2040345 0.1416907 0.08501439
0.97 0.5128389 0.4675884 0.3921709 0.2172024 0.1508350 0.09050098
0.98 0.5351725 0.4879514 0.4092495 0.2266613 0.1574037 0.0944422
0.99 0.5555856 0.5065634 0.4248596 0.2353069 0.1634075 0.09804453
1 0.5809151 0.5296579 0.4442292 0.2460346 0.1708574 0.1025144
