# Wavelength (Nm)     Mean
2.900099999999999909e+02 9.126129600000000286e-01
2.900872140760000093e+02 9.064945334899999763e-01
2.901644281519999709e+02 9.045541275070000387e-01
2.902416422289999787e+02 9.050436305569999895e-01
2.903188563049999971e+02 9.024377158359999651e-01
2.903960703809999586e+02 8.997185398239999632e-01
2.904732844569999770e+02 8.953172608210000494e-01
2.905504985339999848e+02 8.941720577709999507e-01
2.906277126100000032e+02 8.920161127269999879e-01
2.907049266860000216e+02 8.876369286220000543e-01
2.907821407620000400e+02 8.859705812320000096e-01
2.908593548389999910e+02 8.877951225810000180e-01
2.909365689150000094e+02 8.921274856890000216e-01
2.910137829910000278e+02 8.948591782400000527e-01
2.910909970669999893e+02 8.942951487389999565e-01
2.911682111439999971e+02 8.947192676249999810e-01
2.912454252200000155e+02 8.949346513779999901e-01
2.913226392959999771e+02 8.924468727269999624e-01
2.913998533719999955e+02 8.890650443990000262e-01
2.914770674490000033e+02 8.876572841059999774e-01
2.915542815249999649e+02 8.871733771850000005e-01
2.916314956009999833e+02 8.912868019349999837e-01
2.917087096770000016e+02 8.967143864519999674e-01
2.917859237540000095e+02 8.993663134310000418e-01
2.918631378300000279e+02 9.029399857480000513e-01
2.919403519059999894e+02 9.063992521410000336e-01
2.920175659820000078e+02 9.089428699710000448e-01
2.920947800590000156e+02 9.093642018769999558e-01
2.921719941350000340e+02 9.069844814080000317e-01
2.922492082109999956e+02 9.069372133719999507e-01
2.923264222870000140e+02 9.078817401169999579e-01
2.924036363640000218e+02 9.090361654549999892e-01
2.924808504399999833e+02 9.121174905569999769e-01
2.925580645160000017e+02 9.132595141939999772e-01
2.926352785919999633e+02 9.146805843399999914e-01
2.927124926689999711e+02 9.136411388859999594e-01
2.927897067449999895e+02 9.101538480940000175e-01
2.928669208210000079e+02 9.078789876249999669e-01
2.929441348970000263e+02 9.050971615249999713e-01
2.930213489740000341e+02 9.049031363639999936e-01
2.930985630499999957e+02 9.060757888560000417e-01
2.931757771260000141e+02 9.058434904400000098e-01
2.932529912020000324e+02 9.090853194129999704e-01
2.933302052789999834e+02 9.111914661000000137e-01
2.934074193550000018e+02 9.126386754840000171e-01
2.934846334310000202e+02 9.130792893260000209e-01
2.935618475069999818e+02 9.129919340180000509e-01
2.936390615839999896e+02 9.116570426390000481e-01
2.937162756600000080e+02 9.124161035779999596e-01
2.937934897359999695e+02 9.122179388269999745e-01
2.938707038119999879e+02 9.130693960700000389e-01
2.939479178889999957e+02 9.124735975369999696e-01
2.940251319650000141e+02 9.118042251029999656e-01
2.941023460410000325e+02 9.095093773019999883e-01
2.941795601169999941e+02 9.052607814080000370e-01
2.942567741940000019e+02 9.004854025809999607e-01
2.943339882700000203e+02 8.985053295010000385e-01
2.944112023459999818e+02 8.987407190030000104e-01
2.944884164220000002e+02 8.993526185919999971e-01
2.945656304990000081e+02 9.019219853959999922e-01
2.946428445749999696e+02 9.053671036949999529e-01
2.947200586509999880e+02 9.087722849849999562e-01
2.947972727270000064e+02 9.090213036359999776e-01
2.948744868039999574e+02 9.079865318480000447e-01
2.949517008799999758e+02 9.054202576540000269e-01
2.950289149559999942e+02 9.031264107919999562e-01
2.951061290320000126e+02 8.993762980649999683e-01
2.951833431090000204e+02 9.004967826390000152e-01
2.952605571850000388e+02 9.020834565399999949e-01
2.953377712610000003e+02 9.027941672729999922e-01
2.954149853370000187e+02 9.035885981229999642e-01
2.954921994129999803e+02 9.051585426389999745e-01
2.955694134899999881e+02 9.065748699710000080e-01
2.956466275660000065e+02 9.070773414080000041e-01
2.957238416419999680e+02 9.063620871549999958e-01
2.958010557179999864e+02 9.079119899119999504e-01
2.958782697949999942e+02 9.103054956010000476e-01
2.959554838709999558e+02 9.101163451610000399e-01
2.960326979469999742e+02 9.098235648089999517e-01
2.961099120229999926e+02 9.117152480939999526e-01
2.961871261000000004e+02 9.127346775950000435e-01
2.962643401760000188e+02 9.103531119650000170e-01
2.963415542520000372e+02 9.084432163050000231e-01
2.964187683279999987e+02 9.075606809380000195e-01
2.964959824050000066e+02 9.071523890320000172e-01
2.965731964810000250e+02 9.059499254549999714e-01
2.966504105569999865e+02 9.046681835190000243e-01
2.967276246330000049e+02 9.044309268619999953e-01
2.968048387100000127e+02 9.023717148390000276e-01
2.968820527859999743e+02 9.003592838120000330e-01
2.969592668619999927e+02 8.968263523749999688e-01
2.970364809380000111e+02 8.952658530789999736e-01
2.971136950149999620e+02 8.945600154839999929e-01
2.971909090909999804e+02 8.959570127270000128e-01
2.972681231669999988e+02 8.973747214080000090e-01
2.973453372430000172e+02 8.985311020530000192e-01
2.974225513200000250e+02 9.005804147799999493e-01
2.974997653960000434e+02 9.054465882700000190e-01
2.975769794720000050e+02 9.080066533139999896e-01
2.976541935480000234e+02 9.085987329029999726e-01
2.977314076250000312e+02 9.074666638120000295e-01
2.978086217009999928e+02 9.073042758939999786e-01
2.978858357770000111e+02 9.059030177710000187e-01
2.979630498529999727e+02 9.043271941349999565e-01
2.980402639299999805e+02 9.027204032840000503e-01
2.981174780059999989e+02 9.007411661580000395e-01
2.981946920819999605e+02 9.015937955430000095e-01
2.982719061579999789e+02 8.999662157179999511e-01
2.983491202349999867e+02 8.980744540759999506e-01
2.984263343110000051e+02 8.985443600000000419e-01
2.985035483870000235e+02 8.981448967740000011e-01
2.985807624630000419e+02 8.974275299120000327e-01
2.986579765399999928e+02 8.974071681519999455e-01
2.987351906160000112e+02 8.979689261000000089e-01
2.988124046920000296e+02 9.004769877420000235e-01
2.988896187679999912e+02 9.000991804110000105e-01
2.989668328449999990e+02 9.015539495600000119e-01
2.990440469210000174e+02 9.018230873900000555e-01
2.991212609969999789e+02 9.030101841059999801e-01
2.991984750729999973e+02 9.004623701470000352e-01
2.992756891500000052e+02 9.014170808210000274e-01
2.993529032259999667e+02 9.045194741940000283e-01
2.994301173019999851e+02 9.043419476249999756e-01
2.995073313780000035e+02 9.045340751910000421e-01
2.995845454550000113e+02 9.032691600000000154e-01
2.996617595310000297e+02 9.042237315540000431e-01
2.997389736069999913e+02 9.041359484459999818e-01
2.998161876830000097e+02 9.003022855719999828e-01
2.998934017600000175e+02 8.978117619940000349e-01
2.999706158359999790e+02 8.938727642820000208e-01
3.000478299119999974e+02 8.945567296190000128e-01
3.001250439880000158e+02 8.933454641639999583e-01
3.002022580649999668e+02 8.920865193550000516e-01
3.002794721409999852e+02 8.942227838120000438e-01
3.003566862170000036e+02 9.008470977129999779e-01
3.004339002929999651e+02 9.047298074490000008e-01
3.005111143699999730e+02 9.051017731379999987e-01
3.005883284459999913e+02 9.040682951909999598e-01
3.006655425220000097e+02 9.035979800000000228e-01
3.007427565980000281e+02 9.055904270969999947e-01
3.008199706739999897e+02 9.038348224050000157e-01
3.008971847509999975e+02 9.018244441639999831e-01
3.009743988270000159e+02 9.021698283869999946e-01
3.010516129029999775e+02 9.024956019350000025e-01
3.011288269789999958e+02 9.025894037539999859e-01
3.012060410560000037e+02 9.010065255720000055e-01
3.012832551320000221e+02 8.974947434019999726e-01
3.013604692079999836e+02 8.948207151320000108e-01
3.014376832840000020e+02 8.895343277420000305e-01
3.015148973610000098e+02 8.897844192960000509e-01
3.015921114369999714e+02 8.898594163049999839e-01
3.016693255129999898e+02 8.903248148389999450e-01
3.017465395890000082e+02 8.916592743700000323e-01
3.018237536660000160e+02 8.907264580060000325e-01
3.019009677420000344e+02 8.919149645160000528e-01
3.019781818179999959e+02 8.918240163639999940e-01
3.020553958940000143e+02 8.902489321409999823e-01
3.021326099710000221e+02 8.902524769499999824e-01
3.022098240469999837e+02 8.916334434599999526e-01
3.022870381230000021e+02 8.921236179470000138e-01
3.023642521990000205e+02 8.931710877420000472e-01
3.024414662759999715e+02 8.929850315539999972e-01
3.025186803519999899e+02 8.952120012900000035e-01
3.025958944280000082e+02 8.940697423460000071e-01
3.026731085039999698e+02 8.896332235189999826e-01
3.027503225809999776e+02 8.903976896769999483e-01
3.028275366569999960e+02 8.926964265100000295e-01
3.029047507330000144e+02 8.929665799410000382e-01
3.029819648090000328e+02 8.938389508499999803e-01
3.030591788860000406e+02 8.927035697359999578e-01
3.031363929620000022e+02 8.958790673309999786e-01
3.032136070380000206e+02 8.968048368909999901e-01
3.032908211139999821e+02 8.951896541939999841e-01
3.033680351909999899e+02 8.934128958360000317e-01
3.034452492670000083e+02 8.913899695010000235e-01
3.035224633429999699e+02 8.911151174779999851e-01
3.035996774189999883e+02 8.921144941940000184e-01
3.036768914959999961e+02 8.923054541349999536e-01
3.037541055719999576e+02 8.919419232259999664e-01
3.038313196479999760e+02 8.925302340180000238e-01
3.039085337239999944e+02 8.941555462169999968e-01
3.039857478010000023e+02 8.952695972430000371e-01
3.040629618770000206e+02 8.961506266280000466e-01
3.041401759530000390e+02 8.973736016419999739e-01
3.042173900290000006e+02 8.975098486220000060e-01
3.042946041060000084e+02 9.002965428739999609e-01
3.043718181820000268e+02 9.015994890909999615e-01
3.044490322579999884e+02 9.046520264520000465e-01
3.045262463340000068e+02 9.073441115539999657e-01
3.046034604110000146e+02 9.057826726100000059e-01
3.046806744869999761e+02 9.061574360120000504e-01
3.047578885629999945e+02 9.053900939590000529e-01
3.048351026389999561e+02 9.048069194129999548e-01
3.049123167159999639e+02 9.019296207620000061e-01
3.049895307919999823e+02 8.978738246330000283e-01
3.050667448680000007e+02 8.965088809969999906e-01
3.051439589440000191e+02 8.980544927269999977e-01
3.052211730210000269e+02 8.979378398830000219e-01
3.052983870970000453e+02 8.969526025809999581e-01
3.053756011730000068e+02 8.966344631670000176e-01
3.054528152490000252e+02 8.998334700290000487e-01
3.055300293260000331e+02 8.999989838120000529e-01
3.056072434019999946e+02 8.985526810559999467e-01
3.056844574780000130e+02 8.975741816419999797e-01
3.057616715539999745e+02 8.981065314959999490e-01
3.058388856299999929e+02 8.973154441059999487e-01
3.059160997070000008e+02 8.967735968910000022e-01
3.059933137829999623e+02 8.960816895009999783e-01
3.060705278589999807e+02 8.959220595310000146e-01
3.061477419349999991e+02 8.943277458060000518e-01
3.062249560120000069e+02 8.907623116130000129e-01
3.063021700880000253e+02 8.904486600590000300e-01
3.063793841640000437e+02 8.904101087389999503e-01
3.064565982400000053e+02 8.876135679769999731e-01
3.065338123170000131e+02 8.841933470970000375e-01
3.066110263930000315e+02 8.830040738419999702e-01
3.066882404689999930e+02 8.847100140179999794e-01
3.067654545450000114e+02 8.865932472730000402e-01
3.068426686220000192e+02 8.880850769500000519e-01
3.069198826979999808e+02 8.891237616420000212e-01
3.069970967739999992e+02 8.909179051610000011e-01
3.070743108499999607e+02 8.966403291500000261e-01
3.071515249269999686e+02 8.985972317299999457e-01
3.072287390029999870e+02 8.988602069790000426e-01
3.073059530790000053e+02 8.959006299709999510e-01
3.073831671550000237e+02 8.918996269790000486e-01
3.074603812320000316e+02 8.901906521410000162e-01
3.075375953079999931e+02 8.943862029329999741e-01
3.076148093840000115e+02 8.983650069209999645e-01
3.076920234600000299e+02 9.020394113199999842e-01
3.077692375369999809e+02 9.066888031669999570e-01
3.078464516129999993e+02 9.157239741939999789e-01
3.079236656890000177e+02 9.261082917299999773e-01
3.080008797649999792e+02 9.306890480349999661e-01
3.080780938419999870e+02 9.312073571850000286e-01
3.081553079180000054e+02 9.321132284459999751e-01
3.082325219939999670e+02 9.349163702049999580e-01
3.083097360699999854e+02 9.371284959529999625e-01
3.083869501469999932e+02 9.339185929030000555e-01
3.084641642230000116e+02 9.358010258059999975e-01
3.085413782990000300e+02 9.354590675659999466e-01
3.086185923749999915e+02 9.359970622869999701e-01
3.086958064519999994e+02 9.361673819350000425e-01
3.087730205280000177e+02 9.350109786510000243e-01
3.088502346039999793e+02 9.349076151320000472e-01
3.089274486799999977e+02 9.349087104400000126e-01
3.090046627570000055e+02 9.340801646330000318e-01
3.090818768329999671e+02 9.346247863929999511e-01
3.091590909089999855e+02 9.349848890909999710e-01
3.092363049850000039e+02 9.359964425810000099e-01
3.093135190619999548e+02 9.364757367739999783e-01
3.093907331379999732e+02 9.379590242230000374e-01
3.094679472139999916e+02 9.380103992380000033e-01
3.095451612900000100e+02 9.355963122579999958e-01
3.096223753670000178e+02 9.335788418770000208e-01
3.096995894430000362e+02 9.325315800000000266e-01
3.097768035189999978e+02 9.313250428739999753e-01
3.098540175950000162e+02 9.312744752489999778e-01
3.099312316720000240e+02 9.315827058650000270e-01
3.100084457479999855e+02 9.304606227570000332e-01
3.100856598240000039e+02 9.325256304400000307e-01
3.101628739000000223e+02 9.347365657480000145e-01
3.102400879769999733e+02 9.360431287389999744e-01
3.103173020529999917e+02 9.374610475069999893e-01
3.103945161290000101e+02 9.364467670970000324e-01
3.104717302049999716e+02 9.379569678589999571e-01
3.105489442819999795e+02 9.391897232260000283e-01
3.106261583579999979e+02 9.374482043990000069e-01
3.107033724340000163e+02 9.356820561290000171e-01
3.107805865100000347e+02 9.330638109090000354e-01
3.108578005870000425e+02 9.313427515540000368e-01
3.109350146630000040e+02 9.304296543700000255e-01
3.110122287390000224e+02 9.280540834599999567e-01
3.110894428149999840e+02 9.272677883280000533e-01
3.111666568910000024e+02 9.271080613490000344e-01
3.112438709680000102e+02 9.283909387100000021e-01
3.113210850439999717e+02 9.319072380649999765e-01
3.113982991199999901e+02 9.328473612319999608e-01
3.114755131960000085e+02 9.352882605279999595e-01
3.115527272729999595e+02 9.366592963640000269e-01
3.116299413489999779e+02 9.357248921990000134e-01
3.117071554249999963e+02 9.354984571259999937e-01
3.117843695010000147e+02 9.336979419349999976e-01
3.118615835780000225e+02 9.320075616420000486e-01
3.119387976540000409e+02 9.327178968329999931e-01
3.120160117300000024e+02 9.316774795309999968e-01
3.120932258060000208e+02 9.312108090320000420e-01
3.121704398830000287e+02 9.336749083869999577e-01
3.122476539589999902e+02 9.328547758940000101e-01
3.123248680350000086e+02 9.337755829910000527e-01
3.124020821109999702e+02 9.306819724339999711e-01
3.124792961879999780e+02 9.277486184750000087e-01
3.125565102639999964e+02 9.301817576540000188e-01
3.126337243399999579e+02 9.277337340179999670e-01
3.127109384159999763e+02 9.258898748970000314e-01
3.127881524929999841e+02 9.250583449849999473e-01
3.128653665690000025e+02 9.274709178300000190e-01
3.129425806450000209e+02 9.291182832259999858e-01
3.130197947210000393e+02 9.281395167160000348e-01
3.130970087979999903e+02 9.293205724340000140e-01
3.131742228740000087e+02 9.295646792380000134e-01
3.132514369500000271e+02 9.279829658060000375e-01
3.133286510259999886e+02 9.267659828740000272e-01
3.134058651029999965e+02 9.259769083279999480e-01
3.134830791790000148e+02 9.256446851030000200e-01
3.135602932549999764e+02 9.243569384159999736e-01
3.136375073309999948e+02 9.237534438119999747e-01
3.137147214080000026e+02 9.207243053370000041e-01
3.137919354839999642e+02 9.203369548390000210e-01
3.138691495599999826e+02 9.214735622290000094e-01
3.139463636360000010e+02 9.225682563639999723e-01
3.140235777130000088e+02 9.224537075659999807e-01
3.141007917890000272e+02 9.223628469210000125e-01
3.141780058649999887e+02 9.244421056299999551e-01
3.142552199410000071e+02 9.274277696770000246e-01
3.143324340180000149e+02 9.268635951910000337e-01
3.144096480940000333e+02 9.254451310850000390e-01
3.144868621699999949e+02 9.246971528449999811e-01
3.145640762460000133e+02 9.255472418179999661e-01
3.146412903230000211e+02 9.240271070969999778e-01
3.147185043989999826e+02 9.233831210559999558e-01
3.147957184750000010e+02 9.213206290319999603e-01
3.148729325509999626e+02 9.179235310850000218e-01
3.149501466279999704e+02 9.203841301470000458e-01
3.150273607039999888e+02 9.220395103230000222e-01
3.151045747800000072e+02 9.230598137829999494e-01
3.151817888560000256e+02 9.240120039879999858e-01
3.152590029330000334e+02 9.238630172430000176e-01
3.153362170089999950e+02 9.251527411140000323e-01
3.154134310850000134e+02 9.257460097949999911e-01
3.154906451610000317e+02 9.246023083869999715e-01
3.155678592379999827e+02 9.236512020529999978e-01
3.156450733140000011e+02 9.237232427570000182e-01
3.157222873900000195e+02 9.262015121409999940e-01
3.157995014659999811e+02 9.295353765980000071e-01
3.158767155429999889e+02 9.305500842230000069e-01
3.159539296190000073e+02 9.320062869209999601e-01
3.160311436949999688e+02 9.312401131380000363e-01
3.161083577709999872e+02 9.285058751320000026e-01
3.161855718479999950e+02 9.258553665690000267e-01
3.162627859240000134e+02 9.240407651030000391e-01
3.163400000000000318e+02 9.238463799999999670e-01
3.164172140759999934e+02 9.235626624049999567e-01
3.164944281520000118e+02 9.218474500290000373e-01
3.165716422290000196e+02 9.231299297360000544e-01
3.166488563049999811e+02 9.243005378890000179e-01
3.167260703809999995e+02 9.242713481519999608e-01
3.168032844570000179e+02 9.246955597649999525e-01
3.168804985339999689e+02 9.235738565400000155e-01
3.169577126099999873e+02 9.211007452199999612e-01
3.170349266860000057e+02 9.204624300289999672e-01
3.171121407619999673e+02 9.196627150730000144e-01
3.171893548389999751e+02 9.196881987099999600e-01
3.172665689149999935e+02 9.183185594130000018e-01
3.173437829910000119e+02 9.165969008209999824e-01
3.174209970670000303e+02 9.175910601760000063e-01
3.174982111440000381e+02 9.199482144870000377e-01
3.175754252199999996e+02 9.243776811730000098e-01
3.176526392960000180e+02 9.264835769500000540e-01
3.177298533719999796e+02 9.264234808800000387e-01
3.178070674489999874e+02 9.274537091500000274e-01
3.178842815250000058e+02 9.300273944870000031e-01
3.179614956009999673e+02 9.292120588269999759e-01
3.180387096769999857e+02 9.270366619350000059e-01
3.181159237539999936e+02 9.259388273899999966e-01
3.181931378299999551e+02 9.267362459239999462e-01
3.182703519059999735e+02 9.292226046920000204e-01
3.183475659819999919e+02 9.286054998239999803e-01
3.184247800589999997e+02 9.268352821109999695e-01
3.185019941350000181e+02 9.248168638710000389e-01
3.185792082110000365e+02 9.228651775370000365e-01
3.186564222869999981e+02 9.196660893839999629e-01
3.187336363640000059e+02 9.147941236359999895e-01
3.188108504400000243e+02 9.113545856300000469e-01
3.188880645159999858e+02 9.127898780650000043e-01
3.189652785920000042e+02 9.137108049850000135e-01
3.190424926690000120e+02 9.166347114370000382e-01
3.191197067449999736e+02 9.201383650440000395e-01
3.191969208209999920e+02 9.216001419349999502e-01
3.192741348970000104e+02 9.204317951910000462e-01
3.193513489739999613e+02 9.201540439880000477e-01
3.194285630499999797e+02 9.184790454550000316e-01
3.195057771259999981e+02 9.195695065100000232e-01
3.195829912020000165e+02 9.174814835779999678e-01
3.196602052790000243e+02 9.147266775950000373e-01
3.197374193550000427e+02 9.186066245159999477e-01
3.198146334310000043e+02 9.185062354249999839e-01
3.198918475070000227e+02 9.173404846920000244e-01
3.199690615840000305e+02 9.181911283279999836e-01
3.200462756599999921e+02 9.178980767740000379e-01
3.201234897360000105e+02 9.204873402929999449e-01
3.202007038119999720e+02 9.202652990030000257e-01
3.202779178889999798e+02 9.197761419350000134e-01
3.203551319649999982e+02 9.237213297949999902e-01
3.204323460409999598e+02 9.225545082110000461e-01
3.205095601169999782e+02 9.217348729619999625e-01
3.205867741939999860e+02 9.203597406450000351e-01
3.206639882700000044e+02 9.199497253959999510e-01
3.207412023460000228e+02 9.217750124339999518e-01
3.208184164220000412e+02 9.224221431089999479e-01
3.208956304989999921e+02 9.194779965399999533e-01
3.209728445750000105e+02 9.201643007619999537e-01
3.210500586510000289e+02 9.201652684459999954e-01
3.211272727269999905e+02 9.213744109089999634e-01
3.212044868039999983e+02 9.221929187680000251e-01
3.212817008800000167e+02 9.211409629329999627e-01
3.213589149559999782e+02 9.225366260999999790e-01
3.214361290319999966e+02 9.265507296770000289e-01
3.215133431090000045e+02 9.280069677419999774e-01
3.215905571849999660e+02 9.287108787679999589e-01
3.216677712609999844e+02 9.276646469789999738e-01
3.217449853370000028e+02 9.288917397649999463e-01
3.218221994130000212e+02 9.301252607040000342e-01
3.218994134900000290e+02 9.288544841639999605e-01
3.219766275659999906e+02 9.267019723749999605e-01
3.220538416420000090e+02 9.252073824630000498e-01
3.221310557180000274e+02 9.246087466279999667e-01
3.222082697949999783e+02 9.241038019349999688e-01
3.222854838709999967e+02 9.230014625810000206e-01
3.223626979470000151e+02 9.210918597649999651e-01
3.224399120229999767e+02 9.221837679180000524e-01
3.225171260999999845e+02 9.228707711439999573e-01
3.225943401760000029e+02 9.226279445749999697e-01
3.226715542519999644e+02 9.220459720229999823e-01
3.227487683279999828e+02 9.225848925509999576e-01
3.228259824049999906e+02 9.211876285040000445e-01
3.229031964810000090e+02 9.199310282110000347e-01
3.229804105570000274e+02 9.185359009379999717e-01
3.230576246329999890e+02 9.189156637540000228e-01
3.231348387099999968e+02 9.190946974189999619e-01
3.232120527860000152e+02 9.172401493840000031e-01
3.232892668620000336e+02 9.153945899119999563e-01
3.233664809379999951e+02 9.172769457480000055e-01
3.234436950150000030e+02 9.186631508500000542e-01
3.235209090910000214e+02 9.189943927270000090e-01
3.235981231669999829e+02 9.148443828740000505e-01
3.236753372430000013e+02 9.147208290320000268e-01
3.237525513200000091e+02 9.192037910850000548e-01
3.238297653959999707e+02 9.194930459240000520e-01
3.239069794719999891e+02 9.181699864519999865e-01
3.239841935480000075e+02 9.188013825809999702e-01
3.240614076250000153e+02 9.195547716719999487e-01
3.241386217010000337e+02 9.218531240470000387e-01
3.242158357769999952e+02 9.172868295010000450e-01
3.242930498530000136e+02 9.154082307330000390e-01
3.243702639300000214e+02 9.164795781819999876e-01
3.244474780059999830e+02 9.165264415249999574e-01
3.245246920820000014e+02 9.167460513199999772e-01
3.246019061580000198e+02 9.149533301469999769e-01
3.246791202349999708e+02 9.148257526099999870e-01
3.247563343109999892e+02 9.172548999409999571e-01
3.248335483870000076e+02 9.164319496770000351e-01
3.249107624629999691e+02 9.129033771850000312e-01
3.249879765399999769e+02 9.103174792960000428e-01
3.250651906159999953e+02 9.117127891499999803e-01
3.251424046920000137e+02 9.127262401760000143e-01
3.252196187680000321e+02 9.137782375370000487e-01
3.252968328450000399e+02 9.130053808210000232e-01
3.253740469210000015e+02 9.153709473900000226e-01
3.254512609970000199e+02 9.200931770089999517e-01
3.255284750729999814e+02 9.228764266860000065e-01
3.256056891499999892e+02 9.219686941350000442e-01
3.256829032260000076e+02 9.227574245159999577e-01
3.257601173019999692e+02 9.224151531380000435e-01
3.258373313779999876e+02 9.231494612320000348e-01
3.259145454549999954e+02 9.222961872730000010e-01
3.259917595309999570e+02 9.192304300289999563e-01
3.260689736069999753e+02 9.194157822870000496e-01
3.261461876829999937e+02 9.187139744869999847e-01
3.262234017600000016e+02 9.182765541349999783e-01
3.263006158360000200e+02 9.176682717299999847e-01
3.263778299120000383e+02 9.188812789439999573e-01
3.264550439879999999e+02 9.178950458060000095e-01
3.265322580650000077e+02 9.147640264519999453e-01
3.266094721410000261e+02 9.159064344280000158e-01
3.266866862169999877e+02 9.175831384749999486e-01
3.267639002930000061e+02 9.162653259240000070e-01
3.268411143700000139e+02 9.113559459819999820e-01
3.269183284459999754e+02 9.101563581820000248e-01
3.269955425219999938e+02 9.152325252790000087e-01
3.270727565979999554e+02 9.180671321990000466e-01
3.271499706739999738e+02 9.178818522580000083e-01
3.272271847509999816e+02 9.198679270970000488e-01
3.273043988270000000e+02 9.228160365399999954e-01
3.273816129030000184e+02 9.243798574189999728e-01
3.274588269790000368e+02 9.223464595310000291e-01
3.275360410560000446e+02 9.178890873899999692e-01
3.276132551320000061e+02 9.168759768909999774e-01
3.276904692080000245e+02 9.141848251030000316e-01
3.277676832839999861e+02 9.106562926689999449e-01
3.278448973609999939e+02 9.099243884459999876e-01
3.279221114370000123e+02 9.094574536070000326e-01
3.279993255129999739e+02 9.094382851610000040e-01
3.280765395889999922e+02 9.057069780650000013e-01
3.281537536660000001e+02 9.024476696190000258e-01
3.282309677419999616e+02 9.039760419350000298e-01
3.283081818179999800e+02 9.075858927269999654e-01
3.283853958939999984e+02 9.090272617010000111e-01
3.284626099710000062e+02 9.115148334899999538e-01
3.285398240470000246e+02 9.154626210559999588e-01
3.286170381230000430e+02 9.210436978299999522e-01
3.286942521990000046e+02 9.229310072730000369e-01
3.287714662760000124e+02 9.209273954250000171e-01
3.288486803520000308e+02 9.191063221109999626e-01
3.289258944279999923e+02 9.183605961880000335e-01
3.290031085040000107e+02 9.182574071550000383e-01
3.290803225810000185e+02 9.183580974189999857e-01
3.291575366569999801e+02 9.204048973609999518e-01
3.292347507329999985e+02 9.204176090910000108e-01
3.293119648089999600e+02 9.191710389439999851e-01
3.293891788859999679e+02 9.185416819939999922e-01
3.294663929619999863e+02 9.192352985339999893e-01
3.295436070380000046e+02 9.198611828149999559e-01
3.296208211140000230e+02 9.187198826389999518e-01
3.296980351910000309e+02 9.177767520230000198e-01
3.297752492669999924e+02 9.184686163640000123e-01
3.298524633430000108e+02 9.199322046919999885e-01
3.299296774190000292e+02 9.181308419350000527e-01
3.300068914959999802e+02 9.160615747210000270e-01
3.300841055719999986e+02 9.130687042820000432e-01
3.301613196480000170e+02 9.093124495009999864e-01
3.302385337239999785e+02 9.045783618770000256e-01
3.303157478009999863e+02 9.017160290910000153e-01
3.303929618770000047e+02 9.001910875070000539e-01
3.304701759529999663e+02 9.010423444570000440e-01
3.305473900289999847e+02 9.019210370669999977e-01
3.306246041059999925e+02 9.051406177130000286e-01
3.307018181820000109e+02 9.103831472729999597e-01
3.307790322580000293e+02 9.171883032259999791e-01
3.308562463339999908e+02 9.208171493260000062e-01
3.309334604109999987e+02 9.213465407619999548e-01
3.310106744870000171e+02 9.214159016420000459e-01
3.310878885629999786e+02 9.183116845159999819e-01
3.311651026389999970e+02 9.159710398239999662e-01
3.312423167160000048e+02 9.124478829909999922e-01
3.313195307919999664e+02 9.111356330790000291e-01
3.313967448679999848e+02 9.092275580649999966e-01
3.314739589440000032e+02 9.070460556010000452e-01
3.315511730210000110e+02 9.088029141350000284e-01
3.316283870969999725e+02 9.104791122580000451e-01
3.317056011729999909e+02 9.106200602349999729e-01
3.317828152490000093e+02 9.114234686219999659e-01
3.318600293260000171e+02 9.118492341349999641e-01
3.319372434020000355e+02 9.136094050440000114e-01
3.320144574779999971e+02 9.162798330210000231e-01
3.320916715540000155e+02 9.157007422870000468e-01
3.321688856300000339e+02 9.144300440470000124e-01
3.322460997069999848e+02 9.145586417600000129e-01
3.323233137830000032e+02 9.154887016420000245e-01
3.324005278590000216e+02 9.134530588270000084e-01
3.324777419349999832e+02 9.113397193550000219e-01
3.325549560119999910e+02 9.071191694429999730e-01
3.326321700880000094e+02 9.068373142519999819e-01
3.327093841639999710e+02 9.077202992380000168e-01
3.327865982399999893e+02 9.054260381230000432e-01
3.328638123169999972e+02 9.044329809969999801e-01
3.329410263930000156e+02 9.021323175369999614e-01
3.330182404690000340e+02 9.034931976540000464e-01
3.330954545449999955e+02 9.071721745449999874e-01
3.331726686220000033e+02 9.061985529029999986e-01
3.332498826980000217e+02 9.055829300290000328e-01
3.333270967739999833e+02 9.060416625810000513e-01
3.334043108500000017e+02 9.087133186510000238e-01
3.334815249270000095e+02 9.096275773019999455e-01
3.335587390029999710e+02 9.070605907330000495e-01
3.336359530789999894e+02 9.048436590030000115e-01
3.337131671550000078e+02 9.051117268620000322e-01
3.337903812319999588e+02 9.043280194130000060e-01
3.338675953079999772e+02 9.051810129620000422e-01
3.339448093839999956e+02 9.051709167160000291e-01
3.340220234600000140e+02 9.058746753669999485e-01
3.340992375370000218e+02 9.087185010560000498e-01
3.341764516130000402e+02 9.116273270970000064e-01
3.342536656890000017e+02 9.122874252789999749e-01
3.343308797650000201e+02 9.124147601169999566e-01
3.344080938420000280e+02 9.114634747800000047e-01
3.344853079179999895e+02 9.131603204689999753e-01
3.345625219940000079e+02 9.109831348389999528e-01
3.346397360699999695e+02 9.068642590619999666e-01
3.347169501469999773e+02 9.054969827569999685e-01
3.347941642229999957e+02 9.046261548389999962e-01
3.348713782989999572e+02 9.051958875069999744e-01
3.349485923749999756e+02 9.046872920230000226e-01
3.350258064519999834e+02 9.052652206450000349e-01
3.351030205280000018e+02 9.065125748969999897e-01
3.351802346040000202e+02 9.080874619940000336e-01
3.352574486800000386e+02 9.080699622290000494e-01
3.353346627569999896e+02 9.086752546040000045e-01
3.354118768330000080e+02 9.091615889149999852e-01
3.354890909090000264e+02 9.113879036359999741e-01
3.355663049849999879e+02 9.124408133720000036e-01
3.356435190619999958e+02 9.114460638119999958e-01
3.357207331380000142e+02 9.114243111440000211e-01
3.357979472139999757e+02 9.113116207620000075e-01
3.358751612899999941e+02 9.105034148389999915e-01
3.359523753670000019e+02 9.079504328449999884e-01
3.360295894429999635e+02 9.051342315539999683e-01
3.361068035189999819e+02 9.047073319649999723e-01
3.361840175950000003e+02 9.061408817010000449e-01
3.362612316720000081e+02 9.061517540760000156e-01
3.363384457480000265e+02 9.062678072730000478e-01
3.364156598240000449e+02 9.074647236949999751e-01
3.364928739000000064e+02 9.108090214659999573e-01
3.365700879770000142e+02 9.115487900880000494e-01
3.366473020530000326e+02 9.126571025809999682e-01
3.367245161289999942e+02 9.160321296769999844e-01
3.368017302050000126e+02 9.179256511440000432e-01
3.368789442820000204e+02 9.186891082700000544e-01
3.369561583579999819e+02 9.169217212319999977e-01
3.370333724340000003e+02 9.176037785339999919e-01
3.371105865099999619e+02 9.170314361289999550e-01
3.371878005869999697e+02 9.143826012900000411e-01
3.372650146629999881e+02 9.127940468040000033e-01
3.373422287390000065e+02 9.100505896189999833e-01
3.374194428150000249e+02 9.060383347210000382e-01
3.374966568910000433e+02 9.047917214080000159e-01
3.375738709679999943e+02 9.034977974190000483e-01
3.376510850440000127e+02 9.020060707920000143e-01
3.377282991200000311e+02 9.000471939590000137e-01
3.378055131959999926e+02 9.016400323750000112e-01
3.378827272730000004e+02 9.063304272729999500e-01
3.379599413490000188e+02 9.083363889150000148e-01
3.380371554249999804e+02 9.114530083870000521e-01
3.381143695009999988e+02 9.144841625220000436e-01
3.381915835780000066e+02 9.172256516129999593e-01
3.382687976539999681e+02 9.173491071549999543e-01
3.383460117299999865e+02 9.157876236359999700e-01
3.384232258060000049e+02 9.141774619350000464e-01
3.385004398830000127e+02 9.104674039879999681e-01
3.385776539590000311e+02 9.079318310259999469e-01
3.386548680349999927e+02 9.056234685630000225e-01
3.387320821110000111e+02 9.053058000589999654e-01
3.388092961880000189e+02 9.072423297360000527e-01
3.388865102639999805e+02 9.045908843990000392e-01
3.389637243399999988e+02 9.065809712610000126e-01
3.390409384160000172e+02 9.097269721990000058e-01
3.391181524929999682e+02 9.120367818769999912e-01
3.391953665689999866e+02 9.120577356600000352e-01
3.392725806450000050e+02 9.090430761290000383e-01
3.393497947209999666e+02 9.100364035779999750e-01
3.394270087979999744e+02 9.099109702050000026e-01
3.395042228739999928e+02 9.076027835190000337e-01
3.395814369500000112e+02 9.072478948390000353e-01
3.396586510260000296e+02 9.041501214079999960e-01
3.397358651030000374e+02 9.040095483869999837e-01
3.398130791789999989e+02 9.015125795889999960e-01
3.398902932550000173e+02 9.005384549560000451e-01
3.399675073309999789e+02 9.006185770090000542e-01
3.400447214079999867e+02 9.001125338419999622e-01
3.401219354840000051e+02 8.988286896770000256e-01
3.401991495599999666e+02 8.989149704400000163e-01
3.402763636359999850e+02 8.990129018179999765e-01
3.403535777129999929e+02 9.029669282700000243e-01
3.404307917890000112e+02 9.054017362459999552e-01
3.405080058649999728e+02 9.068254309090000298e-01
3.405852199409999912e+02 9.071338727269999680e-01
3.406624340179999990e+02 9.098636844570000548e-01
3.407396480940000174e+02 9.122380529029999741e-01
3.408168621700000358e+02 9.112627424629999862e-01
3.408940762459999974e+02 9.073845781229999963e-01
3.409712903230000052e+02 9.047790238709999544e-01
3.410485043990000236e+02 9.037062567160000226e-01
3.411257184749999851e+02 9.054573062170000464e-01
3.412029325510000035e+02 9.056370706740000109e-01
3.412801466280000113e+02 9.081425826390000511e-01
3.413573607039999729e+02 9.080085342520000102e-01
3.414345747799999913e+02 9.078508447509999746e-01
3.415117888560000097e+02 9.095190644570000371e-01
3.415890029329999606e+02 9.081791861579999736e-01
3.416662170089999790e+02 9.082333376540000502e-01
3.417434310849999974e+02 9.085057839300000326e-01
3.418206451610000158e+02 9.083828464519999590e-01
3.418978592380000237e+02 9.107197469209999952e-01
3.419750733140000420e+02 9.091190523169999649e-01
3.420522873900000036e+02 9.075970165400000234e-01
3.421295014660000220e+02 9.037201397070000475e-01
3.422067155430000298e+02 9.015430574780000095e-01
3.422839296189999914e+02 9.008287371850000058e-01
3.423611436950000098e+02 8.987008253370000199e-01
3.424383577709999713e+02 8.976647517300000434e-01
3.425155718479999791e+02 8.961251397649999673e-01
3.425927859239999975e+02 8.970932993550000401e-01
3.426699999999999591e+02 8.983773999999999926e-01
3.427472140759999775e+02 8.961535917299999765e-01
3.428244281519999959e+02 8.933897882700000403e-01
3.429016422290000037e+02 8.929755548969999790e-01
3.429788563050000221e+02 8.931629769500000204e-01
3.430560703810000405e+02 8.942780757179999984e-01
3.431332844570000020e+02 8.951226244569999713e-01
3.432104985340000098e+02 8.934177820530000425e-01
3.432877126100000282e+02 8.928729592959999684e-01
3.433649266859999898e+02 8.942165567159999773e-01
3.434421407620000082e+02 8.941892000590000444e-01
3.435193548390000160e+02 8.939386032260000503e-01
3.435965689149999776e+02 8.904617222289999967e-01
3.436737829909999959e+02 8.862253770669999975e-01
3.437509970669999575e+02 8.891924651610000341e-01
3.438282111439999653e+02 8.904646775950000315e-01
3.439054252199999837e+02 8.898927300290000453e-01
3.439826392960000021e+02 8.914646168909999835e-01
3.440598533720000205e+02 8.936750093259999694e-01
3.441370674490000283e+02 8.942686410560000132e-01
3.442142815249999899e+02 8.939335384750000113e-01
3.442914956010000083e+02 8.878495228739999856e-01
3.443687096770000267e+02 8.889300438710000529e-01
3.444459237539999776e+02 8.913779791200000524e-01
3.445231378299999960e+02 8.931119400000000486e-01
3.446003519060000144e+02 8.995142583580000295e-01
3.446775659819999760e+02 9.029229127269999822e-01
3.447547800589999838e+02 9.082802462169999869e-01
3.448319941350000022e+02 9.118129819939999603e-01
3.449092082109999637e+02 9.088313943700000452e-01
3.449864222869999821e+02 9.026084935479999904e-01
3.450636363639999900e+02 8.964757527269999748e-01
3.451408504400000083e+02 8.912980704990000058e-01
3.452180645160000267e+02 8.908321038709999806e-01
3.452952785920000451e+02 8.911408395309999841e-01
3.453724926689999961e+02 8.896290909089999976e-01
3.454497067450000145e+02 8.899209987099999664e-01
3.455269208210000329e+02 8.911738583580000039e-01
3.456041348969999945e+02 8.928255478009999857e-01
3.456813489740000023e+02 8.947718818769999638e-01
3.457585630500000207e+02 8.918490680939999971e-01
3.458357771259999822e+02 8.907498510260000169e-01
3.459129912020000006e+02 8.921869541350000432e-01
3.459902052790000084e+02 8.930880767740000392e-01
3.460674193549999700e+02 8.929564948389999701e-01
3.461446334309999884e+02 8.918891522580000286e-01
3.462218475070000068e+02 8.935682520230000536e-01
3.462990615840000146e+02 8.973394582989999702e-01
3.463762756600000330e+02 9.010138104399999515e-01
3.464534897359999945e+02 9.033284694430000483e-01
3.465307038120000129e+02 9.052172708500000331e-01
3.466079178890000208e+02 9.061144224630000021e-01
3.466851319649999823e+02 9.060182527860000112e-01
3.467623460410000007e+02 9.008227278589999720e-01
3.468395601170000191e+02 8.983361542519999743e-01
3.469167741939999701e+02 8.980803335479999872e-01
3.469939882699999885e+02 8.954252570089999974e-01
3.470712023460000069e+02 8.951275499120000534e-01
3.471484164219999684e+02 8.904950348969999929e-01
3.472256304989999762e+02 8.909476207040000206e-01
3.473028445749999946e+02 8.889766668040000042e-01
3.473800586510000130e+02 8.854179306160000484e-01
3.474572727270000314e+02 8.874873654549999547e-01
3.475344868040000392e+02 8.887006662759999731e-01
3.476117008800000008e+02 8.910425129029999614e-01
3.476889149560000192e+02 8.919047947799999543e-01
3.477661290319999807e+02 8.925028045159999479e-01
3.478433431089999885e+02 8.956028658060000147e-01
3.479205571850000069e+02 8.955080085040000304e-01
3.479977712609999685e+02 8.921316097360000308e-01
3.480749853369999869e+02 8.894804333720000011e-01
3.481521994130000053e+02 8.906542319650000428e-01
3.482294134899999563e+02 8.924250448089999788e-01
3.483066275659999746e+02 8.936023402349999589e-01
3.483838416419999930e+02 8.953014019939999901e-01
3.484610557180000114e+02 8.960415603519999994e-01
3.485382697950000193e+02 8.975155395889999888e-01
3.486154838710000377e+02 8.973928683870000533e-01
3.486926979469999992e+02 8.960798224049999483e-01
3.487699120230000176e+02 8.961618356010000452e-01
3.488471261000000254e+02 8.931492763639999888e-01
3.489243401759999870e+02 8.933407490910000304e-01
3.490015542520000054e+02 8.975647621110000030e-01
3.490787683279999669e+02 8.996128691500000496e-01
3.491559824049999747e+02 9.016086465099999447e-01
3.492331964809999931e+02 8.999465544870000056e-01
3.493104105569999547e+02 9.029699797069999923e-01
3.493876246329999731e+02 9.091260252199999670e-01
3.494648387099999809e+02 9.072069877420000372e-01
3.495420527859999993e+02 9.065202114960000390e-01
3.496192668620000177e+02 9.068352151320000498e-01
3.496964809380000361e+02 9.089239317889999947e-01
3.497736950150000439e+02 9.100167580060000150e-01
3.498509090910000054e+02 9.047121509090000346e-01
3.499281231670000238e+02 9.001628898529999701e-01
3.500053372429999854e+02 8.999813055719999566e-01
3.500825513199999932e+02 8.978664745450000151e-01
3.501597653960000116e+02 8.939530703229999764e-01
3.502369794719999732e+02 8.906862777709999568e-01
3.503141935479999916e+02 8.900834303229999689e-01
3.503914076249999994e+02 8.893376506739999465e-01
3.504686217009999609e+02 8.886840277419999490e-01
3.505458357769999793e+02 8.906260480350000064e-01
3.506230498529999977e+02 8.919406080939999981e-01
3.507002639300000055e+02 8.939682931379999697e-01
3.507774780060000239e+02 8.957163764219999713e-01
3.508546920820000423e+02 8.980275687390000261e-01
3.509319061580000039e+02 8.981400921990000397e-01
3.510091202350000117e+02 8.959581099710000052e-01
3.510863343110000301e+02 8.929014276829999597e-01
3.511635483869999916e+02 8.927186896769999658e-01
3.512407624630000100e+02 8.908856329030000465e-01
3.513179765400000178e+02 8.885456341940000113e-01
3.513951906159999794e+02 8.898238261580000419e-01
3.514724046919999978e+02 8.887498272139999766e-01
3.515496187679999593e+02 8.888617792959999653e-01
3.516268328449999672e+02 8.895776904400000129e-01
3.517040469209999856e+02 8.926421994130000481e-01
3.517812609970000040e+02 8.947334038119999500e-01
3.518584750730000223e+02 8.952115693840000388e-01
3.519356891500000302e+02 8.918510751320000152e-01
3.520129032259999917e+02 8.906838761290000184e-01
3.520901173020000101e+02 8.905989832840000009e-01
3.521673313780000285e+02 8.897768535479999574e-01
3.522445454549999795e+02 8.886302418179999885e-01
3.523217595309999979e+02 8.866108817600000247e-01
3.523989736070000163e+02 8.846917213489999821e-01
3.524761876829999778e+02 8.903730025810000503e-01
3.525534017599999856e+02 8.931634451609999914e-01
3.526306158360000040e+02 8.943945979470000474e-01
3.527078299119999656e+02 8.955982880939999946e-01
3.527850439879999840e+02 8.977867991200000342e-01
3.528622580649999918e+02 9.010504309679999713e-01
3.529394721410000102e+02 8.993012463930000200e-01
3.530166862170000286e+02 8.978756097950000292e-01
3.530939002929999901e+02 8.943755104399999656e-01
3.531711143699999980e+02 8.938831224050000079e-01
3.532483284460000164e+02 8.891578950149999772e-01
3.533255425219999779e+02 8.881926698530000497e-01
3.534027565979999963e+02 8.892647152489999707e-01
3.534799706740000147e+02 8.917253563639999658e-01
3.535571847510000225e+02 8.900815449269999791e-01
3.536343988269999841e+02 8.881003579470000409e-01
3.537116129030000025e+02 8.862121154840000292e-01
3.537888269789999640e+02 8.870263249269999539e-01
3.538660410559999718e+02 8.868875438709999948e-01
3.539432551319999902e+02 8.867477031670000232e-01
3.540204692080000086e+02 8.870848245750000416e-01
3.540976832840000270e+02 8.864530043399999615e-01
3.541748973610000348e+02 8.884788414080000418e-01
3.542521114369999964e+02 8.884239547209999976e-01
3.543293255130000148e+02 8.890465153669999676e-01
3.544065395890000332e+02 8.882832593549999656e-01
3.544837536659999842e+02 8.865712197070000355e-01
3.545609677420000025e+02 8.849497374189999599e-01
3.546381818180000209e+02 8.886829545450000145e-01
3.547153958939999825e+02 8.891026842229999838e-01
3.547926099709999903e+02 8.889298137240000397e-01
3.548698240470000087e+02 8.893107258650000402e-01
3.549470381229999703e+02 8.903663893259999851e-01
3.550242521989999887e+02 8.931302754250000087e-01
3.551014662759999965e+02 8.942661401760000350e-01
3.551786803520000149e+02 8.914595426389999577e-01
3.552558944280000333e+02 8.914369568909999986e-01
3.553331085039999948e+02 8.892823919650000297e-01
3.554103225810000026e+02 8.834946225809999776e-01
3.554875366570000210e+02 8.799946540759999714e-01
3.555647507329999826e+02 8.765305574189999893e-01
3.556419648090000010e+02 8.792489847509999956e-01
3.557191788860000088e+02 8.800476265100000139e-01
3.557963929619999703e+02 8.788347924930000055e-01
3.558736070379999887e+02 8.810493721409999868e-01
3.559508211140000071e+02 8.872784492080000307e-01
3.560280351909999581e+02 8.935233133140000339e-01
3.561052492669999765e+02 8.938321214659999958e-01
3.561824633429999949e+02 8.940435391790000352e-01
3.562596774190000133e+02 8.957682999999999618e-01
3.563368914960000211e+02 8.971316548390000367e-01
3.564141055720000395e+02 8.914298026979999845e-01
3.564913196480000011e+02 8.878623352490000453e-01
3.565685337240000194e+02 8.866323775369999716e-01
3.566457478010000273e+02 8.867763038120000108e-01
3.567229618769999888e+02 8.874971123749999524e-01
3.568001759530000072e+02 8.878244658649999677e-01
3.568773900289999688e+02 8.897825801169999549e-01
3.569546041059999766e+02 8.922053527859999944e-01
3.570318181819999950e+02 8.909998963640000103e-01
3.571090322579999565e+02 8.879682270969999625e-01
3.571862463339999749e+02 8.859370365980000495e-01
3.572634604109999827e+02 8.828169629909999871e-01
3.573406744870000011e+02 8.832348459240000338e-01
3.574178885630000195e+02 8.864046975370000192e-01
3.574951026390000379e+02 8.871487855720000537e-01
3.575723167159999889e+02 8.898376639299999669e-01
3.576495307920000073e+02 8.919106144870000419e-01
3.577267448680000257e+02 8.890635473900000418e-01
3.578039589439999872e+02 8.894851263340000092e-01
3.578811730209999951e+02 8.876576061580000454e-01
3.579583870970000135e+02 8.870981612899999647e-01
3.580356011729999750e+02 8.902100656300000470e-01
3.581128152489999934e+02 8.917635775950000232e-01
3.581900293260000012e+02 8.943113050440000267e-01
3.582672434019999628e+02 8.984872557180000330e-01
3.583444574779999812e+02 8.999098337240000189e-01
3.584216715539999996e+02 9.010104834600000112e-01
3.584988856300000180e+02 8.993073081519999956e-01
3.585760997070000258e+02 8.970292804689999899e-01
3.586533137830000442e+02 8.949308946039999935e-01
3.587305278590000057e+02 8.922649795889999735e-01
3.588077419350000241e+02 8.884144941939999818e-01
3.588849560120000319e+02 8.887729835190000260e-01
3.589621700879999935e+02 8.876051952489999453e-01
3.590393841640000119e+02 8.892178222290000322e-01
3.591165982399999734e+02 8.900587659819999553e-01
3.591938123169999812e+02 8.894182222290000217e-01
3.592710263929999996e+02 8.904697871550000254e-01
3.593482404689999612e+02 8.908095844569999811e-01
3.594254545449999796e+02 8.889356163639999808e-01
3.595026686219999874e+02 8.871160956600000480e-01
3.595798826980000058e+02 8.856317454550000079e-01
3.596570967740000242e+02 8.857422780650000549e-01
3.597343108500000426e+02 8.861688751320000446e-01
3.598115249269999936e+02 8.843836868040000354e-01
3.598887390030000120e+02 8.826828874490000310e-01
3.599659530790000304e+02 8.825298713200000478e-01
3.600431671549999919e+02 8.828186866280000045e-01
3.601203812319999997e+02 8.829506714370000120e-01
3.601975953080000181e+02 8.853634647510000288e-01
3.602748093839999797e+02 8.885195348390000358e-01
3.603520234599999981e+02 8.936600540179999719e-01
3.604292375370000059e+02 8.958799702049999869e-01
3.605064516129999674e+02 8.957872941940000500e-01
3.605836656889999858e+02 8.972870467450000387e-01
3.606608797650000042e+02 8.959508252200000245e-01
3.607380938420000120e+02 8.943083128450000086e-01
3.608153079180000304e+02 8.927270051610000090e-01
3.608925219939999920e+02 8.896782290910000279e-01
3.609697360700000104e+02 8.889225566570000403e-01
3.610469501470000182e+02 8.851317869210000300e-01
3.611241642229999798e+02 8.814182333140000436e-01
3.612013782989999982e+02 8.815933355430000118e-01
3.612785923750000165e+02 8.826092009379999936e-01
3.613558064519999675e+02 8.841113658060000269e-01
3.614330205279999859e+02 8.863982475660000526e-01
3.615102346040000043e+02 8.861307592960000479e-01
3.615874486799999659e+02 8.898750710260000529e-01
3.616646627569999737e+02 8.895323217599999666e-01
3.617418768329999921e+02 8.867321726689999517e-01
3.618190909090000105e+02 8.856547290909999592e-01
3.618963049850000289e+02 8.850970036359999682e-01
3.619735190620000367e+02 8.855145956600000146e-01
3.620507331379999982e+02 8.861055897359999545e-01
3.621279472140000166e+02 8.837465931960000187e-01
3.622051612899999782e+02 8.869965361289999795e-01
3.622823753669999860e+02 8.844149870380000333e-01
3.623595894430000044e+02 8.826111563640000046e-01
3.624368035189999659e+02 8.809191049850000343e-01
3.625140175949999843e+02 8.776351398830000150e-01
3.625912316719999922e+02 8.780240438709999706e-01
3.626684457480000106e+02 8.778834235189999502e-01
3.627456598239999721e+02 8.774734655129999839e-01
3.628228738999999905e+02 8.793809853959999590e-01
3.629000879769999983e+02 8.788734128449999794e-01
3.629773020530000167e+02 8.784532173019999890e-01
3.630545161290000351e+02 8.780138277419999859e-01
3.631317302049999967e+02 8.776787360700000207e-01
3.632089442820000045e+02 8.772939883870000122e-01
3.632861583580000229e+02 8.785075301470000042e-01
3.633633724339999844e+02 8.763200464520000121e-01
3.634405865100000028e+02 8.740797843990000260e-01
3.635178005870000106e+02 8.749441167739999692e-01
3.635950146629999722e+02 8.773090904989999661e-01
3.636722287389999906e+02 8.771138506160000015e-01
3.637494428150000090e+02 8.773266350730000163e-01
3.638266568909999705e+02 8.745211464519999645e-01
3.639038709679999783e+02 8.808986477419999961e-01
3.639810850439999967e+02 8.861616938420000533e-01
3.640582991200000151e+02 8.867635221699999848e-01
3.641355131960000335e+02 8.853370654550000163e-01
3.642127272730000414e+02 8.828931818180000279e-01
3.642899413490000029e+02 8.857993946629999504e-01
3.643671554250000213e+02 8.832593165980000549e-01
3.644443695009999828e+02 8.797533283280000171e-01
3.645215835779999907e+02 8.892124982400000377e-01
3.645987976540000091e+02 9.066613487979999775e-01
3.646760117299999706e+02 9.255272232260000065e-01
3.647532258059999890e+02 9.432159825810000342e-01
3.648304398829999968e+02 9.620545615250000182e-01
3.649076539589999584e+02 9.827617414660000383e-01
3.649848680349999768e+02 9.939832558360000014e-01
3.650620821109999952e+02 9.959067504990000153e-01
3.651392961880000030e+02 9.968968375369999801e-01
3.652165102640000214e+02 9.976371034019999584e-01
3.652937243400000398e+02 9.983015541940000181e-01
3.653709384160000013e+02 9.988952953669999468e-01
3.654481524930000091e+02 9.994265299119999835e-01
3.655253665690000275e+02 9.999044568910000486e-01
3.656025806449999891e+02 9.999923380649999860e-01
3.656797947210000075e+02 9.999949934309999566e-01
3.657570087980000153e+02 9.999967521410000337e-01
3.658342228739999769e+02 9.999979191200000228e-01
3.659114369499999952e+02 9.999989372430000412e-01
3.659886510259999568e+02 9.999998265099999673e-01
3.660658651029999646e+02 9.999999917299999819e-01
3.661430791789999830e+02 1.000000000000000000e+00
3.662202932550000014e+02 1.000000000000000000e+00
3.662975073310000198e+02 1.000000000000000000e+00
3.663747214080000276e+02 1.000000000000000000e+00
3.664519354839999892e+02 1.000000000000000000e+00
3.665291495600000076e+02 1.000000000000000000e+00
3.666063636360000260e+02 1.000000000000000000e+00
3.666835777130000338e+02 1.000000000000000000e+00
3.667607917889999953e+02 1.000000000000000000e+00
3.668380058650000137e+02 1.000000000000000000e+00
3.669152199409999753e+02 1.000000000000000000e+00
3.669924340179999831e+02 1.000000000000000000e+00
3.670696480940000015e+02 1.000000000000000000e+00
3.671468621699999630e+02 1.000000000000000000e+00
3.672240762459999814e+02 1.000000000000000000e+00
3.673012903229999893e+02 1.000000000000000000e+00
3.673785043990000077e+02 1.000000000000000000e+00
3.674557184750000260e+02 1.000000000000000000e+00
3.675329325510000444e+02 1.000000000000000000e+00
3.676101466279999954e+02 1.000000000000000000e+00
3.676873607040000138e+02 1.000000000000000000e+00
3.677645747800000322e+02 1.000000000000000000e+00
3.678417888559999938e+02 1.000000000000000000e+00
3.679190029330000016e+02 1.000000000000000000e+00
3.679962170090000200e+02 1.000000000000000000e+00
3.680734310849999815e+02 1.000000000000000000e+00
3.681506451609999999e+02 1.000000000000000000e+00
3.682278592380000077e+02 1.000000000000000000e+00
3.683050733139999693e+02 1.000000000000000000e+00
3.683822873899999877e+02 1.000000000000000000e+00
3.684595014660000061e+02 1.000000000000000000e+00
3.685367155430000139e+02 1.000000000000000000e+00
3.686139296190000323e+02 1.000000000000000000e+00
3.686911436949999938e+02 1.000000000000000000e+00
3.687683577710000122e+02 1.000000000000000000e+00
3.688455718480000201e+02 1.000000000000000000e+00
3.689227859239999816e+02 1.000000000000000000e+00
3.690000000000000000e+02 1.000000000000000000e+00
