# Wavelength (Nm)     Mean
2.888990000000000009e+02 9.471800000000000219e-01
2.889406432060000043e+02 9.487664513000000355e-01
2.889822864129999971e+02 9.496551493020000123e-01
2.890239296190000005e+02 9.489496759000000115e-01
2.890655728250000038e+02 9.479197069910000328e-01
2.891072160310000072e+02 9.468959854349999761e-01
2.891488592380000000e+02 9.457306569150000231e-01
2.891905024440000034e+02 9.452737471809999903e-01
2.892321456500000068e+02 9.460920264790000367e-01
2.892737888560000101e+02 9.471274512199999718e-01
2.893154320630000029e+02 9.479395449849999933e-01
2.893570752690000063e+02 9.470426677200000087e-01
2.893987184750000097e+02 9.455818202819999962e-01
2.894403616810000130e+02 9.440746414059999481e-01
2.894820048880000058e+02 9.427275077379999590e-01
2.895236480940000092e+02 9.429770229330000086e-01
2.895652913000000126e+02 9.433195847309999715e-01
2.896069345060000160e+02 9.438104131219999804e-01
2.896485777130000088e+02 9.435440161760000333e-01
2.896902209190000121e+02 9.439736750520000275e-01
2.897318641250000155e+02 9.440409513980000389e-01
2.897735073310000189e+02 9.439820543989999591e-01
2.898151505380000117e+02 9.446059246879999760e-01
2.898567937440000151e+02 9.463588164649999745e-01
2.898984369500000184e+02 9.477408598590000288e-01
2.899400801560000218e+02 9.485995413879999560e-01
2.899817233630000146e+02 9.484703046610000188e-01
2.900233665690000180e+02 9.468553651500000168e-01
2.900650097750000214e+02 9.448342946550000176e-01
2.901066529809999679e+02 9.438680167640000063e-01
2.901482961880000175e+02 9.450872206449999480e-01
2.901899393940000209e+02 9.457147240000000066e-01
2.902315826000000243e+02 9.451093917149999690e-01
2.902732258059999708e+02 9.451676154189999624e-01
2.903148690130000205e+02 9.443004812240000101e-01
2.903565122189999670e+02 9.429108648680000204e-01
2.903981554250000272e+02 9.417352674840000493e-01
2.904397986309999737e+02 9.411520305880000103e-01
2.904814418380000234e+02 9.420437459039999739e-01
2.905230850439999699e+02 9.441240323109999499e-01
2.905647282500000301e+02 9.462390717299999920e-01
2.906063714569999661e+02 9.478058646329999837e-01
2.906480146630000263e+02 9.482171701110000406e-01
2.906896578689999728e+02 9.473211882009999751e-01
2.907313010750000331e+02 9.474705685590000259e-01
2.907729442819999690e+02 9.477845016420000102e-01
2.908145874880000292e+02 9.478905554409999823e-01
2.908562306939999758e+02 9.480693103149999690e-01
2.908978739000000360e+02 9.491193148740000307e-01
2.909395171069999719e+02 9.510080470749999737e-01
2.909811603130000321e+02 9.516409439880000320e-01
2.910228035189999787e+02 9.499560152139999714e-01
2.910644467250000389e+02 9.473263642310000288e-01
2.911060899319999749e+02 9.458309785690000027e-01
2.911477331380000351e+02 9.454052312020000404e-01
2.911893763439999816e+02 9.457433256989999926e-01
2.912310195500000418e+02 9.467352597299999450e-01
2.912726627569999778e+02 9.479660317239999578e-01
2.913143059630000380e+02 9.487037188620000006e-01
2.913559491689999845e+02 9.486874005340000249e-01
2.913975923750000447e+02 9.469899683870000029e-01
2.914392355819999807e+02 9.458520340999999609e-01
2.914808787880000409e+02 9.461206326059999894e-01
2.915225219939999874e+02 9.474091666509999454e-01
2.915641651999999908e+02 9.498121242779999918e-01
2.916058084069999836e+02 9.513366019060000012e-01
2.916474516130000438e+02 9.503582659349999462e-01
2.916890948189999904e+02 9.501811390969999715e-01
2.917307380249999937e+02 9.506657468350000473e-01
2.917723812319999865e+02 9.502185782109999757e-01
2.918140244379999899e+02 9.503570841449999751e-01
2.918556676439999933e+02 9.515090565649999554e-01
2.918973108499999967e+02 9.534252448800000224e-01
2.919389540569999895e+02 9.534230655440000257e-01
2.919805972629999928e+02 9.517834431360000513e-01
2.920222404689999962e+02 9.508460963050000547e-01
2.920638836749999996e+02 9.501253341619999571e-01
2.921055268819999924e+02 9.489626028169999561e-01
2.921471700879999958e+02 9.498589223109999979e-01
2.921888132939999991e+02 9.500457244690000413e-01
2.922304565000000025e+02 9.488070565980000204e-01
2.922720997069999953e+02 9.481590195189999459e-01
2.923137429129999987e+02 9.480288132319999450e-01
2.923553861190000021e+02 9.475322134760000292e-01
2.923970293259999949e+02 9.472381457130000237e-01
2.924386725319999982e+02 9.475725981620000127e-01
2.924803157380000016e+02 9.486934874960000208e-01
2.925219589440000050e+02 9.496088491090000083e-01
2.925636021509999978e+02 9.500944427959999716e-01
2.926052453570000011e+02 9.497444744790000115e-01
2.926468885630000045e+02 9.492864561289999781e-01
2.926885317690000079e+02 9.490987293610000375e-01
2.927301749760000007e+02 9.491861863149999579e-01
2.927718181820000041e+02 9.485194543639999809e-01
2.928134613880000074e+02 9.472690255910000134e-01
2.928551045940000108e+02 9.459825849949999865e-01
2.928967478010000036e+02 9.445958490320000012e-01
2.929383910070000070e+02 9.428009093760000292e-01
2.929800342130000104e+02 9.404041391949999884e-01
2.930216774189999569e+02 9.395425778710000397e-01
2.930633206260000065e+02 9.397679587289999859e-01
2.931049638320000099e+02 9.408009371669999732e-01
2.931466070380000133e+02 9.409842312020000321e-01
2.931882502439999598e+02 9.408814450169999954e-01
2.932298934510000095e+02 9.408405174120000325e-01
2.932715366569999560e+02 9.411804850439999814e-01
2.933131798630000162e+02 9.412491308349999475e-01
2.933548230689999627e+02 9.411615691750000456e-01
2.933964662760000124e+02 9.402213724339999468e-01
2.934381094819999589e+02 9.401081071979999759e-01
2.934797526880000191e+02 9.410054262370000089e-01
2.935213958939999657e+02 9.403007460059999989e-01
2.935630391010000153e+02 9.387657148660000228e-01
2.936046823069999618e+02 9.398464313350000099e-01
2.936463255130000221e+02 9.414043840469999980e-01
2.936879687189999686e+02 9.416344926099999846e-01
2.937296119260000182e+02 9.412184430969999793e-01
2.937712551319999648e+02 9.403376441109999595e-01
2.938128983380000250e+02 9.391468366259999589e-01
2.938545415439999715e+02 9.386764016230000340e-01
2.938961847510000212e+02 9.396845915539999705e-01
2.939378279569999677e+02 9.402387659349999982e-01
2.939794711630000279e+02 9.396505871239999585e-01
2.940211143699999639e+02 9.403225233199999922e-01
2.940627575760000241e+02 9.413334151519999748e-01
2.941044007819999706e+02 9.406465951519999980e-01
2.941460439880000308e+02 9.399378650320000528e-01
2.941876871949999668e+02 9.400339714330000485e-01
2.942293304010000270e+02 9.404289861969999942e-01
2.942709736069999735e+02 9.410955863640000363e-01
2.943126168130000337e+02 9.419288276249999647e-01
2.943542600199999697e+02 9.426790483600000492e-01
2.943959032260000299e+02 9.429761450320000016e-01
2.944375464319999764e+02 9.439739886739999530e-01
2.944791896379999798e+02 9.452842497090000462e-01
2.945208328449999726e+02 9.451146029029999784e-01
2.945624760510000328e+02 9.443089979750000085e-01
2.946041192569999794e+02 9.430230935369999790e-01
2.946457624629999827e+02 9.424896330319999516e-01
2.946874056699999755e+02 9.429072362050000544e-01
2.947290488759999789e+02 9.439323917109999629e-01
2.947706920819999823e+02 9.445838659999999942e-01
2.948123352879999857e+02 9.456235259509999658e-01
2.948539784949999785e+02 9.455537089459999933e-01
2.948956217009999818e+02 9.452354287509999731e-01
2.949372649069999852e+02 9.449367289929999636e-01
2.949789081129999886e+02 9.446984324180000003e-01
2.950205513199999814e+02 9.445001640469999904e-01
2.950621945259999848e+02 9.446530364380000266e-01
2.951038377319999881e+02 9.453731888109999648e-01
2.951454809379999915e+02 9.458563256299999944e-01
2.951871241449999843e+02 9.449268232390000133e-01
2.952287673509999877e+02 9.425965400429999752e-01
2.952704105569999911e+02 9.411954362050000134e-01
2.953120537629999944e+02 9.404347910110000264e-01
2.953536969699999872e+02 9.401331730299999911e-01
2.953953401759999906e+02 9.395379766800000532e-01
2.954369833819999940e+02 9.385944296949999544e-01
2.954786265879999974e+02 9.365525773649999719e-01
2.955202697949999902e+02 9.351859449739999830e-01
2.955619130009999935e+02 9.339883511440000285e-01
2.956035562069999969e+02 9.326928280530000226e-01
2.956451994130000003e+02 9.309316778059999464e-01
2.956868426199999931e+02 9.308874290849999955e-01
2.957284858259999965e+02 9.322430669400000314e-01
2.957701290319999998e+02 9.329460193549999891e-01
2.958117722389999926e+02 9.321754571529999867e-01
2.958534154449999960e+02 9.314270843849999926e-01
2.958950586509999994e+02 9.315776121409999888e-01
2.959367018570000027e+02 9.320539037299999663e-01
2.959783450639999955e+02 9.335743669989999827e-01
2.960199882699999989e+02 9.342558917540000341e-01
2.960616314760000023e+02 9.340087035230000279e-01
2.961032746820000057e+02 9.342526300779999682e-01
2.961449178889999985e+02 9.359685942759999877e-01
2.961865610950000018e+02 9.376818592279999587e-01
2.962282043010000052e+02 9.378002876130000498e-01
2.962698475070000086e+02 9.378828580700000472e-01
2.963114907140000014e+02 9.401406040819999532e-01
2.963531339200000048e+02 9.425821905179999627e-01
2.963947771260000081e+02 9.438835802349999637e-01
2.964364203320000115e+02 9.439238444909999748e-01
2.964780635390000043e+02 9.450236450479999606e-01
2.965197067450000077e+02 9.470292170030000234e-01
2.965613499510000111e+02 9.490799839410000160e-01
2.966029931570000144e+02 9.501729301079999690e-01
2.966446363640000072e+02 9.497836552730000159e-01
2.966862795700000106e+02 9.480156555269999563e-01
2.967279227760000140e+02 9.474990581109999921e-01
2.967695659820000174e+02 9.475344070090000459e-01
2.968112091890000102e+02 9.460289180450000002e-01
2.968528523950000135e+02 9.447442226079999505e-01
2.968944956010000169e+02 9.437852095009999775e-01
2.969361388070000203e+02 9.429436227840000129e-01
2.969777820140000131e+02 9.408203638119999601e-01
2.970194252200000165e+02 9.377674344869999512e-01
2.970610684260000198e+02 9.362415552730000146e-01
2.971027116320000232e+02 9.352093782370000108e-01
2.971443548390000160e+02 9.346263962580000362e-01
2.971859980450000194e+02 9.350862587880000021e-01
2.972276412509999659e+02 9.363785376740000332e-01
2.972692844570000261e+02 9.372376028040000362e-01
2.973109276640000189e+02 9.380902727159999843e-01
2.973525708700000223e+02 9.385981404380000503e-01
2.973942140759999688e+02 9.390236995540000020e-01
2.974358572830000185e+02 9.399806926589999723e-01
2.974775004890000218e+02 9.411150362929999735e-01
2.975191436950000252e+02 9.424213389269999741e-01
2.975607869009999717e+02 9.440598719530000071e-01
2.976024301080000214e+02 9.458011253329999812e-01
2.976440733139999679e+02 9.467844027570000431e-01
2.976857165200000281e+02 9.456032018159999941e-01
2.977273597259999747e+02 9.441111904669999833e-01
2.977690029330000243e+02 9.440982249089999723e-01
2.978106461389999708e+02 9.435525254190000322e-01
2.978522893450000311e+02 9.436921597949999851e-01
2.978939325509999776e+02 9.441354552259999533e-01
2.979355757580000272e+02 9.454327797579999970e-01
2.979772189639999738e+02 9.465580719880000160e-01
2.980188621700000340e+02 9.472176802989999977e-01
2.980605053759999805e+02 9.461126122580000297e-01
2.981021485830000302e+02 9.440131113899999926e-01
2.981437917889999767e+02 9.427097255480000326e-01
2.981854349950000369e+02 9.441888929949999731e-01
2.982270782009999834e+02 9.446740213369999584e-01
2.982687214080000331e+02 9.428997535190000168e-01
2.983103646139999796e+02 9.419995862910000017e-01
2.983520078200000398e+02 9.411901344709999728e-01
2.983936510259999864e+02 9.405872467800000525e-01
2.984352942330000360e+02 9.387739073569999482e-01
2.984769374389999825e+02 9.364945573609999574e-01
2.985185806450000428e+02 9.358679684520000430e-01
2.985602238509999893e+02 9.363868237650000426e-01
2.986018670580000389e+02 9.370702692810000123e-01
2.986435102639999855e+02 9.374417524339999641e-01
2.986851534699999888e+02 9.364220754350000009e-01
2.987267966759999922e+02 9.357329995030000402e-01
2.987684398830000418e+02 9.367445371610000349e-01
2.988100830889999884e+02 9.383993026039999519e-01
2.988517262949999918e+02 9.375816724950000181e-01
2.988933695009999951e+02 9.375109849849999621e-01
2.989350127080000448e+02 9.376834697889999681e-01
2.989766559139999913e+02 9.393803511399999584e-01
2.990182991199999947e+02 9.408915324159999871e-01
2.990599423259999980e+02 9.424219779820000031e-01
2.991015855329999908e+02 9.433840673800000243e-01
2.991432287389999942e+02 9.433610093140000208e-01
2.991848719449999976e+02 9.426072026709999552e-01
2.992265151519999904e+02 9.429328683640000319e-01
2.992681583579999938e+02 9.433584319469999757e-01
2.993098015639999971e+02 9.429622716319999709e-01
2.993514447700000005e+02 9.437783279779999868e-01
2.993930879769999933e+02 9.435868416660000424e-01
2.994347311829999967e+02 9.433636460430000481e-01
2.994763743890000001e+02 9.419862232379999645e-01
2.995180175950000034e+02 9.406137123459999971e-01
2.995596608019999962e+02 9.394665695870000333e-01
2.996013040079999996e+02 9.388490332650000214e-01
2.996429472140000030e+02 9.382359714019999908e-01
2.996845904200000064e+02 9.383699662719999779e-01
2.997262336269999992e+02 9.370434303029999690e-01
2.997678768330000025e+02 9.363297172260000023e-01
2.998095200390000059e+02 9.372550279260000172e-01
2.998511632450000093e+02 9.378001437990000078e-01
2.998928064520000021e+02 9.374609874839999746e-01
2.999344496580000055e+02 9.369915296869999466e-01
2.999760928640000088e+02 9.375759867059999531e-01
3.000177360700000122e+02 9.377224851140000261e-01
3.000593792770000050e+02 9.371822254449999612e-01
3.001010224830000084e+02 9.367290289190000063e-01
3.001426656889999549e+02 9.374922811439999615e-01
3.001843088950000151e+02 9.390127354020000316e-01
3.002259521020000079e+02 9.404884744439999666e-01
3.002675953080000113e+02 9.397879072139999623e-01
3.003092385139999578e+02 9.371208909289999722e-01
3.003508817200000180e+02 9.357100039140000547e-01
3.003925249270000108e+02 9.362141793839999782e-01
3.004341681330000142e+02 9.360978838200000318e-01
3.004758113389999608e+02 9.356559843399999687e-01
3.005174545450000210e+02 9.350560530910000390e-01
3.005590977519999569e+02 9.334220241130000151e-01
3.006007409580000171e+02 9.328788879020000202e-01
3.006423841639999637e+02 9.323050919119999502e-01
3.006840273700000239e+02 9.312434435780000408e-01
3.007256705769999598e+02 9.302580610189999932e-01
3.007673137830000201e+02 9.307349861820000125e-01
3.008089569889999666e+02 9.318406203229999685e-01
3.008506001960000162e+02 9.331558277729999906e-01
3.008922434019999628e+02 9.333288044569999498e-01
3.009338866080000230e+02 9.351858997769999515e-01
3.009755298139999695e+02 9.363306126649999506e-01
3.010171730210000192e+02 9.367904832610000065e-01
3.010588162269999657e+02 9.390821028560000228e-01
3.011004594330000259e+02 9.412331938810000187e-01
3.011421026389999724e+02 9.419371915599999978e-01
3.011837458460000221e+02 9.416725312100000522e-01
3.012253890519999686e+02 9.422690308700000239e-01
3.012670322580000288e+02 9.409541321290000315e-01
3.013086754639999754e+02 9.402491699320000285e-01
3.013503186710000250e+02 9.398473287190000081e-01
3.013919618769999715e+02 9.396901551259999597e-01
3.014336050830000318e+02 9.384380024830000222e-01
3.014752482889999783e+02 9.377296350770000233e-01
3.015168914960000279e+02 9.379559984159999697e-01
3.015585347019999745e+02 9.371290461000000294e-01
3.016001779079999778e+02 9.364583110690000156e-01
3.016418211139999812e+02 9.373780857600000349e-01
3.016834643210000308e+02 9.389530604029999727e-01
3.017251075269999774e+02 9.394097440859999759e-01
3.017667507329999808e+02 9.401765935950000541e-01
3.018083939389999841e+02 9.410433418179999787e-01
3.018500371460000338e+02 9.410746615599999698e-01
3.018916803519999803e+02 9.418680608739999904e-01
3.019333235579999837e+02 9.420208220529999732e-01
3.019749667639999871e+02 9.419214474779999957e-01
3.020166099709999799e+02 9.416606315309999919e-01
3.020582531769999832e+02 9.414075838730000534e-01
3.020998963829999866e+02 9.411837924539999678e-01
3.021415395889999900e+02 9.413915761000000160e-01
3.021831827959999828e+02 9.412926578489999585e-01
3.022248260019999861e+02 9.405459412240000372e-01
3.022664692079999895e+02 9.403052622990000220e-01
3.023081124139999929e+02 9.402412498919999750e-01
3.023497556209999857e+02 9.398842168519999651e-01
3.023913988269999891e+02 9.376629823519999629e-01
3.024330420329999924e+02 9.357941590889999883e-01
3.024746852389999958e+02 9.349080338359999631e-01
3.025163284459999886e+02 9.341635207620000436e-01
3.025579716519999920e+02 9.335295226390000201e-01
3.025996148579999954e+02 9.315253670149999943e-01
3.026412580649999882e+02 9.287587878709999689e-01
3.026829012709999915e+02 9.264323881489999746e-01
3.027245444769999949e+02 9.266927558919999530e-01
3.027661876829999983e+02 9.281910358360000446e-01
3.028078308899999911e+02 9.298216573549999975e-01
3.028494740959999945e+02 9.312091776659999764e-01
3.028911173019999978e+02 9.329215556829999478e-01
3.029327605080000012e+02 9.342720665299999450e-01
3.029744037149999940e+02 9.345475016519999567e-01
3.030160469209999974e+02 9.345166023230000452e-01
3.030576901270000008e+02 9.348914296850000527e-01
3.030993333330000041e+02 9.365301493330000504e-01
3.031409765399999969e+02 9.385939809559999958e-01
3.031826197460000003e+02 9.402090225020000025e-01
3.032242629520000037e+02 9.389672967569999695e-01
3.032659061580000071e+02 9.367333188390000176e-01
3.033075493649999999e+02 9.353872091499999541e-01
3.033491925710000032e+02 9.349015265219999815e-01
3.033908357770000066e+02 9.342930847799999494e-01
3.034324789830000100e+02 9.342962041560000097e-01
3.034741221900000028e+02 9.344424217169999825e-01
3.035157653960000061e+02 9.336540673900000087e-01
3.035574086020000095e+02 9.331417781940000156e-01
3.035990518080000129e+02 9.334676691890000377e-01
3.036406950150000057e+02 9.331279894489999949e-01
3.036823382210000091e+02 9.344630806139999635e-01
3.037239814270000124e+02 9.361373320920000074e-01
3.037656246330000158e+02 9.377932445159999908e-01
3.038072678400000086e+02 9.373305575170000070e-01
3.038489110460000120e+02 9.366351156869999750e-01
3.038905542520000154e+02 9.374498106980000411e-01
3.039321974580000187e+02 9.380991231980000400e-01
3.039738406650000115e+02 9.380837354059999855e-01
3.040154838710000149e+02 9.386831658059999750e-01
3.040571270770000183e+02 9.397611130240000055e-01
3.040987702830000217e+02 9.399407726490000003e-01
3.041404134900000145e+02 9.395750707269999724e-01
3.041820566960000178e+02 9.374427232180000402e-01
3.042236999020000212e+02 9.361483348289999507e-01
3.042653431090000140e+02 9.358171081759999455e-01
3.043069863150000174e+02 9.365612903890000451e-01
3.043486295210000208e+02 9.367119920390000187e-01
3.043902727270000241e+02 9.359080563639999850e-01
3.044319159340000169e+02 9.347752073509999482e-01
3.044735591400000203e+02 9.350222424090000040e-01
3.045152023459999668e+02 9.355434693370000554e-01
3.045568455520000271e+02 9.338382005880000447e-01
3.045984887590000199e+02 9.316583278590000461e-01
3.046401319650000232e+02 9.307742873019999585e-01
3.046817751709999698e+02 9.300729027140000049e-01
3.047234183770000300e+02 9.295554094800000389e-01
3.047650615839999659e+02 9.290967126920000041e-01
3.048067047900000262e+02 9.286293863560000084e-01
3.048483479959999727e+02 9.288066006649999817e-01
3.048899912020000329e+02 9.295068588149999478e-01
3.049316344089999689e+02 9.306897678709999955e-01
3.049732776150000291e+02 9.309730209109999821e-01
3.050149208209999756e+02 9.319754707920000492e-01
3.050565640270000358e+02 9.338436139589999518e-01
3.050982072339999718e+02 9.349610339320000296e-01
3.051398504400000320e+02 9.347384301940000473e-01
3.051814936459999785e+02 9.354571423699999944e-01
3.052231368520000387e+02 9.369649703260000129e-01
3.052647800589999747e+02 9.377085312020000396e-01
3.053064232650000349e+02 9.375468853820000392e-01
3.053480664709999814e+02 9.361808166759999494e-01
3.053897096770000417e+02 9.350081587099999814e-01
3.054313528839999776e+02 9.338008885790000102e-01
3.054729960900000378e+02 9.323894681519999672e-01
3.055146392959999844e+02 9.309824739709999797e-01
3.055562825020000446e+02 9.303690001350000127e-01
3.055979257089999805e+02 9.311224547369999494e-01
3.056395689150000408e+02 9.317342073779999456e-01
3.056812121209999873e+02 9.318788890910000289e-01
3.057228553269999907e+02 9.313016170600000310e-01
3.057644985339999835e+02 9.304619029559999532e-01
3.058061417400000437e+02 9.312317783360000156e-01
3.058477849459999902e+02 9.334004374619999655e-01
3.058894281519999936e+02 9.344806245450000270e-01
3.059310713589999864e+02 9.346784012669999697e-01
3.059727145649999898e+02 9.341296734739999996e-01
3.060143577709999931e+02 9.327361268970000285e-01
3.060560009780000428e+02 9.319188898650000441e-01
3.060976441839999893e+02 9.319219017009999773e-01
3.061392873899999927e+02 9.329384405280000125e-01
3.061809305959999961e+02 9.341664277300000263e-01
3.062225738029999889e+02 9.347027422439999622e-01
3.062642170089999922e+02 9.350412927860000112e-01
3.063058602149999956e+02 9.335321787100000490e-01
3.063475034209999990e+02 9.318685234600000422e-01
3.063891466279999918e+02 9.311150332019999531e-01
3.064307898339999952e+02 9.322182793040000304e-01
3.064724330399999985e+02 9.340645594269999519e-01
3.065140762460000019e+02 9.369510757769999865e-01
3.065557194529999947e+02 9.387949988270000157e-01
3.065973626589999981e+02 9.387215960550000515e-01
3.066390058650000014e+02 9.388325041580000141e-01
3.066806490710000048e+02 9.388804629289999593e-01
3.067222922779999976e+02 9.384721588659999947e-01
3.067639354840000010e+02 9.374523500650000507e-01
3.068055786900000044e+02 9.378432429399999881e-01
3.068472218960000077e+02 9.387646953549999562e-01
3.068888651030000005e+02 9.399708963109999482e-01
3.069305083090000039e+02 9.402047241450000037e-01
3.069721515150000073e+02 9.406342349089999999e-01
3.070137947210000107e+02 9.399373979349999741e-01
3.070554379280000035e+02 9.386084838439999745e-01
3.070970811340000068e+02 9.378549447470000411e-01
3.071387243400000102e+02 9.370077693549999642e-01
3.071803675459999567e+02 9.364295568210000420e-01
3.072220107530000064e+02 9.370245868600000083e-01
3.072636539590000098e+02 9.386919589329999480e-01
3.073052971650000131e+02 9.383126197810000013e-01
3.073469403709999597e+02 9.367915573020000330e-01
3.073885835780000093e+02 9.356319659409999545e-01
3.074302267839999558e+02 9.347013107760000494e-01
3.074718699900000161e+02 9.338534897829999792e-01
3.075135131959999626e+02 9.336683702050000422e-01
3.075551564030000122e+02 9.345175374680000369e-01
3.075967996089999588e+02 9.356327990580000087e-01
3.076384428150000190e+02 9.359035882049999699e-01
3.076800860219999549e+02 9.357225197849999843e-01
3.077217292280000152e+02 9.358153298339999537e-01
3.077633724339999617e+02 9.357388531960000311e-01
3.078050156400000219e+02 9.364998518099999503e-01
3.078466588469999579e+02 9.364239712140000060e-01
3.078883020530000181e+02 9.354987309619999802e-01
3.079299452589999646e+02 9.351522763990000042e-01
3.079715884650000248e+02 9.351584523360000345e-01
3.080132316719999608e+02 9.351187161520000402e-01
3.080548748780000210e+02 9.343286638300000169e-01
3.080965180839999675e+02 9.335992309989999960e-01
3.081381612900000277e+02 9.333381552260000547e-01
3.081798044969999637e+02 9.328996892859999779e-01
3.082214477030000239e+02 9.321871585830000528e-01
3.082630909089999705e+02 9.314070079999999807e-01
3.083047341150000307e+02 9.316443689990000498e-01
3.083463773219999666e+02 9.341923888559999778e-01
3.083880205280000268e+02 9.359897799120000528e-01
3.084296637339999734e+02 9.359880575090000487e-01
3.084713069400000336e+02 9.354686064299999604e-01
3.085129501469999695e+02 9.349622653960000251e-01
3.085545933530000298e+02 9.339099378480000269e-01
3.085962365589999763e+02 9.323815120430000158e-01
3.086378797649999797e+02 9.317707477009999906e-01
3.086795229719999725e+02 9.316283076289999521e-01
3.087211661780000327e+02 9.307202652279999988e-01
3.087628093839999792e+02 9.301651510149999691e-01
3.088044525899999826e+02 9.288730055330000068e-01
3.088460957969999754e+02 9.261815083750000177e-01
3.088877390029999788e+02 9.235247505100000476e-01
3.089293822089999821e+02 9.207394724970000555e-01
3.089710254149999855e+02 9.191868827620000015e-01
3.090126686219999783e+02 9.188217099119999620e-01
3.090543118279999817e+02 9.184184441079999983e-01
3.090959550339999851e+02 9.180231768450000107e-01
3.091375982399999884e+02 9.184468320940000208e-01
3.091792414469999812e+02 9.196120316520000060e-01
3.092208846529999846e+02 9.211811423460000148e-01
3.092625278589999880e+02 9.209336321640000378e-01
3.093041710649999914e+02 9.203022367859999830e-01
3.093458142719999842e+02 9.207612798240000229e-01
3.093874574779999875e+02 9.221397276010000477e-01
3.094291006839999909e+02 9.252867210170000467e-01
3.094707438909999837e+02 9.273771320410000296e-01
3.095123870969999871e+02 9.274465157419999883e-01
3.095540303029999905e+02 9.284374710299999611e-01
3.095956735089999938e+02 9.303020263769999909e-01
3.096373167159999866e+02 9.312555501760000354e-01
3.096789599219999900e+02 9.310557466629999501e-01
3.097206031279999934e+02 9.310409426650000375e-01
3.097622463339999968e+02 9.316939546860000254e-01
3.098038895409999895e+02 9.315343355370000467e-01
3.098455327469999929e+02 9.301474192180000378e-01
3.098871759529999963e+02 9.289061580470000523e-01
3.099288191589999997e+02 9.280641438710000024e-01
3.099704623659999925e+02 9.270840023009999653e-01
3.100121055719999958e+02 9.275931834020000322e-01
3.100537487779999992e+02 9.286340600489999542e-01
3.100953919840000026e+02 9.285791802499999692e-01
3.101370351909999954e+02 9.265263233310000457e-01
3.101786783969999988e+02 9.248774258059999642e-01
3.102203216030000021e+02 9.236486387819999866e-01
3.102619648090000055e+02 9.229092714369999673e-01
3.103036080159999983e+02 9.241031345979999756e-01
3.103452512220000017e+02 9.263478491929999503e-01
3.103868944280000051e+02 9.277778371789999756e-01
3.104285376340000084e+02 9.277829891609999935e-01
3.104701808410000012e+02 9.274937096380000412e-01
3.105118240470000046e+02 9.271472014079999990e-01
3.105534672530000080e+02 9.261705525810000061e-01
3.105951104590000114e+02 9.249778633159999597e-01
3.106367536660000042e+02 9.244583653079999630e-01
3.106783968720000075e+02 9.237529889740000444e-01
3.107200400780000109e+02 9.229311812570000217e-01
3.107616832840000143e+02 9.229069383810000193e-01
3.108033264910000071e+02 9.228397602310000059e-01
3.108449696970000105e+02 9.225460336969999453e-01
3.108866129030000138e+02 9.225336322580000026e-01
3.109282561090000172e+02 9.228887072020000026e-01
3.109698993160000100e+02 9.246259086179999809e-01
3.110115425220000134e+02 9.254832819820000278e-01
3.110531857280000168e+02 9.253122222890000081e-01
3.110948289350000096e+02 9.254506013879999493e-01
3.111364721410000129e+02 9.259447904340000202e-01
3.111781153470000163e+02 9.260053132000000131e-01
3.112197585530000197e+02 9.260361327589999858e-01
3.112614017600000125e+02 9.261747390029999583e-01
3.113030449660000158e+02 9.262015615840000216e-01
3.113446881720000192e+02 9.259382505809999886e-01
3.113863313780000226e+02 9.255183468800000091e-01
3.114279745850000154e+02 9.249668133920000423e-01
3.114696177910000188e+02 9.227315515189999928e-01
3.115112609970000221e+02 9.207948639880000341e-01
3.115529042029999687e+02 9.198873545179999667e-01
3.115945474100000183e+02 9.204052915310000360e-01
3.116361906160000217e+02 9.221060953669999449e-01
3.116778338220000251e+02 9.249261641449999516e-01
3.117194770279999716e+02 9.274761512810000275e-01
3.117611202350000212e+02 9.290198420059999629e-01
3.118027634409999678e+02 9.288880616560000192e-01
3.118444066470000280e+02 9.276434653059999480e-01
3.118860498529999745e+02 9.274731000000000503e-01
3.119276930600000242e+02 9.289637818379999912e-01
3.119693362659999707e+02 9.316929375889999587e-01
3.120109794720000309e+02 9.342950539709999891e-01
3.120526226779999774e+02 9.368081831519999847e-01
3.120942658850000271e+02 9.381916579160000103e-01
3.121359090909999736e+02 9.383468436359999609e-01
3.121775522970000338e+02 9.369936025649999722e-01
3.122191955029999804e+02 9.348968068409999610e-01
3.122608387100000300e+02 9.321487210319999717e-01
3.123024819159999765e+02 9.314189687230000070e-01
3.123441251220000368e+02 9.324757759139999935e-01
3.123857683279999833e+02 9.332171274660000515e-01
3.124274115350000329e+02 9.322536067100000157e-01
3.124690547409999795e+02 9.304535846429999868e-01
3.125106979470000397e+02 9.289551589329999581e-01
3.125523411529999862e+02 9.274744172429999489e-01
3.125939843600000358e+02 9.257906108390000499e-01
3.126356275659999824e+02 9.256536724110000502e-01
3.126772707720000426e+02 9.261861221310000447e-01
3.127189139779999891e+02 9.273636165590000147e-01
3.127605571850000388e+02 9.300106922580000379e-01
3.128022003909999853e+02 9.321936278460000169e-01
3.128438435969999887e+02 9.325722545179999656e-01
3.128854868039999815e+02 9.319733538479999524e-01
3.129271300100000417e+02 9.320661585260000548e-01
3.129687732159999882e+02 9.329651811629999791e-01
3.130104164219999916e+02 9.332332646330000481e-01
3.130520596289999844e+02 9.339568631500000384e-01
3.130937028350000446e+02 9.346578536930000292e-01
3.131353460409999911e+02 9.331056281109999517e-01
3.131769892469999945e+02 9.314201997850000136e-01
3.132186324539999873e+02 9.310930524380000017e-01
3.132602756599999907e+02 9.299123147569999803e-01
3.133019188659999941e+02 9.285222630110000486e-01
3.133435620719999974e+02 9.292609447349999829e-01
3.133852052789999902e+02 9.294867558649999584e-01
3.134268484849999936e+02 9.287216766060000239e-01
3.134684916909999970e+02 9.283537069849999712e-01
3.135101348970000004e+02 9.275016118829999545e-01
3.135517781039999932e+02 9.258336022459999759e-01
3.135934213099999965e+02 9.250363760699999993e-01
3.136350645159999999e+02 9.251339659349999689e-01
3.136767077220000033e+02 9.250221502009999819e-01
3.137183509289999961e+02 9.240738574000000316e-01
3.137599941349999995e+02 9.242691877069999506e-01
3.138016373410000028e+02 9.253516211050000217e-01
3.138432805470000062e+02 9.257123041250000517e-01
3.138849237539999990e+02 9.267366230850000441e-01
3.139265669600000024e+02 9.278333926920000474e-01
3.139682101660000058e+02 9.274959979800000420e-01
3.140098533720000091e+02 9.273940199410000140e-01
3.140514965790000019e+02 9.288140508040000354e-01
3.140931397850000053e+02 9.305240323440000516e-01
3.141347829910000087e+02 9.313481147159999862e-01
3.141764261970000121e+02 9.318249755030000303e-01
3.142180694040000049e+02 9.317058892859999553e-01
3.142597126100000082e+02 9.319842903230000086e-01
3.143013558159999548e+02 9.306967275680000373e-01
3.143429990220000150e+02 9.293495145450000328e-01
3.143846422290000078e+02 9.292267074960000039e-01
3.144262854350000111e+02 9.295943214659999621e-01
3.144679286409999577e+02 9.306302968740000070e-01
3.145095718480000073e+02 9.318836781820000192e-01
3.145512150540000107e+02 9.316343176129999737e-01
3.145928582600000141e+02 9.303304968990000479e-01
3.146345014659999606e+02 9.293550051029999537e-01
3.146761446730000102e+02 9.295150576230000183e-01
3.147177878789999568e+02 9.301562802420000331e-01
3.147594310850000170e+02 9.287162438360000438e-01
3.148010742909999635e+02 9.290702339349999894e-01
3.148427174980000132e+02 9.296000057669999705e-01
3.148843607039999597e+02 9.292615915130000293e-01
3.149260039100000199e+02 9.291601065019999828e-01
3.149676471159999664e+02 9.292730938340000302e-01
3.150092903230000161e+02 9.292091801290000008e-01
3.150509335289999626e+02 9.298200444769999518e-01
3.150925767350000228e+02 9.308842571340000260e-01
3.151342199409999694e+02 9.317922607330000329e-01
3.151758631480000190e+02 9.320512902519999532e-01
3.152175063539999655e+02 9.319399234920000552e-01
3.152591495600000258e+02 9.325017182989999709e-01
3.153007927659999723e+02 9.331718117420000347e-01
3.153424359730000219e+02 9.339616623380000426e-01
3.153840791789999685e+02 9.344865063049999643e-01
3.154257223850000287e+02 9.345222210520000017e-01
3.154673655909999752e+02 9.343873966669999920e-01
3.155090087980000249e+02 9.338116486330000354e-01
3.155506520039999714e+02 9.333264340450000418e-01
3.155922952100000316e+02 9.336395888130000209e-01
3.156339384159999781e+02 9.348201547979999582e-01
3.156755816230000278e+02 9.354225652790000289e-01
3.157172248289999743e+02 9.356339489310000479e-01
3.157588680349999777e+02 9.365556567270000299e-01
3.158005112409999811e+02 9.367176246589999922e-01
3.158421544480000307e+02 9.361298324769999901e-01
3.158837976539999772e+02 9.358971388860000129e-01
3.159254408599999806e+02 9.350501975480000061e-01
3.159670840659999840e+02 9.321371754620000338e-01
3.160087272730000336e+02 9.307348436360000088e-01
3.160503704789999802e+02 9.296550241109999835e-01
3.160920136849999835e+02 9.273128258460000550e-01
3.161336568909999869e+02 9.245882843460000444e-01
3.161753000979999797e+02 9.236628897709999730e-01
3.162169433039999831e+02 9.234116227119999465e-01
3.162585865099999864e+02 9.213130733719999688e-01
3.163002297169999792e+02 9.190851867549999499e-01
3.163418729229999826e+02 9.174868226860000142e-01
3.163835161289999860e+02 9.164409396129999941e-01
3.164251593349999894e+02 9.172913766300000438e-01
3.164668025419999822e+02 9.196779869700000276e-01
3.165084457479999855e+02 9.208688176539999715e-01
3.165500889539999889e+02 9.227893216560000278e-01
3.165917321599999923e+02 9.246607614470000458e-01
3.166333753669999851e+02 9.265563462170000042e-01
3.166750185729999885e+02 9.277762911979999805e-01
3.167166617789999918e+02 9.293356871750000359e-01
3.167583049849999952e+02 9.319673446449999732e-01
3.167999481919999880e+02 9.343816014169999962e-01
3.168415913979999914e+02 9.348365769459999752e-01
3.168832346039999948e+02 9.353983369789999891e-01
3.169248778099999981e+02 9.350114369699999983e-01
3.169665210169999909e+02 9.329003076230000246e-01
3.170081642229999943e+02 9.318671841640000508e-01
3.170498074289999977e+02 9.317191133119999691e-01
3.170914506350000011e+02 9.310456814780000423e-01
3.171330938419999939e+02 9.293293317009999610e-01
3.171747370479999972e+02 9.284431739389999994e-01
3.172163802540000006e+02 9.270956600080000332e-01
3.172580234600000040e+02 9.248123933140000030e-01
3.172996666669999968e+02 9.226909913330000323e-01
3.173413098730000002e+02 9.224006556210000429e-01
3.173829530790000035e+02 9.223825703929999786e-01
3.174245962850000069e+02 9.223768267999999937e-01
3.174662394919999997e+02 9.240171996620000217e-01
3.175078826980000031e+02 9.259249803750000396e-01
3.175495259040000064e+02 9.251983877610000517e-01
3.175911691100000098e+02 9.250111254820000406e-01
3.176328123170000026e+02 9.256789341700000229e-01
3.176744555230000060e+02 9.256268429289999933e-01
3.177160987290000094e+02 9.249021083380000174e-01
3.177577419350000127e+02 9.241081180650000393e-01
3.177993851420000055e+02 9.224020774100000208e-01
3.178410283480000089e+02 9.193950406919999541e-01
3.178826715540000123e+02 9.167726263340000292e-01
3.179243147610000051e+02 9.151562872730000242e-01
3.179659579670000085e+02 9.146992323849999496e-01
3.180076011730000118e+02 9.133928619119999759e-01
3.180492443790000152e+02 9.130607261900000049e-01
3.180908875860000080e+02 9.127774073740000382e-01
3.181325307920000114e+02 9.125098930380000084e-01
3.181741739980000148e+02 9.110542922969999680e-01
3.182158172040000181e+02 9.113215169460000542e-01
3.182574604110000109e+02 9.134398301699999667e-01
3.182991036170000143e+02 9.168976900569999477e-01
3.183407468230000177e+02 9.208945832060000392e-01
3.183823900290000211e+02 9.226759863639999448e-01
3.184240332360000139e+02 9.230416178610000300e-01
3.184656764420000172e+02 9.219487250440000503e-01
3.185073196480000206e+02 9.205570074840000450e-01
3.185489628540000240e+02 9.192715467290000220e-01
3.185906060610000168e+02 9.184384496969999478e-01
3.186322492670000202e+02 9.186246118480000389e-01
3.186738924729999667e+02 9.203210698489999730e-01
3.187155356790000269e+02 9.196537135029999588e-01
3.187571788860000197e+02 9.175808170670000097e-01
3.187988220920000231e+02 9.160935515150000485e-01
3.188404652979999696e+02 9.158080825919999723e-01
3.188821085040000298e+02 9.165823486449999891e-01
3.189237517110000226e+02 9.160658556440000044e-01
3.189653949170000260e+02 9.170748927780000281e-01
3.190070381229999725e+02 9.183621595890000266e-01
3.190486813290000327e+02 9.187807452940000008e-01
3.190903245359999687e+02 9.193101923209999748e-01
3.191319677420000289e+02 9.195129601939999731e-01
3.191736109479999755e+02 9.194912186550000532e-01
3.192152541540000357e+02 9.217979444770000308e-01
3.192568973609999716e+02 9.251677813840000209e-01
3.192985405670000318e+02 9.255576922930000006e-01
3.193401837729999784e+02 9.236374562660000231e-01
3.193818269790000386e+02 9.226793945510000095e-01
3.194234701859999745e+02 9.229898024239999721e-01
3.194651133920000348e+02 9.219780170279999743e-01
3.195067565979999813e+02 9.206029546859999524e-01
3.195483998040000415e+02 9.199879710220000284e-01
3.195900430109999775e+02 9.205129975050000413e-01
3.196316862170000377e+02 9.209101113200000022e-01
3.196733294229999842e+02 9.204764888950000001e-01
3.197149726300000339e+02 9.192708561429999703e-01
3.197566158359999804e+02 9.175473948390000523e-01
3.197982590420000406e+02 9.174146783579999465e-01
3.198399022479999871e+02 9.187368697359999947e-01
3.198815454550000368e+02 9.190696729089999906e-01
3.199231886609999833e+02 9.202101077150000030e-01
3.199648318670000435e+02 9.223199710789999894e-01
3.200064750729999901e+02 9.247990929029999974e-01
3.200481182800000397e+02 9.253671667739999940e-01
3.200897614859999862e+02 9.246526801490000391e-01
3.201314046919999896e+02 9.244275119120000106e-01
3.201730478979999930e+02 9.244536336269999488e-01
3.202146911050000426e+02 9.240375892279999448e-01
3.202563343109999892e+02 9.242636666279999691e-01
3.202979775169999925e+02 9.238866237849999719e-01
3.203396207229999959e+02 9.239139958280000453e-01
3.203812639299999887e+02 9.234792005040000085e-01
3.204229071359999921e+02 9.230826896299999529e-01
3.204645503419999955e+02 9.231128638119999730e-01
3.205061935479999988e+02 9.228506154840000475e-01
3.205478367549999916e+02 9.233506059820000278e-01
3.205894799609999950e+02 9.235142105139999558e-01
3.206311231669999984e+02 9.229071259769999758e-01
3.206727663730000017e+02 9.220699179669999968e-01
3.207144095799999945e+02 9.212327931960000438e-01
3.207560527859999979e+02 9.204572268620000441e-01
3.207976959920000013e+02 9.196969387900000292e-01
3.208393391980000047e+02 9.195813333840000547e-01
3.208809824049999975e+02 9.199356479179999768e-01
3.209226256110000008e+02 9.190095630340000543e-01
3.209642688170000042e+02 9.173392092259999853e-01
3.210059120230000076e+02 9.158694565160000467e-01
3.210475552300000004e+02 9.156064529949999864e-01
3.210891984360000038e+02 9.160210229330000287e-01
3.211308416420000071e+02 9.166144137830000149e-01
3.211724848480000105e+02 9.175224480000000460e-01
3.212141280550000033e+02 9.187206434960000223e-01
3.212557712610000067e+02 9.193197647740000145e-01
3.212974144670000101e+02 9.205689331959999722e-01
3.213390576740000029e+02 9.208346536889999712e-01
3.213807008800000062e+02 9.221258045510000168e-01
3.214223440860000096e+02 9.239046784090000353e-01
3.214639872920000130e+02 9.255871761920000385e-01
3.215056304990000058e+02 9.272113871549999553e-01
3.215472737050000092e+02 9.281685012389999656e-01
3.215889169109999557e+02 9.284337271670000113e-01
3.216305601170000159e+02 9.283835435249999657e-01
3.216722033240000087e+02 9.292970048290000173e-01
3.217138465300000121e+02 9.305719742329999766e-01
3.217554897359999586e+02 9.315320125870000245e-01
3.217971329420000188e+02 9.321511803599999979e-01
3.218387761489999548e+02 9.329475210559999843e-01
3.218804193550000150e+02 9.323718407100000105e-01
3.219220625609999615e+02 9.311044361879999842e-01
3.219637057670000218e+02 9.302161547659999474e-01
3.220053489739999577e+02 9.297067901940000434e-01
3.220469921800000179e+02 9.289048360860000519e-01
3.220886353859999645e+02 9.269785257239999687e-01
3.221302785920000247e+02 9.243864229329999960e-01
3.221719217989999606e+02 9.224283911630000166e-01
3.222135650050000208e+02 9.203892294640000360e-01
3.222552082109999674e+02 9.179578779820000145e-01
3.222968514170000276e+02 9.155651600759999731e-01
3.223384946239999636e+02 9.130797169890000342e-01
3.223801378300000238e+02 9.123415569560000549e-01
3.224217810359999703e+02 9.132664886100000379e-01
3.224634242420000305e+02 9.134798382419999641e-01
3.225050674489999665e+02 9.139089000590000511e-01
3.225467106550000267e+02 9.158607426389999695e-01
3.225883538609999732e+02 9.181664748190000447e-01
3.226299970670000334e+02 9.212030573489999874e-01
3.226716402739999694e+02 9.214707588430000040e-01
3.227132834800000296e+02 9.212971987039999533e-01
3.227549266859999761e+02 9.221983253369999689e-01
3.227965698919999795e+02 9.234012364300000497e-01
3.228382130989999723e+02 9.252548184990000424e-01
3.228798563050000325e+02 9.246157310970000154e-01
3.229214995109999791e+02 9.223875300139999789e-01
3.229631427169999824e+02 9.211896958649999911e-01
3.230047859239999752e+02 9.208198527619999574e-01
3.230464291299999786e+02 9.196642121410000259e-01
3.230880723359999820e+02 9.190389202269999558e-01
3.231297155430000316e+02 9.178585600230000363e-01
3.231713587489999782e+02 9.175087273699999990e-01
3.232130019549999815e+02 9.157957711530000378e-01
3.232546451609999849e+02 9.140736717420000490e-01
3.232962883679999777e+02 9.130459488350000097e-01
3.233379315739999811e+02 9.116457622520000026e-01
3.233795747799999845e+02 9.118801665100000342e-01
3.234212179859999878e+02 9.130927391790000236e-01
3.234628611929999806e+02 9.130413269439999757e-01
3.235045043989999840e+02 9.117390586279999765e-01
3.235461476049999874e+02 9.110034219410000356e-01
3.235877908109999908e+02 9.104236966959999844e-01
3.236294340179999836e+02 9.093132695840000501e-01
3.236710772239999869e+02 9.074830754020000168e-01
3.237127204299999903e+02 9.073664974189999954e-01
3.237543636359999937e+02 9.082789294549999948e-01
3.237960068429999865e+02 9.088909482700000542e-01
3.238376500489999898e+02 9.093780771770000326e-01
3.238792932549999932e+02 9.082046030670000158e-01
3.239209364609999966e+02 9.065258243989999798e-01
3.239625796679999894e+02 9.055324211730000350e-01
3.240042228739999928e+02 9.044440977709999885e-01
3.240458660799999961e+02 9.033659003789999975e-01
3.240875092859999995e+02 9.032642291810000224e-01
3.241291524929999923e+02 9.044568800059999969e-01
3.241707956989999957e+02 9.068019146239999495e-01
3.242124389049999991e+02 9.088411394530000464e-01
3.242540821110000024e+02 9.091918506510000553e-01
3.242957253179999952e+02 9.106843048760000503e-01
3.243373685239999986e+02 9.117806706590000365e-01
3.243790117300000020e+02 9.122366357600000253e-01
3.244206549360000054e+02 9.126909209189999483e-01
3.244622981429999982e+02 9.132806191850000310e-01
3.245039413490000015e+02 9.144201957419999527e-01
3.245455845550000049e+02 9.146678809580000014e-01
3.245872277610000083e+02 9.147415456420000535e-01
3.246288709680000011e+02 9.149061625809999931e-01
3.246705141740000045e+02 9.144067050640000138e-01
3.247121573800000078e+02 9.133009539180000358e-01
3.247538005870000006e+02 9.123625567509999756e-01
3.247954437930000040e+02 9.101446056499999937e-01
3.248370869990000074e+02 9.082625475269999749e-01
3.248787302050000108e+02 9.085887351670000056e-01
3.249203734120000036e+02 9.092325666120000260e-01
3.249620166180000069e+02 9.092997364010000361e-01
3.250036598240000103e+02 9.091230868040000024e-01
3.250453030300000137e+02 9.094967918180000277e-01
3.250869462370000065e+02 9.079334368170000058e-01
3.251285894430000099e+02 9.055601099119999775e-01
3.251702326490000132e+02 9.047410202390000489e-01
3.252118758550000166e+02 9.053772094369999524e-01
3.252535190620000094e+02 9.074727304990000132e-01
3.252951622680000128e+02 9.095386914599999928e-01
3.253368054740000161e+02 9.112136409350000132e-01
3.253784486800000195e+02 9.121758671609999647e-01
3.254200918870000123e+02 9.131844988189999901e-01
3.254617350930000157e+02 9.142069503230000338e-01
3.255033782990000191e+02 9.150404125509999931e-01
3.255450215050000224e+02 9.160590120220000188e-01
3.255866647120000152e+02 9.187474703929999764e-01
3.256283079180000186e+02 9.218435524629999822e-01
3.256699511240000220e+02 9.234125583769999812e-01
3.257115943299999685e+02 9.243683376479999714e-01
3.257532375370000182e+02 9.244784779239999528e-01
3.257948807430000215e+02 9.242286669329999871e-01
3.258365239490000249e+02 9.240828429520000498e-01
3.258781671549999714e+02 9.235642944869999482e-01
3.259198103620000211e+02 9.228318207079999613e-01
3.259614535679999676e+02 9.226185111960000240e-01
3.260030967740000278e+02 9.231650837420000144e-01
3.260447399799999744e+02 9.220583656519999449e-01
3.260863831870000240e+02 9.205259069400000271e-01
3.261280263929999705e+02 9.202707531849999567e-01
3.261696695990000308e+02 9.198369930130000371e-01
3.262113128049999773e+02 9.178016804540000129e-01
3.262529560120000269e+02 9.158362959300000439e-01
3.262945992179999735e+02 9.152903649169999989e-01
3.263362424240000337e+02 9.156824814549999747e-01
3.263778856299999802e+02 9.154446732259999830e-01
3.264195288370000299e+02 9.156464036789999650e-01
3.264611720429999764e+02 9.158871661509999651e-01
3.265028152490000366e+02 9.151880711440000260e-01
3.265444584559999726e+02 9.147348313669999564e-01
3.265861016620000328e+02 9.148923968719999689e-01
3.266277448679999793e+02 9.150259702109999616e-01
3.266693880740000395e+02 9.172400175089999719e-01
3.267110312809999755e+02 9.208979707719999741e-01
3.267526744870000357e+02 9.234203904159999921e-01
3.267943176929999822e+02 9.244478872360000210e-01
3.268359608990000424e+02 9.246028547410000131e-01
3.268776041059999784e+02 9.252394703459999592e-01
3.269192473120000386e+02 9.254754552689999914e-01
3.269608905179999851e+02 9.259914559609999651e-01
3.270025337240000454e+02 9.263590117540000390e-01
3.270441769309999813e+02 9.273118616769999711e-01
3.270858201370000415e+02 9.278921191240000477e-01
3.271274633429999881e+02 9.278336819060000185e-01
3.271691065489999914e+02 9.257074302479999517e-01
3.272107497559999842e+02 9.229115859340000227e-01
3.272523929620000445e+02 9.208789606449999665e-01
3.272940361679999910e+02 9.201153661740000267e-01
3.273356793739999944e+02 9.193991904989999853e-01
3.273773225809999872e+02 9.186583928389999709e-01
3.274189657869999905e+02 9.188511019780000177e-01
3.274606089929999939e+02 9.185328914529999889e-01
3.275022521989999973e+02 9.188100191910000270e-01
3.275438954059999901e+02 9.187059084559999755e-01
3.275855386119999935e+02 9.167057283559999492e-01
3.276271818179999968e+02 9.151891643639999963e-01
3.276688250240000002e+02 9.146388446840000297e-01
3.277104682309999930e+02 9.143403200430000322e-01
3.277521114369999964e+02 9.136571659819999747e-01
3.277937546429999998e+02 9.127898024770000340e-01
3.278353978490000031e+02 9.121028157849999651e-01
3.278770410559999959e+02 9.135435354309999756e-01
3.279186842619999993e+02 9.142730210439999894e-01
3.279603274680000027e+02 9.150835568230000217e-01
3.280019706740000061e+02 9.185444425450000061e-01
3.280436138809999989e+02 9.248445485420000445e-01
3.280852570870000022e+02 9.333277603440000014e-01
3.281269002930000056e+02 9.409838189029999800e-01
3.281685434999999984e+02 9.483896563829999904e-01
3.282101867060000018e+02 9.560423133040000243e-01
3.282518299120000052e+02 9.641692157889999448e-01
3.282934731180000085e+02 9.715891065589999931e-01
3.283351163250000013e+02 9.789405067999999988e-01
3.283767595310000047e+02 9.847917465690000371e-01
3.284184027370000081e+02 9.905208411849999450e-01
3.284600459429999546e+02 9.962075181580000161e-01
3.285016891500000042e+02 9.990351197069999856e-01
3.285433323560000076e+02 9.996204892409999987e-01
3.285849755620000110e+02 9.997300367939999655e-01
3.286266187679999575e+02 9.997949257010000368e-01
3.286682619750000072e+02 9.998487769889999877e-01
3.287099051810000105e+02 9.998842914529999515e-01
3.287515483870000139e+02 9.999030824519999916e-01
3.287931915929999604e+02 9.999186451420000177e-01
3.288348348000000101e+02 9.999317820919999544e-01
3.288764780059999566e+02 9.999429795009999733e-01
3.289181212120000168e+02 9.999526504239999447e-01
3.289597644179999634e+02 9.999610557110000242e-01
3.290014076250000130e+02 9.999683508500000206e-01
3.290430508309999595e+02 9.999714925420000178e-01
3.290846940370000198e+02 9.999734959260000444e-01
3.291263372429999663e+02 9.999752208150000099e-01
3.291679804500000159e+02 9.999766713350000114e-01
3.292096236559999625e+02 9.999789566669999852e-01
3.292512668620000227e+02 9.999814534780000486e-01
3.292929100679999692e+02 9.999837771439999967e-01
3.293345532750000189e+02 9.999859767700000068e-01
3.293761964809999654e+02 9.999880374309999542e-01
3.294178396870000256e+02 9.999899806259999746e-01
3.294594828929999721e+02 9.999918172470000366e-01
3.295011261000000218e+02 9.999935450439999540e-01
3.295427693059999683e+02 9.999951852339999947e-01
3.295844125120000285e+02 9.999967388499999554e-01
3.296260557179999751e+02 9.999982058940000140e-01
3.296676989250000247e+02 9.999996063660000489e-01
3.297093421309999712e+02 1.000000000000000000e+00
3.297509853370000314e+02 1.000000000000000000e+00
3.297926285429999780e+02 1.000000000000000000e+00
3.298342717500000276e+02 1.000000000000000000e+00
3.298759149559999742e+02 1.000000000000000000e+00
3.299175581619999775e+02 1.000000000000000000e+00
3.299592013689999703e+02 1.000000000000000000e+00
3.300008445750000305e+02 1.000000000000000000e+00
3.300424877809999771e+02 1.000000000000000000e+00
3.300841309869999805e+02 1.000000000000000000e+00
3.301257741939999732e+02 1.000000000000000000e+00
3.301674174000000335e+02 1.000000000000000000e+00
3.302090606059999800e+02 1.000000000000000000e+00
3.302507038119999834e+02 1.000000000000000000e+00
3.302923470189999762e+02 1.000000000000000000e+00
3.303339902249999795e+02 1.000000000000000000e+00
3.303756334309999829e+02 1.000000000000000000e+00
3.304172766369999863e+02 1.000000000000000000e+00
3.304589198439999791e+02 1.000000000000000000e+00
3.305005630499999825e+02 1.000000000000000000e+00
3.305422062559999858e+02 1.000000000000000000e+00
3.305838494619999892e+02 1.000000000000000000e+00
3.306254926689999820e+02 1.000000000000000000e+00
3.306671358749999854e+02 1.000000000000000000e+00
3.307087790809999888e+02 1.000000000000000000e+00
3.307504222869999921e+02 1.000000000000000000e+00
3.307920654939999849e+02 1.000000000000000000e+00
3.308337086999999883e+02 1.000000000000000000e+00
3.308753519059999917e+02 1.000000000000000000e+00
3.309169951119999951e+02 1.000000000000000000e+00
3.309586383189999879e+02 1.000000000000000000e+00
3.310002815249999912e+02 1.000000000000000000e+00
3.310419247309999946e+02 1.000000000000000000e+00
3.310835679369999980e+02 1.000000000000000000e+00
3.311252111439999908e+02 1.000000000000000000e+00
3.311668543499999942e+02 1.000000000000000000e+00
3.312084975559999975e+02 1.000000000000000000e+00
3.312501407620000009e+02 1.000000000000000000e+00
3.312917839689999937e+02 1.000000000000000000e+00
3.313334271749999971e+02 1.000000000000000000e+00
3.313750703810000005e+02 1.000000000000000000e+00
3.314167135870000038e+02 1.000000000000000000e+00
3.314583567939999966e+02 1.000000000000000000e+00
3.315000000000000000e+02 1.000000000000000000e+00
