# Wavelength (Nm)     Mean
2.903329999999999700e+02 8.469151400000000107e-01
2.904221173020000037e+02 8.551679891090000485e-01
2.905112346039999807e+02 8.645346972549999842e-01
2.906003519060000144e+02 8.719033301990000151e-01
2.906894692079999913e+02 8.767087681990000103e-01
2.907785865100000251e+02 8.779631195010000333e-01
2.908677038120000020e+02 8.799327206570000115e-01
2.909568211140000358e+02 8.768118315949999797e-01
2.910459384160000127e+02 8.691553071550000009e-01
2.911350557179999896e+02 8.643774441820000209e-01
2.912241730209999560e+02 8.614597532550000158e-01
2.913132903229999897e+02 8.601286838060000495e-01
2.914024076249999666e+02 8.570773254189999468e-01
2.914915249270000004e+02 8.549696950259999539e-01
2.915806422289999773e+02 8.559215174190000219e-01
2.916697595310000111e+02 8.569695407920000507e-01
2.917588768330000448e+02 8.581839006799999447e-01
2.918479941350000217e+02 8.591474087510000412e-01
2.919371114369999987e+02 8.614776482229999921e-01
2.920262287389999756e+02 8.678517443230000517e-01
2.921153460410000093e+02 8.690947009970000359e-01
2.922044633429999863e+02 8.705689261350000319e-01
2.922935806450000200e+02 8.707993605160000428e-01
2.923826979469999969e+02 8.731408438240000347e-01
2.924718152490000307e+02 8.735790061470000145e-01
2.925609325510000076e+02 8.711951259819999960e-01
2.926500498530000414e+02 8.705278740059999576e-01
2.927391671550000183e+02 8.685334448679999930e-01
2.928282844569999952e+02 8.656793971730000203e-01
2.929174017599999615e+02 8.630106545450000333e-01
2.930065190619999953e+02 8.621929102049999960e-01
2.930956363639999722e+02 8.614877056359999674e-01
2.931847536660000060e+02 8.633471427209999938e-01
2.932738709679999829e+02 8.641141152260000124e-01
2.933629882700000167e+02 8.644268223700000142e-01
2.934521055719999936e+02 8.675801819649999747e-01
2.935412228740000273e+02 8.690535605510000261e-01
2.936303401760000042e+02 8.705491616480000028e-01
2.937194574779999812e+02 8.705572779350000401e-01
2.938085747799999581e+02 8.742503747159999783e-01
2.938976920819999918e+02 8.716555682109999870e-01
2.939868093839999688e+02 8.734053823640000047e-01
2.940759266860000025e+02 8.769381418889999891e-01
2.941650439879999794e+02 8.815597551139999766e-01
2.942541612900000132e+02 8.821683303230000162e-01
2.943432785919999901e+02 8.822149836660000410e-01
2.944323958940000239e+02 8.841134712729999956e-01
2.945215131960000008e+02 8.838193437069999936e-01
2.946106304989999671e+02 8.808526014080000355e-01
2.946997478010000009e+02 8.779360522400000422e-01
2.947888651029999778e+02 8.792109786509999525e-01
2.948779824050000116e+02 8.780239288500000239e-01
2.949670997069999885e+02 8.763625906980000435e-01
2.950562170090000222e+02 8.742204204810000157e-01
2.951453343109999992e+02 8.745481327740000088e-01
2.952344516130000329e+02 8.793925735480000450e-01
2.953235689150000098e+02 8.767927810790000498e-01
2.954126862169999868e+02 8.722806947740000538e-01
2.955018035189999637e+02 8.694550559410000323e-01
2.955909208209999974e+02 8.678559504630000143e-01
2.956800381229999743e+02 8.650278560699999897e-01
2.957691554250000081e+02 8.651451792019999587e-01
2.958582727269999850e+02 8.712341774549999807e-01
2.959473900290000188e+02 8.802138279590000502e-01
2.960365073309999957e+02 8.818391538890000270e-01
2.961256246330000295e+02 8.825587786220000508e-01
2.962147419350000064e+02 8.856525056770000459e-01
2.963038592379999727e+02 8.823419474020000042e-01
2.963929765400000065e+02 8.797013501699999516e-01
2.964820938419999834e+02 8.788711817709999874e-01
2.965712111440000172e+02 8.801955545449999807e-01
2.966603284459999941e+02 8.808582902989999797e-01
2.967494457480000278e+02 8.800754192959999722e-01
2.968385630500000048e+02 8.816354941520000432e-01
2.969276803520000385e+02 8.791837734549999839e-01
2.970167976540000154e+02 8.794123168330000295e-01
2.971059149559999923e+02 8.792658842580000078e-01
2.971950322579999693e+02 8.759827283869999759e-01
2.972841495600000030e+02 8.753329552609999675e-01
2.973732668619999799e+02 8.771052841349999962e-01
2.974623841640000137e+02 8.791786205279999988e-01
2.975515014659999906e+02 8.788540098299999492e-01
2.976406187680000244e+02 8.820480930209999570e-01
2.977297360700000013e+02 8.864846138009999654e-01
2.978188533720000351e+02 8.861008162700000357e-01
2.979079706740000120e+02 8.863479821990000174e-01
2.979970879769999783e+02 8.858018274490000454e-01
2.980862052789999552e+02 8.836374450320000351e-01
2.981753225809999890e+02 8.784875443870000522e-01
2.982644398829999659e+02 8.783743467040000530e-01
2.983535571849999997e+02 8.801463007619999557e-01
2.984426744870000334e+02 8.793340322699999545e-01
2.985317917890000103e+02 8.809128670379999804e-01
2.986209090910000441e+02 8.815005523640000451e-01
2.987100263930000210e+02 8.814019730209999848e-01
2.987991436949999979e+02 8.785802106740000506e-01
2.988882609969999749e+02 8.775956560350000046e-01
2.989773782990000086e+02 8.754484490030000066e-01
2.990664956009999855e+02 8.733434685630000471e-01
2.991556129030000193e+02 8.747892702580000179e-01
2.992447302049999962e+02 8.750968268619999657e-01
2.993338475070000300e+02 8.754556587859999572e-01
2.994229648090000069e+02 8.767394304159999985e-01
2.995120821110000406e+02 8.812791026039999975e-01
2.996011994130000176e+02 8.831284680590000269e-01
2.996903167159999839e+02 8.815229083869999815e-01
2.997794340179999608e+02 8.811269148860000344e-01
2.998685513199999946e+02 8.829046670560000143e-01
2.999576686219999715e+02 8.801732519999999615e-01
3.000467859240000053e+02 8.743561502990000456e-01
3.001359032259999822e+02 8.761976607100000480e-01
3.002250205280000159e+02 8.742798520469999835e-01
3.003141378299999928e+02 8.725294477599999654e-01
3.004032551320000266e+02 8.730878431090000058e-01
3.004923724340000035e+02 8.751716501290000005e-01
3.005814897359999804e+02 8.774588811850000392e-01
3.006706070379999574e+02 8.763086115779999963e-01
3.007597243399999911e+02 8.796798504520000339e-01
3.008488416419999680e+02 8.770437991789999943e-01
3.009379589440000018e+02 8.751022063340000434e-01
3.010270762459999787e+02 8.757501044990000372e-01
3.011161935480000125e+02 8.731940056770000069e-01
3.012053108499999894e+02 8.721870298589999848e-01
3.012944281520000231e+02 8.720851592959999454e-01
3.013835454549999895e+02 8.778072192729999834e-01
3.014726627569999664e+02 8.800033389679999818e-01
3.015617800590000002e+02 8.836791789329999647e-01
3.016508973609999771e+02 8.889641246920000350e-01
3.017400146630000108e+02 8.926703050149999985e-01
3.018291319649999878e+02 8.968439275659999543e-01
3.019182492670000215e+02 9.013630462580000113e-01
3.020073665689999984e+02 9.039803525980000254e-01
3.020964838710000322e+02 9.023606565809999536e-01
3.021856011730000091e+02 8.989486230500000064e-01
3.022747184749999860e+02 8.985514672379999457e-01
3.023638357769999629e+02 8.943337296769999778e-01
3.024529530789999967e+02 8.890082410499999810e-01
3.025420703809999736e+02 8.887141160939999729e-01
3.026311876830000074e+02 8.895605154839999473e-01
3.027203049849999843e+02 8.907395854780000288e-01
3.028094222870000181e+02 8.894863675480000342e-01
3.028985395889999950e+02 8.908465990730000117e-01
3.029876568910000287e+02 8.953762893960000024e-01
3.030767741939999951e+02 8.955058296769999870e-01
3.031658914959999720e+02 8.964905555190000319e-01
3.032550087980000058e+02 8.959079978770000396e-01
3.033441260999999827e+02 8.994151355599999675e-01
3.034332434020000164e+02 9.015164321759999710e-01
3.035223607039999933e+02 8.966627044870000285e-01
3.036114780060000271e+02 8.961485823229999870e-01
3.037005953080000040e+02 8.980488923399999601e-01
3.037897126100000378e+02 8.951623093960000555e-01
3.038788299120000147e+02 8.903873550669999526e-01
3.039679472139999916e+02 8.890170169500000164e-01
3.040570645159999685e+02 8.899190929679999806e-01
3.041461818180000023e+02 8.915045323639999575e-01
3.042352991199999792e+02 8.929131339710000281e-01
3.043244164220000130e+02 8.944440104630000388e-01
3.044135337239999899e+02 8.948406966859999701e-01
3.045026510260000236e+02 8.958646110260000128e-01
3.045917683280000006e+02 8.953942948209999697e-01
3.046808856300000343e+02 8.881646601410000397e-01
3.047700029330000007e+02 8.876028882349999982e-01
3.048591202349999776e+02 8.884963436360000522e-01
3.049482375370000113e+02 8.907817680409999550e-01
3.050373548389999883e+02 8.880718520000000504e-01
3.051264721410000220e+02 8.926661676189999728e-01
3.052155894429999989e+02 8.971329180410000381e-01
3.053047067450000327e+02 8.985950462170000375e-01
3.053938240470000096e+02 8.979478915070000511e-01
3.054829413490000434e+02 8.949641422520000500e-01
3.055720586510000203e+02 8.944925222170000412e-01
3.056611759529999972e+02 8.920271118999999471e-01
3.057502932549999741e+02 8.924408998830000161e-01
3.058394105570000079e+02 8.889792184400000519e-01
3.059285278589999848e+02 8.926644106159999925e-01
3.060176451610000186e+02 8.929351269030000315e-01
3.061067624629999955e+02 8.948611204690000154e-01
3.061958797650000292e+02 8.928377945750000100e-01
3.062849970670000062e+02 8.907829471439999702e-01
3.063741143700000293e+02 8.889434290259999871e-01
3.064632316720000063e+02 8.882478058060000459e-01
3.065523489739999832e+02 8.899068837710000235e-01
3.066414662759999601e+02 8.908234900879999918e-01
3.067305835779999938e+02 8.914043701699999600e-01
3.068197008799999708e+02 8.922839017710000320e-01
3.069088181820000045e+02 8.913202709090000120e-01
3.069979354839999814e+02 8.906350134189999768e-01
3.070870527860000152e+02 8.920655941349999729e-01
3.071761700879999921e+02 8.917572495479999528e-01
3.072652873900000259e+02 8.965437303459999896e-01
3.073544046920000028e+02 8.995833502169999774e-01
3.074435219939999797e+02 9.028949453839999473e-01
3.075326392959999566e+02 9.016998048090000273e-01
3.076217565979999904e+02 9.015075798420000286e-01
3.077108738999999673e+02 9.040107415370000066e-01
3.077999912020000011e+02 9.011241199880000163e-01
3.078891085039999780e+02 8.972082471910000079e-01
3.079782258060000117e+02 8.946706651610000227e-01
3.080673431090000349e+02 8.906536772080000386e-01
3.081564604110000118e+02 8.870567185869999705e-01
3.082455777129999888e+02 8.819266669909999745e-01
3.083346950149999657e+02 8.803525075539999634e-01
3.084238123169999994e+02 8.811942161879999791e-01
3.085129296189999764e+02 8.846591378889999691e-01
3.086020469210000101e+02 8.904683096300000100e-01
3.086911642229999870e+02 8.939047338890000471e-01
3.087802815250000208e+02 8.960603354130000087e-01
3.088693988269999977e+02 8.952284163050000521e-01
3.089585161290000315e+02 8.923874570319999533e-01
3.090476334310000084e+02 8.898371726739999765e-01
3.091367507329999853e+02 8.858512894900000267e-01
3.092258680349999622e+02 8.829734091669999563e-01
3.093149853369999960e+02 8.827370819350000009e-01
3.094041026389999729e+02 8.852814456069999505e-01
3.094932199410000067e+02 8.832521682349999681e-01
3.095823372429999836e+02 8.801115789679999635e-01
3.096714545450000173e+02 8.801319312730000455e-01
3.097605718480000405e+02 8.809472138709999456e-01
3.098496891500000174e+02 8.824217389680000245e-01
3.099388064519999944e+02 8.813610391609999484e-01
3.100279237539999713e+02 8.806292615840000115e-01
3.101170410560000050e+02 8.812844090210000259e-01
3.102061583579999819e+02 8.803895634599999687e-01
3.102952756600000157e+02 8.829705514960000112e-01
3.103843929619999926e+02 8.824799284109999808e-01
3.104735102640000264e+02 8.869195388039999850e-01
3.105626275660000033e+02 8.911139050669999451e-01
3.106517448680000371e+02 8.916759635480000501e-01
3.107408621700000140e+02 8.926125186040000381e-01
3.108299794719999909e+02 8.904308062169999927e-01
3.109190967739999678e+02 8.895961455480000390e-01
3.110082140760000016e+02 8.872552028090000542e-01
3.110973313779999785e+02 8.843100444570000107e-01
3.111864486800000122e+02 8.830855693839999576e-01
3.112755659819999892e+02 8.845824707920000307e-01
3.113646832840000229e+02 8.854760144159999902e-01
3.114538005869999893e+02 8.844669640000000221e-01
3.115429178890000230e+02 8.857606882990000097e-01
3.116320351909999999e+02 8.872926853489999655e-01
3.117211524929999769e+02 8.837132089029999804e-01
3.118102697950000106e+02 8.815610198479999493e-01
3.118993870969999875e+02 8.814621963230000468e-01
3.119885043990000213e+02 8.811918533720000113e-01
3.120776217009999982e+02 8.792463493019999632e-01
3.121667390030000320e+02 8.781118784750000517e-01
3.122558563050000089e+02 8.786167241640000514e-01
3.123449736070000426e+02 8.817763687980000320e-01
3.124340909090000196e+02 8.835595154549999997e-01
3.125232082109999965e+02 8.842855689619999460e-01
3.126123255129999734e+02 8.857245424340000062e-01
3.127014428150000072e+02 8.883685577829999458e-01
3.127905601169999841e+02 8.856131724160000163e-01
3.128796774190000178e+02 8.824931651609999594e-01
3.129687947209999948e+02 8.794397430210000310e-01
3.130579120230000285e+02 8.758194468269999700e-01
3.131470293259999949e+02 8.745410523279999460e-01
3.132361466280000286e+02 8.726758501000000390e-01
3.133252639300000055e+02 8.724232645160000521e-01
3.134143812319999824e+02 8.732433664400000017e-01
3.135034985339999594e+02 8.785426209269999731e-01
3.135926158359999931e+02 8.834160024630000052e-01
3.136817331379999700e+02 8.844945775720000070e-01
3.137708504400000038e+02 8.846820336070000401e-01
3.138599677419999807e+02 8.835927881940000006e-01
3.139490850440000145e+02 8.802893956130000142e-01
3.140382023459999914e+02 8.792365129439999594e-01
3.141273196480000252e+02 8.750478892199999859e-01
3.142164369500000021e+02 8.729486079179999969e-01
3.143055542519999790e+02 8.767795943230000111e-01
3.143946715539999559e+02 8.791032473309999817e-01
3.144837888559999897e+02 8.783372795070000238e-01
3.145729061579999666e+02 8.753682868209999857e-01
3.146620234600000003e+02 8.800047482110000541e-01
3.147511407620000341e+02 8.818627129910000528e-01
3.148402580650000004e+02 8.787445870969999850e-01
3.149293753670000342e+02 8.783050464749999620e-01
3.150184926690000111e+02 8.849206625450000141e-01
3.151076099709999880e+02 8.849102666570000109e-01
3.151967272729999650e+02 8.822365130910000408e-01
3.152858445749999987e+02 8.839381244220000378e-01
3.153749618769999756e+02 8.851731674130000060e-01
3.154640791790000094e+02 8.832851250380000518e-01
3.155531964809999863e+02 8.773376048680000538e-01
3.156423137830000201e+02 8.758920215950000143e-01
3.157314310849999970e+02 8.786175175010000338e-01
3.158205483870000307e+02 8.793285997419999500e-01
3.159096656890000077e+02 8.812925647860000433e-01
3.159987829909999846e+02 8.837570616130000500e-01
3.160879002929999615e+02 8.870755708619999513e-01
3.161770175949999953e+02 8.889347633780000368e-01
3.162661348969999722e+02 8.819943474489999602e-01
3.163552521990000059e+02 8.795814248679999503e-01
3.164443695009999828e+02 8.770530805870000446e-01
3.165334868040000060e+02 8.750686439820000162e-01
3.166226041060000398e+02 8.737165001409999965e-01
3.167117214080000167e+02 8.767669971260000361e-01
3.168008387099999936e+02 8.800565526450000453e-01
3.168899560119999705e+02 8.840815004690000256e-01
3.169790733140000043e+02 8.872188218530000503e-01
3.170681906159999812e+02 8.919985314720000336e-01
3.171573079180000150e+02 8.917732933609999746e-01
3.172464252199999919e+02 8.901796042870000480e-01
3.173355425220000257e+02 8.870047051610000510e-01
3.174246598240000026e+02 8.844520164110000193e-01
3.175137771260000363e+02 8.827406525400000037e-01
3.176028944280000132e+02 8.785984037359999554e-01
3.176920117299999902e+02 8.810040091140000085e-01
3.177811290319999671e+02 8.830715103230000196e-01
3.178702463340000008e+02 8.899968089969999552e-01
3.179593636359999778e+02 8.931557012730000356e-01
3.180484809380000115e+02 9.032985223460000546e-01
3.181375982399999884e+02 9.133801806389999500e-01
3.182267155430000116e+02 9.182765499709999446e-01
3.183158328450000454e+02 9.219141413260000251e-01
3.184049501470000223e+02 9.263121794959999766e-01
3.184940674489999992e+02 9.288397397600000049e-01
3.185831847509999761e+02 9.247822511669999690e-01
3.186723020530000099e+02 9.195304429909999522e-01
3.187614193549999868e+02 9.208620483870000317e-01
3.188505366570000206e+02 9.239766044989999871e-01
3.189396539589999975e+02 9.241541691850000406e-01
3.190287712610000312e+02 9.251741393900000388e-01
3.191178885630000082e+02 9.270729101469999955e-01
3.192070058650000419e+02 9.313547852139999472e-01
3.192961231670000188e+02 9.292205188859999909e-01
3.193852404689999958e+02 9.272175082579999783e-01
3.194743577709999727e+02 9.251733325980000533e-01
3.195634750730000064e+02 9.236471065400000402e-01
3.196525923749999833e+02 9.236300241879999984e-01
3.197417096770000171e+02 9.249003710969999625e-01
3.198308269789999940e+02 9.258959884109999594e-01
3.199199442820000172e+02 9.256188813429999662e-01
3.200090615839999941e+02 9.255081612900000199e-01
3.200981788860000279e+02 9.264064181350000204e-01
3.201872961880000048e+02 9.248566764460000034e-01
3.202764134899999817e+02 9.194734930439999454e-01
3.203655307919999586e+02 9.180937638939999923e-01
3.204546480939999924e+02 9.172890016129999768e-01
3.205437653959999693e+02 9.163767774429999458e-01
3.206328826980000031e+02 9.178381872899999960e-01
3.207219999999999800e+02 9.195823720000000367e-01
3.208111173020000138e+02 9.207987117360000306e-01
3.209002346039999907e+02 9.191407417010000191e-01
3.209893519060000244e+02 9.188799311199999931e-01
3.210784692080000013e+02 9.190584055010000419e-01
3.211675865099999783e+02 9.170019827099999965e-01
3.212567038119999552e+02 9.156137179940000426e-01
3.213458211139999889e+02 9.158970562460000409e-01
3.214349384160000227e+02 9.184696527269999855e-01
3.215240557179999996e+02 9.213212770440000199e-01
3.216131730210000228e+02 9.199278539940000110e-01
3.217022903229999997e+02 9.178691007100000521e-01
3.217914076250000335e+02 9.197219363049999874e-01
3.218805249270000104e+02 9.223327955069999806e-01
3.219696422289999873e+02 9.206122322930000434e-01
3.220587595309999642e+02 9.181507790620000442e-01
3.221478768329999980e+02 9.193948375949999585e-01
3.222369941349999749e+02 9.215776296769999654e-01
3.223261114370000087e+02 9.178489481760000457e-01
3.224152287389999856e+02 9.160188495950000176e-01
3.225043460410000193e+02 9.170976792260000510e-01
3.225934633429999963e+02 9.171713378889999602e-01
3.226825806450000300e+02 9.159831580649999694e-01
3.227716979470000069e+02 9.156462918529999495e-01
3.228608152489999839e+02 9.165827984050000099e-01
3.229499325509999608e+02 9.136775301989999987e-01
3.230390498529999945e+02 9.126619036130000362e-01
3.231281671549999714e+02 9.149428257770000350e-01
3.232172844570000052e+02 9.184219931849999519e-01
3.233064017600000284e+02 9.182310155249999717e-01
3.233955190620000053e+02 9.187096147100000110e-01
3.234846363640000391e+02 9.199930736360000250e-01
3.235737536660000160e+02 9.222449324929999914e-01
3.236628709679999929e+02 9.216320397420000310e-01
3.237519882699999698e+02 9.194695756359999583e-01
3.238411055720000036e+02 9.212164139349999781e-01
3.239302228739999805e+02 9.213749289849999524e-01
3.240193401760000143e+02 9.224107223749999918e-01
3.241084574779999912e+02 9.223562301230000537e-01
3.241975747800000249e+02 9.254350174659999873e-01
3.242866920820000018e+02 9.279024812320000315e-01
3.243758093840000356e+02 9.258355734780000512e-01
3.244649266860000125e+02 9.225094831669999884e-01
3.245540439879999894e+02 9.179008949850000487e-01
3.246431612899999664e+02 9.144249961289999673e-01
3.247322785920000001e+02 9.126438408910000355e-01
3.248213958939999770e+02 9.122931572319999960e-01
3.249105131960000108e+02 9.133027282990000550e-01
3.249996304990000340e+02 9.147304127619999559e-01
3.250887478010000109e+02 9.193271875949999838e-01
3.251778651030000447e+02 9.194596138420000342e-01
3.252669824050000216e+02 9.173903679589999749e-01
3.253560997069999985e+02 9.174247722580000097e-01
3.254452170089999754e+02 9.215649030260000263e-01
3.255343343110000092e+02 9.226889020530000263e-01
3.256234516129999861e+02 9.209272825159999787e-01
3.257125689150000198e+02 9.224121521989999684e-01
3.258016862169999968e+02 9.231696992960000125e-01
3.258908035190000305e+02 9.231067347450000460e-01
3.259799208210000074e+02 9.210651591959999607e-01
3.260690381230000412e+02 9.216510164219999801e-01
3.261581554250000181e+02 9.248533593079999449e-01
3.262472727269999950e+02 9.250250054549999934e-01
3.263363900289999719e+02 9.220355137360000120e-01
3.264255073310000057e+02 9.217490041410000279e-01
3.265146246329999826e+02 9.200690135839999506e-01
3.266037419350000164e+02 9.178506019350000100e-01
3.266928592379999827e+02 9.161142142820000167e-01
3.267819765400000165e+02 9.168381529619999970e-01
3.268710938419999934e+02 9.201805715249999906e-01
3.269602111440000272e+02 9.226018419239999657e-01
3.270493284460000041e+02 9.212996351140000373e-01
3.271384457479999810e+02 9.199752184160000512e-01
3.272275630499999579e+02 9.170456427509999786e-01
3.273166803519999917e+02 9.139598506280000034e-01
3.274057976539999686e+02 9.097055108270000190e-01
3.274949149560000023e+02 9.104065560699999837e-01
3.275840322579999793e+02 9.127372909680000479e-01
3.276731495600000130e+02 9.148587902989999687e-01
3.277622668619999899e+02 9.188419675250000251e-01
3.278513841640000237e+02 9.219821229329999701e-01
3.279405014660000006e+02 9.239151110259999911e-01
3.280296187679999775e+02 9.220148095010000100e-01
3.281187360700000113e+02 9.200225402639999883e-01
3.282078533719999882e+02 9.207690978420000061e-01
3.282969706740000220e+02 9.206880912079999923e-01
3.283860879769999883e+02 9.200105653610000100e-01
3.284752052790000221e+02 9.197691792669999700e-01
3.285643225809999990e+02 9.249783815480000504e-01
3.286534398830000328e+02 9.243050049330000517e-01
3.287425571850000097e+02 9.245890565629999447e-01
3.288316744869999866e+02 9.222382528800000534e-01
3.289207917889999635e+02 9.230924807039999624e-01
3.290099090909999973e+02 9.179292359999999817e-01
3.290990263929999742e+02 9.156964467679999942e-01
3.291881436950000079e+02 9.147936596950000387e-01
3.292772609969999849e+02 9.109270330319999553e-01
3.293663782990000186e+02 9.091396564520000112e-01
3.294554956009999955e+02 9.094100841290000403e-01
3.295446129030000293e+02 9.147929038059999796e-01
3.296337302050000062e+02 9.165058477540000137e-01
3.297228475069999831e+02 9.176410503230000293e-01
3.298119648089999600e+02 9.211341113200000041e-01
3.299010821109999938e+02 9.211846074720000388e-01
3.299901994129999707e+02 9.203598063579999655e-01
3.300793167159999939e+02 9.198226090259999932e-01
3.301684340180000277e+02 9.192492138650000255e-01
3.302575513200000046e+02 9.209561562169999993e-01
3.303466686220000383e+02 9.234547331960000216e-01
3.304357859240000153e+02 9.252476971959999741e-01
3.305249032259999922e+02 9.242092775479999744e-01
3.306140205279999691e+02 9.214979858770000476e-01
3.307031378300000029e+02 9.215635051610000517e-01
3.307922551319999798e+02 9.178817580820000099e-01
3.308813724340000135e+02 9.168231166689999601e-01
3.309704897359999904e+02 9.129187506329999868e-01
3.310596070380000242e+02 9.136413575370000428e-01
3.311487243400000011e+02 9.123725975950000011e-01
3.312378416420000349e+02 9.107155080000000069e-01
3.313269589440000118e+02 9.118102537769999794e-01
3.314160762459999887e+02 9.106204129620000254e-01
3.315051935479999656e+02 9.123172676130000269e-01
3.315943108499999994e+02 9.151560137240000170e-01
3.316834281519999763e+02 9.181726562230000388e-01
3.317725454549999995e+02 9.183019839999999601e-01
3.318616627570000333e+02 9.161033232730000364e-01
3.319507800590000102e+02 9.167056166920000138e-01
3.320398973610000439e+02 9.146270905279999530e-01
3.321290146630000208e+02 9.128919621469999690e-01
3.322181319649999978e+02 9.101403292490000130e-01
3.323072492669999747e+02 9.118882235780000345e-01
3.323963665690000084e+02 9.140454941229999575e-01
3.324854838709999854e+02 9.146087664519999549e-01
3.325746011730000191e+02 9.137286975949999723e-01
3.326637184749999960e+02 9.166096341110000489e-01
3.327528357770000298e+02 9.153010692609999666e-01
3.328419530790000067e+02 9.140816188039999624e-01
3.329310703810000405e+02 9.118319785339999983e-01
3.330201876830000174e+02 9.092519116360000542e-01
3.331093049849999943e+02 9.061821450150000512e-01
3.331984222869999712e+02 9.059894064400000335e-01
3.332875395890000050e+02 9.081000617069999725e-01
3.333766568909999819e+02 9.067658141350000145e-01
3.334657741940000051e+02 9.095218492900000173e-01
3.335548914959999820e+02 9.150024072489999494e-01
3.336440087980000158e+02 9.187987228799999739e-01
3.337331260999999927e+02 9.185269668859999959e-01
3.338222434020000264e+02 9.210411732259999873e-01
3.339113607040000034e+02 9.240977436130000111e-01
3.340004780059999803e+02 9.215735142930000512e-01
3.340895953079999572e+02 9.196688517769999738e-01
3.341787126099999909e+02 9.194747899240000022e-01
3.342678299119999679e+02 9.163016461580000271e-01
3.343569472140000016e+02 9.134697812669999584e-01
3.344460645159999785e+02 9.113504852899999564e-01
3.345351818180000123e+02 9.103592538179999805e-01
3.346242991199999892e+02 9.073079926920000204e-01
3.347134164220000230e+02 9.050243893839999831e-01
3.348025337239999999e+02 9.047497047739999632e-01
3.348916510259999768e+02 9.027362030319999731e-01
3.349807683280000106e+02 9.045576338299999852e-01
3.350698856299999875e+02 9.089407307800000391e-01
3.351590029330000107e+02 9.127736886220000345e-01
3.352481202349999876e+02 9.150077683639999959e-01
3.353372375370000213e+02 9.164575340880000143e-01
3.354263548389999983e+02 9.171384976769999531e-01
3.355154721410000320e+02 9.143286240350000371e-01
3.356045894430000089e+02 9.099673757770000426e-01
3.356937067449999859e+02 9.083512195540000000e-01
3.357828240469999628e+02 9.086001528499999536e-01
3.358719413489999965e+02 9.079247907919999472e-01
3.359610586509999735e+02 9.068577776420000403e-01
3.360501759530000072e+02 9.075596769499999494e-01
3.361392932549999841e+02 9.076557135780000118e-01
3.362284105570000179e+02 9.092556556599999951e-01
3.363175278589999948e+02 9.104834463809999834e-01
3.364066451610000286e+02 9.107994367739999930e-01
3.364957624630000055e+02 9.144702089739999984e-01
3.365848797649999824e+02 9.143227772669999531e-01
3.366739970669999593e+02 9.131744218239999933e-01
3.367631143699999825e+02 9.108831325980000226e-01
3.368522316720000163e+02 9.101537614310000190e-01
3.369413489739999932e+02 9.092451923169999617e-01
3.370304662760000269e+02 9.095501665809999636e-01
3.371195835780000039e+02 9.073741077179999781e-01
3.372087008800000376e+02 9.104324123579999872e-01
3.372978181820000145e+02 9.092039112730000427e-01
3.373869354839999914e+02 9.096671967739999864e-01
3.374760527859999684e+02 9.110053690789999825e-01
3.375651700880000021e+02 9.156075589209999865e-01
3.376542873899999790e+02 9.177096595539999679e-01
3.377434046920000128e+02 9.166176482110000023e-01
3.378325219939999897e+02 9.203346736070000533e-01
3.379216392960000235e+02 9.186858642990000101e-01
3.380107565980000004e+02 9.158935065569999701e-01
3.380998739000000342e+02 9.151670129910000062e-01
3.381889912020000111e+02 9.121259431670000195e-01
3.382781085039999880e+02 9.080378920230000039e-01
3.383672258059999649e+02 9.032922030969999794e-01
3.384563431089999881e+02 9.012973669439999780e-01
3.385454604110000218e+02 8.987491637650000254e-01
3.386345777129999988e+02 8.977033329150000407e-01
3.387236950150000325e+02 8.974986034020000503e-01
3.388128123170000094e+02 8.993229820120000051e-01
3.389019296190000432e+02 9.028948495599999902e-01
3.389910469210000201e+02 9.032769110730000106e-01
3.390801642229999970e+02 9.015303001409999961e-01
3.391692815249999740e+02 9.035212247799999652e-01
3.392583988270000077e+02 9.067478827799999586e-01
3.393475161289999846e+02 9.055096799999999835e-01
3.394366334310000184e+02 9.043491302289999867e-01
3.395257507329999953e+02 9.020835613140000264e-01
3.396148680350000291e+02 9.029791787680000459e-01
3.397039853370000060e+02 9.004532001639999894e-01
3.397931026390000397e+02 8.993994740180000225e-01
3.398822199410000167e+02 8.975614322820000268e-01
3.399713372429999936e+02 8.996195373259999739e-01
3.400604545449999705e+02 8.996000718179999467e-01
3.401495718479999937e+02 8.982946602929999802e-01
3.402386891499999706e+02 8.996144067329999716e-01
3.403278064520000044e+02 9.000252726449999852e-01
3.404169237539999813e+02 9.029084999240000187e-01
3.405060410560000150e+02 9.045628943700000368e-01
3.405951583579999919e+02 9.086106751439999574e-01
3.406842756600000257e+02 9.094533891029999984e-01
3.407733929620000026e+02 9.079690236830000316e-01
3.408625102639999795e+02 9.085907879060000081e-01
3.409516275659999565e+02 9.081703756300000263e-01
3.410407448679999902e+02 9.056993032610000105e-01
3.411298621699999671e+02 9.069942321170000321e-01
3.412189794720000009e+02 9.059502830379999594e-01
3.413080967739999778e+02 9.075464780649999952e-01
3.413972140760000116e+02 9.064455479180000275e-01
3.414863313780000453e+02 9.045568450500000024e-01
3.415754486800000223e+02 9.068912071789999585e-01
3.416645659819999992e+02 9.099102264220000347e-01
3.417536832839999761e+02 9.091658512729999808e-01
3.418428005869999993e+02 9.093453743989999838e-01
3.419319178889999762e+02 9.118880977600000159e-01
3.420210351910000099e+02 9.097011479819999691e-01
3.421101524929999869e+02 9.036560683750000100e-01
3.421992697950000206e+02 9.014389163110000380e-01
3.422883870969999975e+02 9.033017883870000375e-01
3.423775043990000313e+02 9.023570927740000025e-01
3.424666217010000082e+02 9.019083623339999578e-01
3.425557390029999851e+02 9.054829698940000116e-01
3.426448563049999620e+02 9.082493615479999560e-01
3.427339736069999958e+02 9.087709646330000002e-01
3.428230909089999727e+02 9.064157949090000388e-01
3.429122082110000065e+02 9.082061831669999696e-01
3.430013255129999834e+02 9.063606923520000080e-01
3.430904428150000172e+02 9.061722007329999773e-01
3.431795601169999941e+02 9.040606683280000277e-01
3.432686774190000278e+02 9.067054941940000390e-01
3.433577947210000048e+02 9.048744011379999952e-01
3.434469120229999817e+02 9.056714094659999992e-01
3.435360293260000049e+02 9.077439733959999923e-01
3.436251466279999818e+02 9.052845499999999657e-01
3.437142639300000155e+02 9.019655031440000359e-01
3.438033812319999925e+02 8.983165868389999531e-01
3.438924985340000262e+02 8.974919560230000259e-01
3.439816158360000031e+02 8.909599435889999919e-01
3.440707331380000369e+02 8.900808688560000181e-01
3.441598504400000138e+02 8.918325237130000360e-01
3.442489677419999907e+02 8.963051089029999696e-01
3.443380850439999676e+02 8.944620149680000409e-01
3.444272023460000014e+02 8.950236237419999519e-01
3.445163196479999783e+02 8.945879999710000252e-01
3.446054369500000121e+02 8.932740814430000231e-01
3.446945542519999890e+02 8.944216470320000001e-01
3.447836715540000228e+02 8.931831440470000549e-01
3.448727888559999997e+02 8.956508962460000278e-01
3.449619061580000334e+02 8.971618607039999471e-01
3.450510234600000103e+02 9.009017601759999883e-01
3.451401407619999873e+02 9.002007350730000246e-01
3.452292580650000104e+02 8.987395522579999518e-01
3.453183753669999874e+02 8.971361411029999955e-01
3.454074926690000211e+02 8.988090181519999833e-01
3.454966099709999980e+02 8.960735457480000221e-01
3.455857272730000318e+02 8.923869365450000091e-01
3.456748445750000087e+02 8.909943799059999447e-01
3.457639618770000425e+02 8.841029594839999728e-01
3.458530791790000194e+02 8.820159576539999824e-01
3.459421964809999963e+02 8.821467460590000087e-01
3.460313137829999732e+02 8.837731961760000310e-01
3.461204310850000070e+02 8.864393471499999455e-01
3.462095483869999839e+02 8.914678743230000091e-01
3.462986656890000177e+02 8.979494250439999936e-01
3.463877829909999946e+02 8.988127913310000050e-01
3.464769002930000283e+02 9.014701566220000295e-01
3.465660175950000053e+02 9.044034014780000241e-01
3.466551348970000390e+02 9.026324678179999950e-01
3.467442521990000159e+02 9.003343982399999446e-01
3.468333695009999929e+02 9.007699427569999528e-01
3.469224868039999592e+02 9.008153012899999812e-01
3.470116041059999930e+02 9.000710287980000501e-01
3.471007214079999699e+02 9.002987847860000059e-01
3.471898387100000036e+02 9.041218241940000011e-01
3.472789560119999805e+02 9.061014513080000166e-01
3.473680733140000143e+02 9.050927204930000469e-01
3.474571906159999912e+02 9.015914109089999684e-01
3.475463079180000250e+02 8.967325090090000339e-01
3.476354252200000019e+02 8.939001314369999784e-01
3.477245425219999788e+02 8.909757664870000538e-01
3.478136598239999557e+02 8.932889109439999809e-01
3.479027771259999895e+02 8.974854881410000429e-01
3.479918944279999664e+02 8.966280239770000327e-01
3.480810117300000002e+02 8.985864952790000304e-01
3.481701290320000339e+02 8.975966419349999947e-01
3.482592463340000108e+02 8.994686344629999608e-01
3.483483636360000446e+02 9.000249730910000467e-01
3.484374809380000215e+02 8.989405188450000361e-01
3.485265982399999984e+02 9.027675581820000517e-01
3.486157155429999648e+02 9.046616634549999869e-01
3.487048328449999985e+02 9.076330516130000081e-01
3.487939501469999755e+02 9.083952321520000206e-01
3.488830674490000092e+02 9.053769717180000232e-01
3.489721847509999861e+02 9.044688129910000152e-01
3.490613020530000199e+02 9.027030298889999749e-01
3.491504193549999968e+02 9.011467539349999889e-01
3.492395366570000306e+02 8.973859255949999669e-01
3.493286539590000075e+02 8.968193815949999648e-01
3.494177712609999844e+02 8.990775397069999952e-01
3.495068885629999613e+02 9.019298858650000028e-01
3.495960058649999951e+02 9.024532381109999779e-01
3.496851231669999720e+02 9.018442310149999974e-01
3.497742404690000058e+02 8.957754578419999669e-01
3.498633577709999827e+02 8.950018963639999603e-01
3.499524750730000164e+02 8.940492057479999533e-01
3.500415923749999934e+02 8.935098619650000407e-01
3.501307096770000271e+02 8.963828620649999523e-01
3.502198269790000040e+02 9.004246683459999900e-01
3.503089442819999704e+02 9.028806275070000442e-01
3.503980615840000041e+02 8.987643847859999591e-01
3.504871788859999810e+02 8.980650474839999564e-01
3.505762961880000148e+02 8.966416879299999865e-01
3.506654134899999917e+02 8.929860943459999589e-01
3.507545307920000255e+02 8.960925486509999649e-01
3.508436480940000024e+02 9.018707667099999936e-01
3.509327653960000362e+02 9.004553369969999777e-01
3.510218826980000131e+02 8.987382513899999648e-01
3.511109999999999900e+02 8.990574220000000505e-01
3.512001173019999669e+02 9.001363132549999868e-01
3.512892346040000007e+02 8.958873684520000102e-01
3.513783519059999776e+02 8.954521975370000053e-01
3.514674692080000113e+02 8.987869151439999982e-01
3.515565865099999883e+02 8.963481837179999578e-01
3.516457038120000220e+02 8.945474992669999459e-01
3.517348211139999989e+02 8.913895768089999949e-01
3.518239384160000327e+02 8.904680626859999837e-01
3.519130557180000096e+02 8.880440165280000242e-01
3.520021730209999760e+02 8.875383383870000253e-01
3.520912903230000097e+02 8.886152664519999522e-01
3.521804076249999866e+02 8.900701340590000399e-01
3.522695249270000204e+02 8.934541996599999480e-01
3.523586422289999973e+02 8.956420800230000534e-01
3.524477595310000311e+02 8.936727642459999510e-01
3.525368768330000080e+02 8.945834217600000526e-01
3.526259941350000418e+02 8.982081233080000393e-01
3.527151114370000187e+02 8.973821961519999890e-01
3.528042287389999956e+02 8.963440067450000326e-01
3.528933460409999725e+02 8.995785121060000389e-01
3.529824633430000063e+02 9.032802468039999866e-01
3.530715806449999832e+02 9.014635921289999576e-01
3.531606979470000169e+02 8.994414623340000192e-01
3.532498152489999939e+02 8.985374596190000007e-01
3.533389325510000276e+02 8.981276152960000481e-01
3.534280498530000045e+02 8.950722950439999881e-01
3.535171671550000383e+02 8.928792973260000210e-01
3.536062844570000152e+02 8.910152036189999958e-01
3.536954017599999816e+02 8.876282382519999903e-01
3.537845190619999585e+02 8.870337402400000348e-01
3.538736363639999922e+02 8.879413272730000140e-01
3.539627536659999691e+02 8.893430285400000246e-01
3.540518709680000029e+02 8.876210446450000235e-01
3.541409882699999798e+02 8.917571408559999968e-01
3.542301055720000136e+02 8.906661025100000018e-01
3.543192228739999905e+02 8.903891869209999976e-01
3.544083401760000243e+02 8.908076288559999556e-01
3.544974574780000012e+02 8.932897087860000029e-01
3.545865747799999781e+02 8.924822080350000020e-01
3.546756920819999550e+02 8.902456320760000485e-01
3.547648093839999888e+02 8.902424822869999810e-01
3.548539266860000225e+02 8.876081861939999484e-01
3.549430439879999994e+02 8.845526199180000493e-01
3.550321612900000332e+02 8.840811408390000237e-01
3.551212785920000101e+02 8.896051300409999474e-01
3.552103958940000439e+02 8.908531765399999580e-01
3.552995131960000208e+02 8.902110063810000362e-01
3.553886304989999871e+02 8.902037041879999890e-01
3.554777478009999641e+02 8.894184959530000434e-01
3.555668651029999978e+02 8.859065043639999804e-01
3.556559824049999747e+02 8.822577581230000021e-01
3.557450997070000085e+02 8.833962100819999774e-01
3.558342170089999854e+02 8.835876453490000282e-01
3.559233343110000192e+02 8.841600862109999515e-01
3.560124516129999961e+02 8.854037925159999878e-01
3.561015689150000298e+02 8.896113633140000365e-01
3.561906862170000068e+02 8.881364742049999705e-01
3.562798035189999837e+02 8.868728211609999690e-01
3.563689208209999606e+02 8.856629898650000277e-01
3.564580381229999944e+02 8.880278165510000488e-01
3.565471554249999713e+02 8.869941056300000293e-01
3.566362727270000050e+02 8.876063278179999738e-01
3.567253900289999820e+02 8.888503865339999477e-01
3.568145073310000157e+02 8.903579426509999895e-01
3.569036246329999926e+02 8.932151546979999468e-01
3.569927419350000264e+02 8.915089141940000239e-01
3.570818592379999927e+02 8.893656625220000000e-01
3.571709765399999696e+02 8.899753515430000039e-01
3.572600938420000034e+02 8.894373432380000555e-01
3.573492111439999803e+02 8.855012856249999675e-01
3.574383284460000141e+02 8.814579922580000337e-01
3.575274457479999910e+02 8.793415079299999881e-01
3.576165630500000248e+02 8.791961827919999584e-01
3.577056803520000017e+02 8.800165330970000088e-01
3.577947976540000354e+02 8.829299214550000441e-01
3.578839149560000124e+02 8.856770219059999505e-01
3.579730322579999893e+02 8.880472052900000302e-01
3.580621495599999662e+02 8.885715800700000333e-01
3.581512668619999999e+02 8.865957814429999972e-01
3.582403841639999769e+02 8.824782198180000092e-01
3.583295014660000106e+02 8.845204073310000137e-01
3.584186187679999875e+02 8.863040768500000111e-01
3.585077360700000213e+02 8.837365318009999804e-01
3.585968533719999982e+02 8.866170867270000144e-01
3.586859706740000320e+02 8.878436590620000235e-01
3.587750879769999983e+02 8.851523140470000106e-01
3.588642052789999752e+02 8.815875871439999845e-01
3.589533225810000090e+02 8.831557987100000506e-01
3.590424398829999859e+02 8.859480523520000261e-01
3.591315571850000197e+02 8.842111634839999734e-01
3.592206744869999966e+02 8.848878759530000027e-01
3.593097917890000303e+02 8.852099266980000269e-01
3.593989090910000073e+02 8.851824676359999478e-01
3.594880263930000410e+02 8.841810731670000090e-01
3.595771436950000179e+02 8.865792143109999524e-01
3.596662609969999949e+02 8.926650061580000406e-01
3.597553782989999718e+02 8.944304542050000029e-01
3.598444956010000055e+02 8.953094789500000150e-01
3.599336129029999825e+02 8.945494156130000540e-01
3.600227302050000162e+02 8.912608709270000151e-01
3.601118475069999931e+02 8.816555705569999457e-01
3.602009648090000269e+02 8.764472192669999773e-01
3.602900821110000038e+02 8.759335606799999452e-01
3.603791994130000376e+02 8.727620081760000259e-01
3.604683167160000039e+02 8.706594445980000430e-01
3.605574340179999808e+02 8.747404832840000033e-01
3.606465513199999577e+02 8.792423456769999923e-01
3.607356686219999915e+02 8.786966757359999658e-01
3.608247859239999684e+02 8.822805664159999450e-01
3.609139032260000022e+02 8.845254563229999478e-01
3.610030205279999791e+02 8.872218801169999836e-01
3.610921378300000129e+02 8.846358080120000356e-01
3.611812551319999898e+02 8.865544823580000511e-01
3.612703724340000235e+02 8.891552305450000082e-01
3.613594897360000004e+02 8.902680967510000487e-01
3.614486070379999774e+02 8.929984107920000413e-01
3.615377243400000111e+02 8.902840506979999846e-01
3.616268416419999880e+02 8.908523712260000282e-01
3.617159589440000218e+02 8.898360411850000373e-01
3.618050762459999987e+02 8.876765890500000200e-01
3.618941935480000325e+02 8.868153509680000157e-01
3.619833108500000094e+02 8.871832147920000189e-01
3.620724281520000432e+02 8.905513897950000368e-01
3.621615454550000095e+02 8.906769101820000145e-01
3.622506627569999864e+02 8.898154719409999691e-01
3.623397800589999633e+02 8.909544603519999884e-01
3.624288973609999971e+02 8.894674648450000554e-01
3.625180146629999740e+02 8.843106516600000022e-01
3.626071319650000078e+02 8.839202863699999746e-01
3.626962492669999847e+02 8.775983929089999913e-01
3.627853665690000184e+02 8.734376879770000546e-01
3.628744838709999954e+02 8.683974999350000390e-01
3.629636011730000291e+02 8.646242918480000483e-01
3.630527184750000060e+02 8.611364865280000114e-01
3.631418357769999830e+02 8.608623236129999690e-01
3.632309530789999599e+02 8.692740987979999945e-01
3.633200703809999936e+02 8.714362571379999922e-01
3.634091876829999705e+02 8.762044646509999923e-01
3.634983049850000043e+02 8.829148279880000283e-01
3.635874222869999812e+02 8.847823282990000537e-01
3.636765395890000150e+02 8.856055820529999956e-01
3.637656568909999919e+02 8.866353149090000496e-01
3.638547741940000151e+02 8.872822916129999848e-01
3.639438914959999920e+02 8.846512827329999773e-01
3.640330087979999689e+02 8.822801949330000282e-01
3.641221261000000027e+02 8.866952131959999761e-01
3.642112434019999796e+02 8.866048437300000362e-01
3.643003607040000134e+02 8.875588963749999616e-01
3.643894780059999903e+02 8.919432214779999812e-01
3.644785953080000240e+02 8.937334099820000155e-01
3.645677126100000010e+02 8.920828226979999886e-01
3.646568299120000347e+02 8.876605074019999764e-01
3.647459472140000116e+02 8.833645343699999541e-01
3.648350645159999885e+02 8.777474301290000280e-01
3.649241818179999655e+02 8.734011378179999951e-01
3.650132991199999992e+02 8.735201856009999766e-01
3.651024164219999761e+02 8.751345281410000121e-01
3.651915337240000099e+02 8.760597978940000141e-01
3.652806510259999868e+02 8.780505870029999826e-01
3.653697683280000206e+02 8.774363174249999453e-01
3.654588856299999975e+02 8.762126739590000435e-01
3.655480029330000207e+02 8.732607574840000053e-01
3.656371202349999976e+02 8.734148205870000403e-01
3.657262375369999745e+02 8.758181969620000284e-01
3.658153548390000083e+02 8.798905625809999576e-01
3.659044721409999852e+02 8.855273473900000525e-01
3.659935894430000189e+02 8.887242945340000366e-01
3.660827067449999959e+02 8.899479153260000386e-01
3.661718240470000296e+02 8.880724945810000159e-01
3.662609413490000065e+02 8.859544471379999786e-01
3.663500586510000403e+02 8.818228972430000034e-01
3.664391759530000172e+02 8.824036398010000060e-01
3.665282932549999941e+02 8.819619870029999920e-01
3.666174105569999710e+02 8.842296721229999656e-01
3.667065278590000048e+02 8.863295519999999650e-01
3.667956451609999817e+02 8.871990661290000135e-01
3.668847624630000155e+02 8.853737750969999931e-01
3.669738797649999924e+02 8.838685176010000477e-01
3.670629970670000262e+02 8.857354776660000262e-01
3.671521143699999925e+02 8.868544622759999552e-01
3.672412316720000263e+02 8.838664328449999941e-01
3.673303489740000032e+02 8.808892329440000113e-01
3.674194662759999801e+02 8.789829129380000161e-01
3.675085835779999570e+02 8.742102111380000151e-01
3.675977008799999908e+02 8.689586788969999587e-01
3.676868181819999677e+02 8.654343190909999928e-01
3.677759354840000015e+02 8.638494415480000299e-01
3.678650527859999784e+02 8.665318309089999893e-01
3.679541700880000121e+02 8.720311922700000329e-01
3.680432873899999890e+02 8.782510449379999917e-01
3.681324046920000228e+02 8.813096544870000493e-01
3.682215219939999997e+02 8.832736456069999464e-01
3.683106392959999766e+02 8.852900460179999875e-01
3.683997565980000104e+02 8.825031031729999587e-01
3.684888738999999873e+02 8.783566178180000072e-01
3.685779912020000211e+02 8.749042197359999662e-01
3.686671085039999980e+02 8.701991520940000058e-01
3.687562258060000318e+02 8.693869645809999547e-01
3.688453431089999981e+02 8.696683493610000149e-01
3.689344604110000319e+02 8.730988168969999741e-01
3.690235777130000088e+02 8.759775445159999618e-01
3.691126950149999857e+02 8.778364469620000277e-01
3.692018123169999626e+02 8.801066815600000481e-01
3.692909296189999964e+02 8.780946029089999882e-01
3.693800469209999733e+02 8.750467620290000026e-01
3.694691642230000070e+02 8.678268997950000507e-01
3.695582815249999840e+02 8.646956088449999633e-01
3.696473988270000177e+02 8.682325935010000162e-01
3.697365161289999946e+02 8.705365895479999505e-01
3.698256334310000284e+02 8.724859453200000114e-01
3.699147507330000053e+02 8.740318712019999881e-01
3.700038680349999822e+02 8.787322568450000038e-01
3.700929853369999591e+02 8.751309390499999452e-01
3.701821026389999929e+02 8.710867194129999769e-01
3.702712199409999698e+02 8.703967571499999778e-01
3.703603372430000036e+02 8.702810054249999761e-01
3.704494545449999805e+02 8.712617443639999459e-01
3.705385718480000037e+02 8.720275184689999515e-01
3.706276891500000374e+02 8.749148294309999629e-01
3.707168064520000144e+02 8.754927512900000375e-01
3.708059237539999913e+02 8.764308084459999648e-01
3.708950410559999682e+02 8.745172118589999988e-01
3.709841583580000020e+02 8.697297367740000062e-01
3.710732756599999789e+02 8.691402166859999445e-01
3.711623929620000126e+02 8.664215899470000259e-01
3.712515102639999895e+02 8.660189896479999483e-01
3.713406275660000233e+02 8.649323362459999665e-01
3.714297448680000002e+02 8.647612792669999715e-01
3.715188621700000340e+02 8.663209852550000090e-01
3.716079794720000109e+02 8.688425146980000013e-01
3.716970967739999878e+02 8.677802967740000373e-01
3.717862140759999647e+02 8.668232100230000015e-01
3.718753313779999985e+02 8.691157661470000351e-01
3.719644486799999754e+02 8.697248415539999833e-01
3.720535659820000092e+02 8.665019671910000332e-01
3.721426832839999861e+02 8.658395468039999932e-01
3.722318005870000093e+02 8.675855762459999676e-01
3.723209178890000430e+02 8.680666389560000029e-01
3.724100351910000199e+02 8.642865593780000300e-01
3.724991524929999969e+02 8.612596954079999589e-01
3.725882697949999738e+02 8.631559084459999864e-01
3.726773870970000075e+02 8.619791928390000413e-01
3.727665043989999845e+02 8.606723338530000156e-01
3.728556217010000182e+02 8.598048479409999834e-01
3.729447390029999951e+02 8.659935614899999523e-01
3.730338563050000289e+02 8.705541170670000328e-01
3.731229736070000058e+02 8.701454982640000058e-01
3.732120909090000396e+02 8.724946883640000150e-01
3.733012082110000165e+02 8.742397681289999500e-01
3.733903255129999934e+02 8.782375367210000228e-01
3.734794428149999703e+02 8.746621713779999530e-01
3.735685601170000041e+02 8.701957180589999785e-01
3.736576774189999810e+02 8.681678114840000182e-01
3.737467947210000148e+02 8.642420250150000260e-01
3.738359120229999917e+02 8.631365209970000008e-01
3.739250293260000149e+02 8.627138701469999615e-01
3.740141466279999918e+02 8.649773421940000206e-01
3.741032639300000255e+02 8.655465796250000343e-01
3.741923812320000025e+02 8.678281888209999906e-01
3.742814985339999794e+02 8.763641945569999869e-01
3.743706158359999563e+02 8.796063234019999566e-01
3.744597331379999900e+02 8.821828828040000348e-01
3.745488504399999670e+02 8.860897353079999483e-01
3.746379677420000007e+02 8.883587934190000368e-01
3.747270850439999776e+02 8.858444941699999964e-01
3.748162023460000114e+02 8.800660850729999929e-01
3.749053196480000452e+02 8.781150583700000345e-01
3.749944369500000221e+02 8.756311939709999770e-01
3.750835542519999990e+02 8.724119672960000127e-01
3.751726715539999759e+02 8.700876930149999966e-01
3.752617888560000097e+02 8.690549234019999680e-01
3.753509061579999866e+02 8.684082965039999769e-01
3.754400234600000203e+02 8.674366627920000461e-01
3.755291407619999973e+02 8.682474276130000002e-01
3.756182580650000205e+02 8.705916549679999505e-01
3.757073753669999974e+02 8.730907899119999538e-01
3.757964926690000311e+02 8.757509855130000131e-01
3.758856099710000080e+02 8.749464567620000022e-01
3.759747272729999850e+02 8.726888465450000076e-01
3.760638445749999619e+02 8.706310483339999573e-01
3.761529618769999956e+02 8.674900140760000156e-01
3.762420791789999726e+02 8.647213854549999912e-01
3.763311964810000063e+02 8.635513600590000172e-01
3.764203137829999832e+02 8.602261149150000064e-01
3.765094310850000170e+02 8.616072661000000465e-01
3.765985483869999939e+02 8.643718251609999736e-01
3.766876656890000277e+02 8.837622656189999537e-01
3.767767829910000046e+02 9.052369951850000040e-01
3.768659002929999815e+02 9.295967038710000185e-01
3.769550175949999584e+02 9.551012236539999645e-01
3.770441348969999922e+02 9.774382026390000533e-01
3.771332521989999691e+02 9.950511822580000443e-01
3.772223695010000029e+02 9.978200458770000170e-01
3.773114868040000260e+02 9.981840331669999955e-01
3.774006041060000030e+02 9.984510054549999847e-01
3.774897214080000367e+02 9.986688387979999471e-01
3.775788387100000136e+02 9.988458562580000422e-01
3.776679560119999906e+02 9.989940967860000409e-01
3.777570733139999675e+02 9.991185962819999489e-01
3.778461906160000012e+02 9.992234582460000070e-01
3.779353079179999781e+02 9.994001344280000199e-01
3.780244252200000119e+02 9.995586724160000491e-01
3.781135425219999888e+02 9.996983075069999503e-01
3.782026598240000226e+02 9.998220084109999961e-01
3.782917771259999995e+02 9.999324156829999533e-01
3.783808944280000333e+02 9.999985053669999679e-01
3.784700117300000102e+02 9.999989600469999518e-01
3.785591290319999871e+02 9.999993165160000475e-01
3.786482463339999640e+02 9.999996729850000321e-01
3.787373636359999978e+02 1.000000000000000000e+00
3.788264809379999747e+02 1.000000000000000000e+00
3.789155982400000084e+02 1.000000000000000000e+00
3.790047155430000316e+02 1.000000000000000000e+00
3.790938328450000085e+02 1.000000000000000000e+00
3.791829501470000423e+02 1.000000000000000000e+00
3.792720674490000192e+02 1.000000000000000000e+00
3.793611847509999961e+02 1.000000000000000000e+00
3.794503020529999731e+02 1.000000000000000000e+00
3.795394193550000068e+02 1.000000000000000000e+00
3.796285366569999837e+02 1.000000000000000000e+00
3.797176539590000175e+02 1.000000000000000000e+00
3.798067712609999944e+02 1.000000000000000000e+00
3.798958885630000282e+02 1.000000000000000000e+00
3.799850058650000051e+02 1.000000000000000000e+00
3.800741231670000388e+02 1.000000000000000000e+00
3.801632404690000158e+02 1.000000000000000000e+00
3.802523577709999927e+02 1.000000000000000000e+00
3.803414750729999696e+02 1.000000000000000000e+00
3.804305923750000034e+02 1.000000000000000000e+00
3.805197096769999803e+02 1.000000000000000000e+00
3.806088269790000140e+02 1.000000000000000000e+00
3.806979442819999804e+02 1.000000000000000000e+00
3.807870615840000141e+02 1.000000000000000000e+00
3.808761788859999911e+02 1.000000000000000000e+00
3.809652961880000248e+02 1.000000000000000000e+00
3.810544134900000017e+02 1.000000000000000000e+00
3.811435307919999786e+02 1.000000000000000000e+00
3.812326480939999556e+02 1.000000000000000000e+00
3.813217653959999893e+02 1.000000000000000000e+00
3.814108826979999662e+02 1.000000000000000000e+00
3.815000000000000000e+02 1.000000000000000000e+00
