# Wavelength (Nm)     Mean
2.884719999999999800e+02 9.585780000000000411e-01
2.885018416419999880e+02 9.580100317769999485e-01
2.885316832839999961e+02 9.571742405399999987e-01
2.885615249269999936e+02 9.553725043990000110e-01
2.885913665690000016e+02 9.536055536419999479e-01
2.886212082110000097e+02 9.527264314369999765e-01
2.886510498530000177e+02 9.523239550259999797e-01
2.886808914960000152e+02 9.515663441520000321e-01
2.887107331379999664e+02 9.507513746979999736e-01
2.887405747799999745e+02 9.497225214550000238e-01
2.887704164220000393e+02 9.485259175369999962e-01
2.888002580649999800e+02 9.467078989680000056e-01
2.888300997069999880e+02 9.448188922110000165e-01
2.888599413489999961e+02 9.439118053370000316e-01
2.888897829910000041e+02 9.437644367740000151e-01
2.889196246330000122e+02 9.437794068620000143e-01
2.889494662760000097e+02 9.439680765510000127e-01
2.889793079180000177e+02 9.441488473669999992e-01
2.890091495600000258e+02 9.442440967270000485e-01
2.890389912019999770e+02 9.447687699350000301e-01
2.890688328449999744e+02 9.456821192959999900e-01
2.890986744870000393e+02 9.466864043399999540e-01
2.891285161289999905e+02 9.468298692900000146e-01
2.891583577709999986e+02 9.463708036010000102e-01
2.891881994130000066e+02 9.463525583809999642e-01
2.892180410560000041e+02 9.470693483280000491e-01
2.892478826980000122e+02 9.484518796599999968e-01
2.892777243399999634e+02 9.499410319879999509e-01
2.893075659820000283e+02 9.514729469329999967e-01
2.893374076250000257e+02 9.526492073200000243e-01
2.893672492669999770e+02 9.528537944280000005e-01
2.893970909089999850e+02 9.526304447269999809e-01
2.894269325509999931e+02 9.526814129030000133e-01
2.894567741939999905e+02 9.526914636129999447e-01
2.894866158359999986e+02 9.526856639530000281e-01
2.895164574780000066e+02 9.526334898530000039e-01
2.895462991200000147e+02 9.525036371139999902e-01
2.895761407620000227e+02 9.524906224520000020e-01
2.896059824049999634e+02 9.517308773960000412e-01
2.896358240470000283e+02 9.507727992840000475e-01
2.896656656889999795e+02 9.499878429910000310e-01
2.896955073309999875e+02 9.489827504400000224e-01
2.897253489739999850e+02 9.472242886799999706e-01
2.897551906159999930e+02 9.449723632259999784e-01
2.897850322580000011e+02 9.433842000000000061e-01
2.898148739000000091e+02 9.428281367740000141e-01
2.898447155430000066e+02 9.426832656539999578e-01
2.898745571850000147e+02 9.420535881060000394e-01
2.899043988270000227e+02 9.411199353900000508e-01
2.899342404689999739e+02 9.404115978529999920e-01
2.899640821110000388e+02 9.398411434019999788e-01
2.899939237539999795e+02 9.391740792730000065e-01
2.900237653959999875e+02 9.385784206449999667e-01
2.900536070379999956e+02 9.379768338060000543e-01
2.900834486800000036e+02 9.379465312260000243e-01
2.901132903230000011e+02 9.391613554840000377e-01
2.901431319650000091e+02 9.407179810210000159e-01
2.901729736070000172e+02 9.413459036600000385e-01
2.902028152490000252e+02 9.413729855600000418e-01
2.902326568909999764e+02 9.417796609849999889e-01
2.902624985339999739e+02 9.425627443399999805e-01
2.902923401760000388e+02 9.430507095010000063e-01
2.903221818179999900e+02 9.432413363639999826e-01
2.903520234599999981e+02 9.435849619239999875e-01
2.903818651029999955e+02 9.443914837889999525e-01
2.904117067450000036e+02 9.445187025219999866e-01
2.904415483870000116e+02 9.435191780649999638e-01
2.904713900289999629e+02 9.429450819000000372e-01
2.905012316720000172e+02 9.429983642110000286e-01
2.905310733140000252e+02 9.435413306979999470e-01
2.905609149559999764e+02 9.445338458059999720e-01
2.905907565979999845e+02 9.448931595659999516e-01
2.906205982399999925e+02 9.445831987449999634e-01
2.906504398829999900e+02 9.444585323170000546e-01
2.906802815249999981e+02 9.450486714129999744e-01
2.907101231670000061e+02 9.461437187679999639e-01
2.907399648090000142e+02 9.466174538530000016e-01
2.907698064520000116e+02 9.468786614190000117e-01
2.907996480939999628e+02 9.470292208210000506e-01
2.908294897360000277e+02 9.466895017949999991e-01
2.908593313779999789e+02 9.465982448090000112e-01
2.908891730209999764e+02 9.468383697009999933e-01
2.909190146629999845e+02 9.475228472379999545e-01
2.909488563049999925e+02 9.490329336420000317e-01
2.909786979470000006e+02 9.501301956829999451e-01
2.910085395890000086e+02 9.510144814080000453e-01
2.910383812320000061e+02 9.512554386160000375e-01
2.910682228740000141e+02 9.505944749329999777e-01
2.910980645160000222e+02 9.499409463229999684e-01
2.911279061579999734e+02 9.491153850789999513e-01
2.911577478010000277e+02 9.482477029329999807e-01
2.911875894429999789e+02 9.475800798360000110e-01
2.912174310849999870e+02 9.467439733019999970e-01
2.912472727269999950e+02 9.468235330909999803e-01
2.912771143699999925e+02 9.472705234370000227e-01
2.913069560120000006e+02 9.472494328449999612e-01
2.913367976540000086e+02 9.466573630150000307e-01
2.913666392960000167e+02 9.461029482820000336e-01
2.913964809380000247e+02 9.460057205280000270e-01
2.914263225810000222e+02 9.458450673549999577e-01
2.914561642229999734e+02 9.452089104990000212e-01
2.914860058650000383e+02 9.440488316830000226e-01
2.915158475069999895e+02 9.421821109789999538e-01
2.915456891499999870e+02 9.405639469680000531e-01
2.915755307919999950e+02 9.401673529499999793e-01
2.916053724340000031e+02 9.406007581819999519e-01
2.916352140760000111e+02 9.415432705690000015e-01
2.916650557179999623e+02 9.421638565629999462e-01
2.916948973610000166e+02 9.425223128909999692e-01
2.917247390030000247e+02 9.431047771499999621e-01
2.917545806449999759e+02 9.431896651610000015e-01
2.917844222869999840e+02 9.425732153429999816e-01
2.918142639300000383e+02 9.423293305809999909e-01
2.918441055719999895e+02 9.427573049270000505e-01
2.918739472139999975e+02 9.432159989559999458e-01
2.919037888560000056e+02 9.435804827570000164e-01
2.919336304990000031e+02 9.439202470380000376e-01
2.919634721410000111e+02 9.442178251260000543e-01
2.919933137829999623e+02 9.446726939709999549e-01
2.920231554250000272e+02 9.458843656069999550e-01
2.920529970669999784e+02 9.474586275659999668e-01
2.920828387099999759e+02 9.477682167740000274e-01
2.921126803519999839e+02 9.472340384049999784e-01
2.921425219939999920e+02 9.459659217360000261e-01
2.921723636360000000e+02 9.451088319999999543e-01
2.922022052789999975e+02 9.443255058060000540e-01
2.922320469210000056e+02 9.435971327269999653e-01
2.922618885630000136e+02 9.432255242349999458e-01
2.922917302050000217e+02 9.435543572429999637e-01
2.923215718479999623e+02 9.442680238009999449e-01
2.923514134900000272e+02 9.444045303229999799e-01
2.923812551319999784e+02 9.436832309679999975e-01
2.924110967739999865e+02 9.428501389679999622e-01
2.924409384159999945e+02 9.410789264629999540e-01
2.924707800589999920e+02 9.393489973020000550e-01
2.925006217010000000e+02 9.383805994130000050e-01
2.925304633430000081e+02 9.370788243640000292e-01
2.925603049850000161e+02 9.354689606920000289e-01
2.925901466280000136e+02 9.346643737009999731e-01
2.926199882700000217e+02 9.342178921289999716e-01
2.926498299119999729e+02 9.340212092670000521e-01
2.926796715540000378e+02 9.346313250209999923e-01
2.927095131959999890e+02 9.357351121760000279e-01
2.927393548389999864e+02 9.366899129029999660e-01
2.927691964809999945e+02 9.373224235429999940e-01
2.927990381230000025e+02 9.372828073900000279e-01
2.928288797650000106e+02 9.368619701699999469e-01
2.928587214080000081e+02 9.373342610670000186e-01
2.928885630500000161e+02 9.380522355310000338e-01
2.929184046920000242e+02 9.387327085979999541e-01
2.929482463339999754e+02 9.404845700289999888e-01
2.929780879769999729e+02 9.422668293960000385e-01
2.930079296190000377e+02 9.434243526219999731e-01
2.930377712609999890e+02 9.445725863339999862e-01
2.930676129029999970e+02 9.456574793549999969e-01
2.930974545450000051e+02 9.465076927269999718e-01
2.931272961880000025e+02 9.474047564930000442e-01
2.931571378300000106e+02 9.478149641409999715e-01
2.931869794719999618e+02 9.470405856069999961e-01
2.932168211140000267e+02 9.464157286219999632e-01
2.932466627570000242e+02 9.463571086800000032e-01
2.932765043989999754e+02 9.467515179940000358e-01
2.933063460409999834e+02 9.474743241059999654e-01
2.933361876829999915e+02 9.477115852790000128e-01
2.933660293259999889e+02 9.474488796600000207e-01
2.933958709679999970e+02 9.471625187100000121e-01
2.934257126100000050e+02 9.471429740179999612e-01
2.934555542520000131e+02 9.467334521879999798e-01
2.934853958940000211e+02 9.462354764110000316e-01
2.935152375369999618e+02 9.462383273429999520e-01
2.935450791790000267e+02 9.465920978890000059e-01
2.935749208209999779e+02 9.464668817129999745e-01
2.936047624629999859e+02 9.464061127859999534e-01
2.936346041059999834e+02 9.465123433669999642e-01
2.936644457479999915e+02 9.470749315540000213e-01
2.936942873899999995e+02 9.479248555429999890e-01
2.937241290320000076e+02 9.484946419349999935e-01
2.937539706740000156e+02 9.486920865569999917e-01
2.937838123170000131e+02 9.485333944279999985e-01
2.938136539590000211e+02 9.479740706160000308e-01
2.938434956009999723e+02 9.471157982400000286e-01
2.938733372430000372e+02 9.462848786980000426e-01
2.939031788859999779e+02 9.467222328450000113e-01
2.939330205279999859e+02 9.473134841060000255e-01
2.939628621699999940e+02 9.479231730789999810e-01
2.939927038120000020e+02 9.484893846919999483e-01
2.940225454549999995e+02 9.484822174550000540e-01
2.940523870970000075e+02 9.480254338060000174e-01
2.940822287390000156e+02 9.481098425449999700e-01
2.941120703810000236e+02 9.479057073669999722e-01
2.941419120229999749e+02 9.477853092669999979e-01
2.941717536659999723e+02 9.474906578770000420e-01
2.942015953080000372e+02 9.464377754249999608e-01
2.942314369499999884e+02 9.450510817360000537e-01
2.942612785919999965e+02 9.436520243989999779e-01
2.942911202349999940e+02 9.427766453370000077e-01
2.943209618770000020e+02 9.427645970669999986e-01
2.943508035190000101e+02 9.440973543459999506e-01
2.943806451609999613e+02 9.452620889030000084e-01
2.944104868040000156e+02 9.456179232260000234e-01
2.944403284460000236e+02 9.460528283869999999e-01
2.944701700879999748e+02 9.465099781469999973e-01
2.945000117299999829e+02 9.467372121520000183e-01
2.945298533719999909e+02 9.469001728799999462e-01
2.945596950149999884e+02 9.468610208330000555e-01
2.945895366569999965e+02 9.463508096770000266e-01
2.946193782990000045e+02 9.462013891260000475e-01
2.946492199410000126e+02 9.459858175369999511e-01
2.946790615840000100e+02 9.455970358009999632e-01
2.947089032259999613e+02 9.460091380649999770e-01
2.947387448680000261e+02 9.464765751910000358e-01
2.947685865099999774e+02 9.472153807269999559e-01
2.947984281519999854e+02 9.484350557180000196e-01
2.948282697949999829e+02 9.489858017009999980e-01
2.948581114369999909e+02 9.484471200230000232e-01
2.948879530789999990e+02 9.476906269210000344e-01
2.949177947210000070e+02 9.468630211730000301e-01
2.949476363640000045e+02 9.459414469089999500e-01
2.949774780060000126e+02 9.450277685400000349e-01
2.950073196480000206e+02 9.437928562230000207e-01
2.950371612899999718e+02 9.428202348390000154e-01
2.950670029330000261e+02 9.429242438830000017e-01
2.950968445749999773e+02 9.432919357540000549e-01
2.951266862169999854e+02 9.432146966800000198e-01
2.951565278589999934e+02 9.434896327389999948e-01
2.951863695010000015e+02 9.442588397069999750e-01
2.952162111439999990e+02 9.445152472259999987e-01
2.952460527860000070e+02 9.446344799060000241e-01
2.952758944280000151e+02 9.439857567270000249e-01
2.953057360700000231e+02 9.427410962459999988e-01
2.953355777130000206e+02 9.418413517300000537e-01
2.953654193549999718e+02 9.411754590969999557e-01
2.953952609970000367e+02 9.408250346159999777e-01
2.954251026389999879e+02 9.404246210209999957e-01
2.954549442819999854e+02 9.400548605399999813e-01
2.954847859239999934e+02 9.399038383579999545e-01
2.955146275660000015e+02 9.402561772790000161e-01
2.955444692080000095e+02 9.403073864990000308e-01
2.955743108499999607e+02 9.404456367040000542e-01
2.956041524930000151e+02 9.406111809499999588e-01
2.956339941350000231e+02 9.406966321990000157e-01
2.956638357769999743e+02 9.400096183230000069e-01
2.956936774189999824e+02 9.390998934190000202e-01
2.957235190620000367e+02 9.379730292079999643e-01
2.957533607039999879e+02 9.372340184399999830e-01
2.957832023459999959e+02 9.363987928450000497e-01
2.958130439880000040e+02 9.360718004219999999e-01
2.958428856300000120e+02 9.360846827800000103e-01
2.958727272730000095e+02 9.368647839999999505e-01
2.959025689149999607e+02 9.374377655479999571e-01
2.959324105570000256e+02 9.380664252200000552e-01
2.959622521990000337e+02 9.382480809030000479e-01
2.959920938419999743e+02 9.379823711550000498e-01
2.960219354839999824e+02 9.382361384520000458e-01
2.960517771259999904e+02 9.386739983340000038e-01
2.960816187679999985e+02 9.383811970090000232e-01
2.961114604109999959e+02 9.379685597069999936e-01
2.961413020530000040e+02 9.384568749909999452e-01
2.961711436950000120e+02 9.398356969500000213e-01
2.962009853370000201e+02 9.417282475779999995e-01
2.962308269789999713e+02 9.433577199999999552e-01
2.962606686220000256e+02 9.445462175480000555e-01
2.962905102640000337e+02 9.454268540289999523e-01
2.963203519059999849e+02 9.455918182170000019e-01
2.963501935479999929e+02 9.457987750970000551e-01
2.963800351909999904e+02 9.455198614659999778e-01
2.964098768329999984e+02 9.446226055599999949e-01
2.964397184750000065e+02 9.432256427570000490e-01
2.964695601170000145e+02 9.421598805509999730e-01
2.964994017600000120e+02 9.421437778179999611e-01
2.965292434020000201e+02 9.420074590029999806e-01
2.965590850439999713e+02 9.417928001990000242e-01
2.965889266860000362e+02 9.416106158479999877e-01
2.966187683279999874e+02 9.415474663339999939e-01
2.966486099709999849e+02 9.408559481410000425e-01
2.966784516129999929e+02 9.402063096770000294e-01
2.967082932550000010e+02 9.399376746159999740e-01
2.967381348970000090e+02 9.401951468970000114e-01
2.967679765400000065e+02 9.405333279769999555e-01
2.967978181820000145e+02 9.414354658179999724e-01
2.968276598240000226e+02 9.420773174190000265e-01
2.968575014659999738e+02 9.420229559060000479e-01
2.968873431089999713e+02 9.424204872960000312e-01
2.969171847510000362e+02 9.430554963639999899e-01
2.969470263929999874e+02 9.435544964219999553e-01
2.969768680349999954e+02 9.439644354249999703e-01
2.970067096770000035e+02 9.434404194840000368e-01
2.970365513200000009e+02 9.428500535249999537e-01
2.970663929620000090e+02 9.428769120819999738e-01
2.970962346039999602e+02 9.429133324930000226e-01
2.971260762460000251e+02 9.425160102640000037e-01
2.971559178890000226e+02 9.424464777600000120e-01
2.971857595309999738e+02 9.416959272960000460e-01
2.972156011729999818e+02 9.406174843750000347e-01
2.972454428149999899e+02 9.390297950379999925e-01
2.972752844569999979e+02 9.379918126099999753e-01
2.973051260999999954e+02 9.376273490209999784e-01
2.973349677420000035e+02 9.371136603869999471e-01
2.973648093840000115e+02 9.359350480700000530e-01
2.973946510260000196e+02 9.346440389910000146e-01
2.974244926689999602e+02 9.347249988269999976e-01
2.974543343110000251e+02 9.353963856189999593e-01
2.974841759530000331e+02 9.359663691849999800e-01
2.975140175949999843e+02 9.359121297479999768e-01
2.975438592379999818e+02 9.356421680469999558e-01
2.975737008799999899e+02 9.355772602930000348e-01
2.976035425219999979e+02 9.365530548039999736e-01
2.976333841640000060e+02 9.377052506390000097e-01
2.976632258060000140e+02 9.387144900649999624e-01
2.976930674490000115e+02 9.395188340529999627e-01
2.977229090910000195e+02 9.402132399999999501e-01
2.977527507329999708e+02 9.412541946629999767e-01
2.977825923750000356e+02 9.412512680229999651e-01
2.978124340180000331e+02 9.408618437069999896e-01
2.978422756599999843e+02 9.409553874720000266e-01
2.978721173019999924e+02 9.420285978300000362e-01
2.979019589440000004e+02 9.426022699120000237e-01
2.979318005869999979e+02 9.422608251730000273e-01
2.979616422290000060e+02 9.418361835659999626e-01
2.979914838710000140e+02 9.410599792260000429e-01
2.980213255130000221e+02 9.413111909089999507e-01
2.980511671549999733e+02 9.423424761990000231e-01
2.980810087979999707e+02 9.430212697130000432e-01
2.981108504400000356e+02 9.432772101109999641e-01
2.981406920819999868e+02 9.436044542050000539e-01
2.981705337239999949e+02 9.434492601170000325e-01
2.982003753669999924e+02 9.428126691729999953e-01
2.982302170090000004e+02 9.421004446920000497e-01
2.982600586510000085e+02 9.413710546039999461e-01
2.982899002929999597e+02 9.405276085870000191e-01
2.983197419350000246e+02 9.395117496770000187e-01
2.983495835780000220e+02 9.387061801989999843e-01
2.983794252199999733e+02 9.382833419589999835e-01
2.984092668619999813e+02 9.382319520120000478e-01
2.984391085039999894e+02 9.384371463699999749e-01
2.984689501469999868e+02 9.395038781229999580e-01
2.984987917889999949e+02 9.408532280700000472e-01
2.985286334310000029e+02 9.413660643279999629e-01
2.985584750730000110e+02 9.410574123049999518e-01
2.985883167160000085e+02 9.404571517180000395e-01
2.986181583579999597e+02 9.399343091499999803e-01
2.986480000000000246e+02 9.391988639999999666e-01
2.986778416420000326e+02 9.393620566570000108e-01
2.987076832839999838e+02 9.403584086099999739e-01
2.987375249269999813e+02 9.412690506630000398e-01
2.987673665689999893e+02 9.423845573610000192e-01
2.987972082109999974e+02 9.435975713309999735e-01
2.988270498530000054e+02 9.453137488210000550e-01
2.988568914960000029e+02 9.466372794130000212e-01
2.988867331380000110e+02 9.472776154369999535e-01
2.989165747800000190e+02 9.477878414660000361e-01
2.989464164219999702e+02 9.476420940999999987e-01
2.989762580650000245e+02 9.465440686449999586e-01
2.990060997070000326e+02 9.454135581350000539e-01
2.990359413489999838e+02 9.447929630850000482e-01
2.990657829909999919e+02 9.445060757180000488e-01
2.990956246329999999e+02 9.440205532319999593e-01
2.991254662759999974e+02 9.431653059469999878e-01
2.991553079180000054e+02 9.424625747210000348e-01
2.991851495600000135e+02 9.416447062399999623e-01
2.992149912020000215e+02 9.406872062759999986e-01
2.992448328450000190e+02 9.395312487039999549e-01
2.992746744869999702e+02 9.381346327039999933e-01
2.993045161290000351e+02 9.368249038710000365e-01
2.993343577709999863e+02 9.348869712380000196e-01
2.993641994129999944e+02 9.330899739000000359e-01
2.993940410559999918e+02 9.321365097010000378e-01
2.994238826979999999e+02 9.321197114720000121e-01
2.994537243400000079e+02 9.321215365630000083e-01
2.994835659819999591e+02 9.319557484339999753e-01
2.995134076250000135e+02 9.319229774780000142e-01
2.995432492670000215e+02 9.319989524220000376e-01
2.995730909089999727e+02 9.318273309090000511e-01
2.996029325509999808e+02 9.317411500650000233e-01
2.996327741940000351e+02 9.314745158710000528e-01
2.996626158359999863e+02 9.307857402350000475e-01
2.996924574779999944e+02 9.298372312260000383e-01
2.997222991200000024e+02 9.295698038830000343e-01
2.997521407620000105e+02 9.299096379240000543e-01
2.997819824050000079e+02 9.307115130790000190e-01
2.998118240469999591e+02 9.310110143700000007e-01
2.998416656890000240e+02 9.319342610909999713e-01
2.998715073310000321e+02 9.330325505340000269e-01
2.999013489739999727e+02 9.329593357180000490e-01
2.999311906159999808e+02 9.318842137949999715e-01
2.999610322579999888e+02 9.313216735479999953e-01
2.999908738999999969e+02 9.313290425450000409e-01
3.000207155429999943e+02 9.311667137950000450e-01
3.000505571850000024e+02 9.307783486799999784e-01
3.000803988270000104e+02 9.312147393199999845e-01
3.001102404690000185e+02 9.322522977480000028e-01
3.001400821109999697e+02 9.329782215249999844e-01
3.001699237540000240e+02 9.335530262519999845e-01
3.001997653960000321e+02 9.342067489740000230e-01
3.002296070379999833e+02 9.343980474599999919e-01
3.002594486799999913e+02 9.347723235310000378e-01
3.002892903229999888e+02 9.359707952260000186e-01
3.003191319649999969e+02 9.375231306279999677e-01
3.003489736070000049e+02 9.385826224629999492e-01
3.003788152490000130e+02 9.388710502049999462e-01
3.004086568910000210e+02 9.392848203639999616e-01
3.004384985340000185e+02 9.405195849270000519e-01
3.004683401759999697e+02 9.421500137830000066e-01
3.004981818180000346e+02 9.432561799999999996e-01
3.005280234599999858e+02 9.443324381000000045e-01
3.005578651029999833e+02 9.451235996479999679e-01
3.005877067449999913e+02 9.456438741579999974e-01
3.006175483869999994e+02 9.458247234840000406e-01
3.006473900290000074e+02 9.460831889740000111e-01
3.006772316720000049e+02 9.462462503230000266e-01
3.007070733140000129e+02 9.454373746280000379e-01
3.007369149560000210e+02 9.450022261820000269e-01
3.007667565979999722e+02 9.449703878120000455e-01
3.007965982399999803e+02 9.445511723749999700e-01
3.008264398830000346e+02 9.440940638360000303e-01
3.008562815249999858e+02 9.441614680940000337e-01
3.008861231669999938e+02 9.450464603639999739e-01
3.009159648090000019e+02 9.459111984520000016e-01
3.009458064519999994e+02 9.460037180650000543e-01
3.009756480940000074e+02 9.456438765400000390e-01
3.010054897359999586e+02 9.459695046330000023e-01
3.010353313780000235e+02 9.465845298180000089e-01
3.010651730210000210e+02 9.465975237889999727e-01
3.010950146629999722e+02 9.454667893839999726e-01
3.011248563049999802e+02 9.444258924570000380e-01
3.011546979470000451e+02 9.439320319059999465e-01
3.011845395889999963e+02 9.439172510500000168e-01
3.012143812319999938e+02 9.448410038479999606e-01
3.012442228740000019e+02 9.456203777710000535e-01
3.012740645160000099e+02 9.453833150970000210e-01
3.013039061580000180e+02 9.451454474370000192e-01
3.013337478009999586e+02 9.451710240589999978e-01
3.013635894430000235e+02 9.446754348270000046e-01
3.013934310850000315e+02 9.434418248679999897e-01
3.014232727269999828e+02 9.419529149090000164e-01
3.014531143699999802e+02 9.404103868619999584e-01
3.014829560120000451e+02 9.392359013609999918e-01
3.015127976539999963e+02 9.376836582869999548e-01
3.015426392960000044e+02 9.361342902050000525e-01
3.015724809380000124e+02 9.347266835430000365e-01
3.016023225810000099e+02 9.343731850319999532e-01
3.016321642230000180e+02 9.345344145220000343e-01
3.016620058649999692e+02 9.344106293139999853e-01
3.016918475070000341e+02 9.344205586510000439e-01
3.017216891500000315e+02 9.340511987680000239e-01
3.017515307919999827e+02 9.339067080820000477e-01
3.017813724339999908e+02 9.339353925629999553e-01
3.018112140759999988e+02 9.335629071090000286e-01
3.018410557180000069e+02 9.325994370669999922e-01
3.018708973610000044e+02 9.317513633549999730e-01
3.019007390030000124e+02 9.318218860529999814e-01
3.019305806450000205e+02 9.321118143230000541e-01
3.019604222869999717e+02 9.324698261110000441e-01
3.019902639299999692e+02 9.326847096189999631e-01
3.020201055720000340e+02 9.329633981580000013e-01
3.020499472139999853e+02 9.337418236360000012e-01
3.020797888559999933e+02 9.348175346039999667e-01
3.021096304989999908e+02 9.359073144049999682e-01
3.021394721409999988e+02 9.362271251029999908e-01
3.021693137830000069e+02 9.365430965750000114e-01
3.021991554249999581e+02 9.366336571259999966e-01
3.022289970670000230e+02 9.367929778060000157e-01
3.022588387100000205e+02 9.366793365159999940e-01
3.022886803519999717e+02 9.367095203519999469e-01
3.023185219939999797e+02 9.368911147209999513e-01
3.023483636360000446e+02 9.375417785449999819e-01
3.023782052789999852e+02 9.379005892430000157e-01
3.024080469209999933e+02 9.375903855480000049e-01
3.024378885630000013e+02 9.379293147799999675e-01
3.024677302050000094e+02 9.385836781109999638e-01
3.024975718480000069e+02 9.388180027329999788e-01
3.025274134899999581e+02 9.388563954490000141e-01
3.025572551320000230e+02 9.385357814189999592e-01
3.025870967740000310e+02 9.382249561290000317e-01
3.026169384159999822e+02 9.376406220059999574e-01
3.026467800589999797e+02 9.377637273900000237e-01
3.026766217010000446e+02 9.381255796249999834e-01
3.027064633429999958e+02 9.384459079300000450e-01
3.027363049850000039e+02 9.382629934309999475e-01
3.027661466280000013e+02 9.375425563639999682e-01
3.027959882700000094e+02 9.363815208679999724e-01
3.028258299120000174e+02 9.351943325979999999e-01
3.028556715539999686e+02 9.338399369269999584e-01
3.028855131960000335e+02 9.331708007619999856e-01
3.029153548390000310e+02 9.328892781940000267e-01
3.029451964809999822e+02 9.325657985919999504e-01
3.029750381229999903e+02 9.328150177130000165e-01
3.030048797649999983e+02 9.334278287980000144e-01
3.030347214079999958e+02 9.338828984160000291e-01
3.030645630500000038e+02 9.341952972670000133e-01
3.030944046920000119e+02 9.337582967619999508e-01
3.031242463340000199e+02 9.324386810910000323e-01
3.031540879770000174e+02 9.310043099589999649e-01
3.031839296189999686e+02 9.299522261579999949e-01
3.032137712610000335e+02 9.295626170559999624e-01
3.032436129029999847e+02 9.298199485160000277e-01
3.032734545449999928e+02 9.308728258180000159e-01
3.033032961879999903e+02 9.326413124219999906e-01
3.033331378299999983e+02 9.341322190619999466e-01
3.033629794720000064e+02 9.354703030150000043e-01
3.033928211139999576e+02 9.364131805869999603e-01
3.034226627570000119e+02 9.369748486569999812e-01
3.034525043990000199e+02 9.371339087740000462e-01
3.034823460409999711e+02 9.362395859240000284e-01
3.035121876829999792e+02 9.351193178300000186e-01
3.035420293260000335e+02 9.342443749790000362e-01
3.035718709679999847e+02 9.337984931610000539e-01
3.036017126099999928e+02 9.342312203870000165e-01
3.036315542520000008e+02 9.354473463929999788e-01
3.036613958940000089e+02 9.366117229560000368e-01
3.036912375370000063e+02 9.376663217130000172e-01
3.037210791789999575e+02 9.380951198589999596e-01
3.037509208210000224e+02 9.380946734430000156e-01
3.037807624630000305e+02 9.373538821700000412e-01
3.038106041059999711e+02 9.360937185569999652e-01
3.038404457479999792e+02 9.352718201170000523e-01
3.038702873900000441e+02 9.344934477420000496e-01
3.039001290319999953e+02 9.339703172900000183e-01
3.039299706740000033e+02 9.340402382400000425e-01
3.039598123170000008e+02 9.340461581700000293e-01
3.039896539590000089e+02 9.336895177599999762e-01
3.040194956010000169e+02 9.331724407620000106e-01
3.040493372429999681e+02 9.334174038239999582e-01
3.040791788860000224e+02 9.338034585919999797e-01
3.041090205280000305e+02 9.339268636830000414e-01
3.041388621699999817e+02 9.338910123050000456e-01
3.041687038119999897e+02 9.335605482929999477e-01
3.041985454550000441e+02 9.327610920000000139e-01
3.042283870969999953e+02 9.319549290319999457e-01
3.042582287390000033e+02 9.310334230850000337e-01
3.042880703810000114e+02 9.308625309089999522e-01
3.043179120230000194e+02 9.309688137360000448e-01
3.043477536660000169e+02 9.303833478940000123e-01
3.043775953079999681e+02 9.300951279179999753e-01
3.044074369500000330e+02 9.297191755310000305e-01
3.044372785919999842e+02 9.287299057950000325e-01
3.044671202349999817e+02 9.273623890790000379e-01
3.044969618769999897e+02 9.270940944400000161e-01
3.045268035189999978e+02 9.264865359530000122e-01
3.045566451610000058e+02 9.250840387100000006e-01
3.045864868040000033e+02 9.243377376300000448e-01
3.046163284460000114e+02 9.237354852789999571e-01
3.046461700880000194e+02 9.234166168909999639e-01
3.046760117299999706e+02 9.234077584159999796e-01
3.047058533719999787e+02 9.239805285279999447e-01
3.047356950150000330e+02 9.246213711549999825e-01
3.047655366569999842e+02 9.250097041760000360e-01
3.047953782989999922e+02 9.248047822870000267e-01
3.048252199410000003e+02 9.247282441059999636e-01
3.048550615839999978e+02 9.247760245399999635e-01
3.048849032260000058e+02 9.246091624519999774e-01
3.049147448679999570e+02 9.250474947210000076e-01
3.049445865100000219e+02 9.268684955189999686e-01
3.049744281520000300e+02 9.289917319649999561e-01
3.050042697949999706e+02 9.305500911670000486e-01
3.050341114369999787e+02 9.324163846099999819e-01
3.050639530790000435e+02 9.334250966099999491e-01
3.050937947209999948e+02 9.331239038709999711e-01
3.051236363639999922e+02 9.330562872730000512e-01
3.051534780060000003e+02 9.333100967159999595e-01
3.051833196480000083e+02 9.336922185339999736e-01
3.052131612900000164e+02 9.334134098059999607e-01
3.052430029329999570e+02 9.337825907210000054e-01
3.052728445750000219e+02 9.341997943109999758e-01
3.053026862170000300e+02 9.343735141350000273e-01
3.053325278589999812e+02 9.351458058889999814e-01
3.053623695009999892e+02 9.362366822990000337e-01
3.053922111440000435e+02 9.373278974780000494e-01
3.054220527859999947e+02 9.373066963049999645e-01
3.054518944280000028e+02 9.368634905339999763e-01
3.054817360700000108e+02 9.369274988389999503e-01
3.055115777130000083e+02 9.369732943230000277e-01
3.055414193550000164e+02 9.373417815479999637e-01
3.055712609969999676e+02 9.381400720229999823e-01
3.056011026390000325e+02 9.391741551910000041e-01
3.056309442820000299e+02 9.401535361880000163e-01
3.056607859239999812e+02 9.404810789209999689e-01
3.056906275659999892e+02 9.407786596599999607e-01
3.057204692079999973e+02 9.408462700290000091e-01
3.057503108500000053e+02 9.403954406450000247e-01
3.057801524930000028e+02 9.395876431440000065e-01
3.058099941350000108e+02 9.387969581820000409e-01
3.058398357770000189e+02 9.377786862050000449e-01
3.058696774189999701e+02 9.365637393550000356e-01
3.058995190619999676e+02 9.360660454660000296e-01
3.059293607040000325e+02 9.361374955779999674e-01
3.059592023459999837e+02 9.350552996950000084e-01
3.059890439879999917e+02 9.332818859350000551e-01
3.060188856299999998e+02 9.318253600589999630e-01
3.060487272729999972e+02 9.309805229090000189e-01
3.060785689150000053e+02 9.307836979239999531e-01
3.061084105569999565e+02 9.310132722349999668e-01
3.061382521990000214e+02 9.305214878480000396e-01
3.061680938420000189e+02 9.296049971259999767e-01
3.061979354839999701e+02 9.283692833550000190e-01
3.062277771259999781e+02 9.280978095009999596e-01
3.062576187680000430e+02 9.286682077419999848e-01
3.062874604109999837e+02 9.297828795539999636e-01
3.063173020529999917e+02 9.308065619940000257e-01
3.063471436949999998e+02 9.318649866739999732e-01
3.063769853370000078e+02 9.328625024990000458e-01
3.064068269790000159e+02 9.323908457359999513e-01
3.064366686219999565e+02 9.315550697829999560e-01
3.064665102640000214e+02 9.316858474489999598e-01
3.064963519060000294e+02 9.325679960349999575e-01
3.065261935479999806e+02 9.328608100649999901e-01
3.065560351909999781e+02 9.321607737239999691e-01
3.065858768330000430e+02 9.313855755309999873e-01
3.066157184749999942e+02 9.304916587679999962e-01
3.066455601170000023e+02 9.302854081060000224e-01
3.066754017599999997e+02 9.306242961170000383e-01
3.067052434020000078e+02 9.307811777479999549e-01
3.067350850440000158e+02 9.297372426509999954e-01
3.067649266859999670e+02 9.282656863339999731e-01
3.067947683280000319e+02 9.269213613490000503e-01
3.068246099710000294e+02 9.259715613140000467e-01
3.068544516129999806e+02 9.249290198709999578e-01
3.068842932549999887e+02 9.239616372429999558e-01
3.069141348969999967e+02 9.243522536660000455e-01
3.069439765399999942e+02 9.249216879060000451e-01
3.069738181820000023e+02 9.254861167269999855e-01
3.070036598240000103e+02 9.261040161169999951e-01
3.070335014660000184e+02 9.267410285279999993e-01
3.070633431090000158e+02 9.276461489739999955e-01
3.070931847509999670e+02 9.286280842930000334e-01
3.071230263930000319e+02 9.293839111089999827e-01
3.071528680349999831e+02 9.299016281169999454e-01
3.071827096769999912e+02 9.306142996130000178e-01
3.072125513199999887e+02 9.314448421700000091e-01
3.072423929619999967e+02 9.324507366569999567e-01
3.072722346040000048e+02 9.334186475429999685e-01
3.073020762459999560e+02 9.352063450909999798e-01
3.073319178890000103e+02 9.366022789910000146e-01
3.073617595310000183e+02 9.380401649849999801e-01
3.073916011729999695e+02 9.394464537359999978e-01
3.074214428149999776e+02 9.399727515660000199e-01
3.074512844570000425e+02 9.399942586630000152e-01
3.074811260999999831e+02 9.397184056770000460e-01
3.075109677419999912e+02 9.393457935479999632e-01
3.075408093839999992e+02 9.388867994489999980e-01
3.075706510260000073e+02 9.381506078829999762e-01
3.076004926690000048e+02 9.375106032960000002e-01
3.076303343109999560e+02 9.368508878589999478e-01
3.076601759530000209e+02 9.360824686219999524e-01
3.076900175950000289e+02 9.354150093490000151e-01
3.077198592379999695e+02 9.351308928329999937e-01
3.077497008799999776e+02 9.351860005750000093e-01
3.077795425220000425e+02 9.358468603749999781e-01
3.078093841639999937e+02 9.360593954839999675e-01
3.078392258060000017e+02 9.363709663229999869e-01
3.078690674489999992e+02 9.361950311550000237e-01
3.078989090910000073e+02 9.355662374550000049e-01
3.079287507330000153e+02 9.349609642459999481e-01
3.079585923749999665e+02 9.342837330209999847e-01
3.079884340180000208e+02 9.336919834719999978e-01
3.080182756600000289e+02 9.329379171499999623e-01
3.080481173019999801e+02 9.322723468620000009e-01
3.080779589439999882e+02 9.316699401169999950e-01
3.081078005870000425e+02 9.316217140760000293e-01
3.081376422289999937e+02 9.333208060530000516e-01
3.081674838710000017e+02 9.347308570319999843e-01
3.081973255130000098e+02 9.348026946980000362e-01
3.082271671550000178e+02 9.344947494190000148e-01
3.082570087980000153e+02 9.339827174189999637e-01
3.082868504399999665e+02 9.331722766100000177e-01
3.083166920820000314e+02 9.325722099940000342e-01
3.083465337239999826e+02 9.321674021470000016e-01
3.083763753669999801e+02 9.317127518240000406e-01
3.084062170089999881e+02 9.309399812899999960e-01
3.084360586509999962e+02 9.306493085629999884e-01
3.084659002930000042e+02 9.309909223229999586e-01
3.084957419349999554e+02 9.316393486449999761e-01
3.085255835780000098e+02 9.323228901819999859e-01
3.085554252200000178e+02 9.329026686219999975e-01
3.085852668619999690e+02 9.331771926570000542e-01
3.086151085039999771e+02 9.331606407979999851e-01
3.086449501470000314e+02 9.327944107100000215e-01
3.086747917889999826e+02 9.333442583700000128e-01
3.087046334309999907e+02 9.342309687390000228e-01
3.087344750729999987e+02 9.344053595660000155e-01
3.087643167159999962e+02 9.338906602700000059e-01
3.087941583580000042e+02 9.328841526919999794e-01
3.088239999999999554e+02 9.321029560000000380e-01
3.088538416420000203e+02 9.317656278589999674e-01
3.088836832840000284e+02 9.320048416070000341e-01
3.089135249269999690e+02 9.326808129150000459e-01
3.089433665689999771e+02 9.330575794130000489e-01
3.089732082110000420e+02 9.333154263230000192e-01
3.090030498529999932e+02 9.334064943109999790e-01
3.090328914959999906e+02 9.346334101350000090e-01
3.090627331379999987e+02 9.360525598359999977e-01
3.090925747800000067e+02 9.370346376189999660e-01
3.091224164220000148e+02 9.372120038710000101e-01
3.091522580649999554e+02 9.364411683869999781e-01
3.091820997070000203e+02 9.352262590380000518e-01
3.092119413490000284e+02 9.346169143110000244e-01
3.092417829909999796e+02 9.354361238709999471e-01
3.092716246329999876e+02 9.365157218059999567e-01
3.093014662760000419e+02 9.367725233429999854e-01
3.093313079179999932e+02 9.364192248449999534e-01
3.093611495600000012e+02 9.363789095250000249e-01
3.093909912020000093e+02 9.360289345919999837e-01
3.094208328450000067e+02 9.355370190149999710e-01
3.094506744870000148e+02 9.352938107329999973e-01
3.094805161289999660e+02 9.345913526450000397e-01
3.095103577710000309e+02 9.343405269790000522e-01
3.095401994129999821e+02 9.333186764690000192e-01
3.095700410559999796e+02 9.326616072019999759e-01
3.095998826979999876e+02 9.318255660409999752e-01
3.096297243399999957e+02 9.307991090320000271e-01
3.096595659820000037e+02 9.297250312960000374e-01
3.096894076250000012e+02 9.295592160700000273e-01
3.097192492670000092e+02 9.293137260760000462e-01
3.097490909090000173e+02 9.286471690909999799e-01
3.097789325509999685e+02 9.285782499000000412e-01
3.098087741939999660e+02 9.294193833549999617e-01
3.098386158360000309e+02 9.302924819590000505e-01
3.098684574779999821e+02 9.305631548270000275e-01
3.098982991199999901e+02 9.306318381820000152e-01
3.099281407619999982e+02 9.302366511320000475e-01
3.099579824049999957e+02 9.305863081520000524e-01
3.099878240470000037e+02 9.312419259240000136e-01
3.100176656889999549e+02 9.313049727740000394e-01
3.100475073310000198e+02 9.316348177130000519e-01
3.100773489740000173e+02 9.318453416419999469e-01
3.101071906159999685e+02 9.318790871550000077e-01
3.101370322579999765e+02 9.320616198710000022e-01
3.101668739000000414e+02 9.323442131729999804e-01
3.101967155429999821e+02 9.327557052199999532e-01
3.102265571849999901e+02 9.335701819709999461e-01
3.102563988269999982e+02 9.340453580059999705e-01
3.102862404690000062e+02 9.342589510030000488e-01
3.103160821110000143e+02 9.338223134549999971e-01
3.103459237539999549e+02 9.324024934310000123e-01
3.103757653960000198e+02 9.317280436949999523e-01
3.104056070380000278e+02 9.323318961169999586e-01
3.104354486799999790e+02 9.332891059939999456e-01
3.104652903229999765e+02 9.335428829680000318e-01
3.104951319650000414e+02 9.336114049849999486e-01
3.105249736069999926e+02 9.331209115309999635e-01
3.105548152490000007e+02 9.327014773959999561e-01
3.105846568910000087e+02 9.328096299710000316e-01
3.106144985340000062e+02 9.332317155070000148e-01
3.106443401760000143e+02 9.335118117890000011e-01
3.106741818179999655e+02 9.333706618179999914e-01
3.107040234600000304e+02 9.330234429210000346e-01
3.107338651030000278e+02 9.328360179589999523e-01
3.107637067449999790e+02 9.328997636600000476e-01
3.107935483869999871e+02 9.331039077420000272e-01
3.108233900289999951e+02 9.337347117069999536e-01
3.108532316719999926e+02 9.350825870379999571e-01
3.108830733140000007e+02 9.359468264629999812e-01
3.109129149560000087e+02 9.360154387919999985e-01
3.109427565980000168e+02 9.356106500880000398e-01
3.109725982399999680e+02 9.346640454900000394e-01
3.110024398829999654e+02 9.341030093369999676e-01
3.110322815250000303e+02 9.343272367270000212e-01
3.110621231669999815e+02 9.345135397770000241e-01
3.110919648089999896e+02 9.344876319649999541e-01
3.111218064519999871e+02 9.350012686449999944e-01
3.111516480939999951e+02 9.359583701350000506e-01
3.111814897360000032e+02 9.366574078939999826e-01
3.112113313780000112e+02 9.358070064050000303e-01
3.112411730210000087e+02 9.342394703230000319e-01
3.112710146630000168e+02 9.328457911199999897e-01
3.113008563049999680e+02 9.317051687620000466e-01
3.113306979469999760e+02 9.314792868269999859e-01
3.113605395890000409e+02 9.303008574309999945e-01
3.113903812319999815e+02 9.289168580059999902e-01
3.114202228739999896e+02 9.286919506390000079e-01
3.114500645159999976e+02 9.291228242579999685e-01
3.114799061580000057e+02 9.295060643170000025e-01
3.115097478010000032e+02 9.296460291260000286e-01
3.115395894430000112e+02 9.296664925509999788e-01
3.115694310850000193e+02 9.298680154249999719e-01
3.115992727270000273e+02 9.300334625449999670e-01
3.116291143699999679e+02 9.300345298419999684e-01
3.116589560119999760e+02 9.295419653259999748e-01
3.116887976540000409e+02 9.290727232259999857e-01
3.117186392959999921e+02 9.292081066509999543e-01
3.117484809380000002e+02 9.292974924689999527e-01
3.117783225809999976e+02 9.294637476129999909e-01
3.118081642230000057e+02 9.295370372079999610e-01
3.118380058650000137e+02 9.291681187679999843e-01
3.118678475069999649e+02 9.299690125039999922e-01
3.118976891500000193e+02 9.307661372790000387e-01
3.119275307920000273e+02 9.306570150380000239e-01
3.119573724339999785e+02 9.301755859000000459e-01
3.119872140759999866e+02 9.298443052199999448e-01
3.120170557179999946e+02 9.295386860650000083e-01
3.120468973609999921e+02 9.286967270260000351e-01
3.120767390030000001e+02 9.283187738060000305e-01
3.121065806450000082e+02 9.280534416769999906e-01
3.121364222870000162e+02 9.277860890910000213e-01
3.121662639300000137e+02 9.278553382759999746e-01
3.121961055719999649e+02 9.282311936660000429e-01
3.122259472140000298e+02 9.289492378179999843e-01
3.122557888559999810e+02 9.298742205750000211e-01
3.122856304989999785e+02 9.304735888559999557e-01
3.123154721409999866e+02 9.308318611379999830e-01
3.123453137829999946e+02 9.312107833430000037e-01
3.123751554250000027e+02 9.314305255720000121e-01
3.124049970670000107e+02 9.313681904630000119e-01
3.124348387100000082e+02 9.315935716130000488e-01
3.124646803520000162e+02 9.316186124219999476e-01
3.124945219939999674e+02 9.310440032140000488e-01
3.125243636359999755e+02 9.304776087270000273e-01
3.125542052790000298e+02 9.302813928209999750e-01
3.125840469209999810e+02 9.302867853959999600e-01
3.126138885629999891e+02 9.303946908269999927e-01
3.126437302049999971e+02 9.303084004110000471e-01
3.126735718479999946e+02 9.298111017479999685e-01
3.127034134900000026e+02 9.291098830849999768e-01
3.127332551320000107e+02 9.285143658650000242e-01
3.127630967740000187e+02 9.273645147100000319e-01
3.127929384160000268e+02 9.258681996480000453e-01
3.128227800589999674e+02 9.247579105690000301e-01
3.128526217009999755e+02 9.238433538179999793e-01
3.128824633430000404e+02 9.233260448679999621e-01
3.129123049849999916e+02 9.231121739940000293e-01
3.129421466279999891e+02 9.229152828969999778e-01
3.129719882699999971e+02 9.232813499819999548e-01
3.130018299120000052e+02 9.238301100529999754e-01
3.130316715540000132e+02 9.236754370669999492e-01
3.130615131959999644e+02 9.227626386859999474e-01
3.130913548390000187e+02 9.213538042579999532e-01
3.131211964810000268e+02 9.197984344280000224e-01
3.131510381229999780e+02 9.184191911669999930e-01
3.131808797649999860e+02 9.176848538999999860e-01
3.132107214080000404e+02 9.180342983110000299e-01
3.132405630499999916e+02 9.184874742519999469e-01
3.132704046919999996e+02 9.194748536539999462e-01
3.133002463340000077e+02 9.197337548270000385e-01
3.133300879770000051e+02 9.189337074490000479e-01
3.133599296190000132e+02 9.177528235780000321e-01
3.133897712609999644e+02 9.163341915660000447e-01
3.134196129030000293e+02 9.154522423230000427e-01
3.134494545449999805e+02 9.153844872730000359e-01
3.134792961879999780e+02 9.156672341939999793e-01
3.135091378299999860e+02 9.159123254900000122e-01
3.135389794719999941e+02 9.168170796719999904e-01
3.135688211140000021e+02 9.176686552020000276e-01
3.135986627569999996e+02 9.183462980879999460e-01
3.136285043990000077e+02 9.186452770090000053e-01
3.136583460410000157e+02 9.196142583690000150e-01
3.136881876829999669e+02 9.205598209380000396e-01
3.137180293259999644e+02 9.209084802110000245e-01
3.137478709680000293e+02 9.214792972899999990e-01
3.137777126099999805e+02 9.221536737829999497e-01
3.138075542519999885e+02 9.232409679769999489e-01
3.138373958939999966e+02 9.248978857949999854e-01
3.138672375369999941e+02 9.273660536300000201e-01
3.138970791790000021e+02 9.296578504750000471e-01
3.139269208210000102e+02 9.308980489150000537e-01
3.139567624630000182e+02 9.303157303460000138e-01
3.139866041060000157e+02 9.298392756009999927e-01
3.140164457479999669e+02 9.299585779939999464e-01
3.140462873899999749e+02 9.297368757770000380e-01
3.140761290320000398e+02 9.294872019350000070e-01
3.141059706739999910e+02 9.296357019469999594e-01
3.141358123169999885e+02 9.305170017599999621e-01
3.141656539589999966e+02 9.309885671319999556e-01
3.141954956010000046e+02 9.310249593670000268e-01
3.142253372430000127e+02 9.304816424630000249e-01
3.142551788860000102e+02 9.294387113309999782e-01
3.142850205280000182e+02 9.288910137360000263e-01
3.143148621700000263e+02 9.286037448330000110e-01
3.143447038119999775e+02 9.278763249270000069e-01
3.143745454549999749e+02 9.270392872730000011e-01
3.144043870970000398e+02 9.264773122580000075e-01
3.144342287389999910e+02 9.264452123170000553e-01
3.144640703809999991e+02 9.272087510969999613e-01
3.144939120230000071e+02 9.277612478829999620e-01
3.145237536660000046e+02 9.285655574190000427e-01
3.145535953080000127e+02 9.300510733610000136e-01
3.145834369499999639e+02 9.311544719300000050e-01
3.146132785920000288e+02 9.313624891030000130e-01
3.146431202350000262e+02 9.309747645749999467e-01
3.146729618769999774e+02 9.310835484460000533e-01
3.147028035189999855e+02 9.316045339120000435e-01
3.147326451609999935e+02 9.321449176770000289e-01
3.147624868039999910e+02 9.321950118359999538e-01
3.147923284459999991e+02 9.322761607980000198e-01
3.148221700880000071e+02 9.323599786509999543e-01
3.148520117300000152e+02 9.322446137600000071e-01
3.148818533719999664e+02 9.320546181469999691e-01
3.149116950149999639e+02 9.319156268270000210e-01
3.149415366570000288e+02 9.317152441989999812e-01
3.149713782989999800e+02 9.315380556600000306e-01
3.150012199409999880e+02 9.316953904279999810e-01
3.150310615839999855e+02 9.312258417709999847e-01
3.150609032259999935e+02 9.303078678709999494e-01
3.150907448680000016e+02 9.295807649499999714e-01
3.151205865100000096e+02 9.290317097950000491e-01
3.151504281520000177e+02 9.286399569269999654e-01
3.151802697950000152e+02 9.276885086099999622e-01
3.152101114369999664e+02 9.267990464869999556e-01
3.152399530789999744e+02 9.271175347919999865e-01
3.152697947210000393e+02 9.281210695599999561e-01
3.152996363639999799e+02 9.291459530910000097e-01
3.153294780059999880e+02 9.299504212550000481e-01
3.153593196479999961e+02 9.298845908039999886e-01
3.153891612900000041e+02 9.291620925160000155e-01
3.154190029330000016e+02 9.284861373610000523e-01
3.154488445750000096e+02 9.281644384630000078e-01
3.154786862170000177e+02 9.280697779590000307e-01
3.155085278590000257e+02 9.276229791319999807e-01
3.155383695009999769e+02 9.272626038119999858e-01
3.155682111439999744e+02 9.276566253960000230e-01
3.155980527860000393e+02 9.286333567269999811e-01
3.156278944279999905e+02 9.294537732080000447e-01
3.156577360699999986e+02 9.298286013019999574e-01
3.156875777129999960e+02 9.305482746509999847e-01
3.157174193550000041e+02 9.310162161289999849e-01
3.157472609970000121e+02 9.304978571849999991e-01
3.157771026389999633e+02 9.299753877649999945e-01
3.158069442820000177e+02 9.296360557889999932e-01
3.158367859240000257e+02 9.313502122700000330e-01
3.158666275659999769e+02 9.351685115540000481e-01
3.158964692079999850e+02 9.396039638709999808e-01
3.159263108499999930e+02 9.441404651379999846e-01
3.159561524929999905e+02 9.484965360589999728e-01
3.159859941349999986e+02 9.525502523640000385e-01
3.160158357770000066e+02 9.566419732549999999e-01
3.160456774190000147e+02 9.607621762579999780e-01
3.160755190620000121e+02 9.642572219239999853e-01
3.161053607039999633e+02 9.677733878240000198e-01
3.161352023460000282e+02 9.716696584520000401e-01
3.161650439879999794e+02 9.757376912020000459e-01
3.161948856299999875e+02 9.796576853370000393e-01
3.162247272729999850e+02 9.837555345449999766e-01
3.162545689149999930e+02 9.878646131260000463e-01
3.162844105570000011e+02 9.917794370210000210e-01
3.163142521990000091e+02 9.951754451030000448e-01
3.163440938420000066e+02 9.971656172670000373e-01
3.163739354840000146e+02 9.977505766449999980e-01
3.164037771260000227e+02 9.979390857240000301e-01
3.164336187679999739e+02 9.980377744870000400e-01
3.164634604110000282e+02 9.981156617009999676e-01
3.164933020529999794e+02 9.981934842109999595e-01
3.165231436949999875e+02 9.982725622289999601e-01
3.165529853369999955e+02 9.983518911440000254e-01
3.165828269790000036e+02 9.984303501469999897e-01
3.166126686220000011e+02 9.985069302639999478e-01
3.166425102640000091e+02 9.985810999409999722e-01
3.166723519060000172e+02 9.986523505340000328e-01
3.167021935480000252e+02 9.987204365159999542e-01
3.167320351910000227e+02 9.987851298300000069e-01
3.167618768329999739e+02 9.988463836359999792e-01
3.167917184750000388e+02 9.989042301110000466e-01
3.168215601169999900e+02 9.989587026859999552e-01
3.168514017599999875e+02 9.990099329029999975e-01
3.168812434019999955e+02 9.990580647860000107e-01
3.169110850440000036e+02 9.991032376539999982e-01
3.169409266860000116e+02 9.991456440000000550e-01
3.169707683279999628e+02 9.991854449970000163e-01
3.170006099710000171e+02 9.992228331850000478e-01
3.170304516130000252e+02 9.992579294190000461e-01
3.170602932549999764e+02 9.992908908500000020e-01
3.170901348969999844e+02 9.993218543580000279e-01
3.171199765400000388e+02 9.993509975250000066e-01
3.171498181819999900e+02 9.993783963640000545e-01
3.171796598239999980e+02 9.994209444220000238e-01
3.172095014660000061e+02 9.994698953670000385e-01
3.172393431090000036e+02 9.995166083869999607e-01
3.172691847510000116e+02 9.995612015839999698e-01
3.172990263929999628e+02 9.996038311089999739e-01
3.173288680350000277e+02 9.996445986390000149e-01
3.173587096769999789e+02 9.996836380650000464e-01
3.173885513199999764e+02 9.997210323280000255e-01
3.174183929619999844e+02 9.997568804809999765e-01
3.174482346039999925e+02 9.997912780409999867e-01
3.174780762460000005e+02 9.998242869560000079e-01
3.175079178889999980e+02 9.998560021110000084e-01
3.175377595310000061e+02 9.998865060880000044e-01
3.175676011730000141e+02 9.999158379350000514e-01
3.175974428150000222e+02 9.999440967039999739e-01
3.176272844569999734e+02 9.999713014429999491e-01
3.176571261000000277e+02 9.999975169500000538e-01
3.176869677419999789e+02 1.000000000000000000e+00
3.177168093839999869e+02 1.000000000000000000e+00
3.177466510259999950e+02 1.000000000000000000e+00
3.177764926689999925e+02 1.000000000000000000e+00
3.178063343110000005e+02 1.000000000000000000e+00
3.178361759530000086e+02 1.000000000000000000e+00
3.178660175950000166e+02 1.000000000000000000e+00
3.178958592380000141e+02 1.000000000000000000e+00
3.179257008800000222e+02 1.000000000000000000e+00
3.179555425219999734e+02 1.000000000000000000e+00
3.179853841640000383e+02 1.000000000000000000e+00
3.180152258059999895e+02 1.000000000000000000e+00
3.180450674489999869e+02 1.000000000000000000e+00
3.180749090909999950e+02 1.000000000000000000e+00
3.181047507330000030e+02 1.000000000000000000e+00
3.181345923750000111e+02 1.000000000000000000e+00
3.181644340180000086e+02 1.000000000000000000e+00
3.181942756600000166e+02 1.000000000000000000e+00
3.182241173020000247e+02 1.000000000000000000e+00
3.182539589439999759e+02 1.000000000000000000e+00
3.182838005869999733e+02 1.000000000000000000e+00
3.183136422290000382e+02 1.000000000000000000e+00
3.183434838709999894e+02 1.000000000000000000e+00
3.183733255129999975e+02 1.000000000000000000e+00
3.184031671550000056e+02 1.000000000000000000e+00
3.184330087980000030e+02 1.000000000000000000e+00
3.184628504400000111e+02 1.000000000000000000e+00
3.184926920819999623e+02 1.000000000000000000e+00
3.185225337240000272e+02 1.000000000000000000e+00
3.185523753670000247e+02 1.000000000000000000e+00
3.185822170089999759e+02 1.000000000000000000e+00
3.186120586509999839e+02 1.000000000000000000e+00
3.186419002929999920e+02 1.000000000000000000e+00
3.186717419350000000e+02 1.000000000000000000e+00
3.187015835779999975e+02 1.000000000000000000e+00
3.187314252200000055e+02 1.000000000000000000e+00
3.187612668620000136e+02 1.000000000000000000e+00
3.187911085040000216e+02 1.000000000000000000e+00
3.188209501469999623e+02 1.000000000000000000e+00
3.188507917890000272e+02 1.000000000000000000e+00
3.188806334309999784e+02 1.000000000000000000e+00
3.189104750729999864e+02 1.000000000000000000e+00
3.189403167159999839e+02 1.000000000000000000e+00
3.189701583579999919e+02 1.000000000000000000e+00
3.190000000000000000e+02 1.000000000000000000e+00
