# Wavelength (Nm)     Mean
2.919019999999999868e+02 2.152925599999999939e-01
2.920628875859999880e+02 2.134990218850000010e-01
2.922237751709999998e+02 2.120794428860000025e-01
2.923846627570000010e+02 2.131768654189999945e-01
2.925455503419999559e+02 2.161721341539999952e-01
2.927064379280000139e+02 2.181280670970000002e-01
2.928673255130000257e+02 2.188495532899999985e-01
2.930282130990000269e+02 2.153751140959999921e-01
2.931891006839999818e+02 2.161849477580000123e-01
2.933499882699999830e+02 2.154317985099999944e-01
2.935108758549999948e+02 2.181104235780000067e-01
2.936717634409999960e+02 2.191435442150000135e-01
2.938326510260000077e+02 2.223848371849999894e-01
2.939935386120000089e+02 2.261645533059999935e-01
2.941544261970000207e+02 2.289062196949999961e-01
2.943153137830000219e+02 2.303953835189999910e-01
2.944762013690000231e+02 2.276380275429999989e-01
2.946370889539999780e+02 2.262810026980000000e-01
2.947979765399999792e+02 2.252070133959999942e-01
2.949588641249999910e+02 2.288733797180000085e-01
2.951197517109999922e+02 2.316846010359999986e-01
2.952806392960000039e+02 2.353056678590000061e-01
2.954415268820000051e+02 2.336626564729999966e-01
2.956024144670000169e+02 2.337203631789999958e-01
2.957633020530000181e+02 2.311697485510000039e-01
2.959241896380000298e+02 2.325014986710000064e-01
2.960850772239999742e+02 2.328407599840000008e-01
2.962459648089999860e+02 2.357763313079999923e-01
2.964068523949999872e+02 2.365369199879999995e-01
2.965677399799999989e+02 2.375013471280000010e-01
2.967286275660000001e+02 2.419437463930000087e-01
2.968895151520000013e+02 2.439078412119999872e-01
2.970504027370000131e+02 2.489906651609999910e-01
2.972112903230000143e+02 2.468483811609999967e-01
2.973721779080000260e+02 2.483276092199999951e-01
2.975330654939999704e+02 2.484731857870000060e-01
2.976939530789999822e+02 2.517620368210000126e-01
2.978548406649999833e+02 2.515035512959999942e-01
2.980157282499999951e+02 2.533979392879999737e-01
2.981766158359999963e+02 2.497835026159999916e-01
2.983375034210000081e+02 2.526600965790000153e-01
2.984983910070000093e+02 2.527535610830000112e-01
2.986592785920000210e+02 2.577384877069999747e-01
2.988201661780000222e+02 2.574518578259999968e-01
2.989810537629999772e+02 2.591244621509999901e-01
2.991419413489999783e+02 2.567353969500000277e-01
2.993028289349999795e+02 2.569886176419999835e-01
2.994637165199999913e+02 2.555543214270000196e-01
2.996246041059999925e+02 2.566291702990000090e-01
2.997854916910000043e+02 2.584282890669999944e-01
2.999463792770000055e+02 2.626909583190000230e-01
3.001072668620000172e+02 2.673648309209999963e-01
3.002681544480000184e+02 2.685682280739999928e-01
3.004290420329999733e+02 2.684647204300000256e-01
3.005899296189999745e+02 2.674826923049999916e-01
3.007508172039999863e+02 2.699347041290000027e-01
3.009117047900000443e+02 2.702028643680000064e-01
3.010725923749999993e+02 2.719379181470000240e-01
3.012334799610000005e+02 2.707682641449999927e-01
3.013943675460000122e+02 2.724903464049999724e-01
3.015552551320000134e+02 2.737238089380000239e-01
3.017161427170000252e+02 2.760111307640000233e-01
3.018770303029999695e+02 2.798869744240000124e-01
3.020379178889999707e+02 2.832732146629999836e-01
3.021988054739999825e+02 2.869104460760000253e-01
3.023596930600000405e+02 2.858106375719999814e-01
3.025205806449999955e+02 2.850714326450000113e-01
3.026814682309999966e+02 2.827825952340000115e-01
3.028423558160000084e+02 2.816689212899999850e-01
3.030032434020000096e+02 2.844845749909999943e-01
3.031641309870000214e+02 2.868676851690000196e-01
3.033250185729999657e+02 2.854059587139999854e-01
3.034859061579999775e+02 2.834103346040000027e-01
3.036467937439999787e+02 2.826446604689999975e-01
3.038076813289999905e+02 2.880938362309999889e-01
3.039685689149999916e+02 2.901784451380000074e-01
3.041294565000000034e+02 2.938839182679999773e-01
3.042903440860000046e+02 2.957765984090000022e-01
3.044512316720000058e+02 2.970839009969999944e-01
3.046121192570000176e+02 2.972763850830000276e-01
3.047730068429999619e+02 2.996650909679999808e-01
3.049338944279999737e+02 3.001186203990000023e-01
3.050947820140000317e+02 2.959788318630000026e-01
3.052556695990000435e+02 2.934322646729999873e-01
3.054165571849999878e+02 2.902270037890000154e-01
3.055774447699999996e+02 2.944961792099999864e-01
3.057383323560000008e+02 2.942428882420000114e-01
3.058992199410000126e+02 2.944849315540000179e-01
3.060601075270000138e+02 2.943066535480000079e-01
3.062209951119999687e+02 2.938152872299999996e-01
3.063818826979999699e+02 2.971391375479999764e-01
3.065427702829999816e+02 2.970932835230000180e-01
3.067036578690000397e+02 3.002432499980000058e-01
3.068645454549999840e+02 3.035354636359999803e-01
3.070254330399999958e+02 3.066904351199999934e-01
3.071863206259999970e+02 3.067806189830000196e-01
3.073472082110000088e+02 3.079173799880000062e-01
3.075080957970000100e+02 3.099394612590000153e-01
3.076689833819999649e+02 3.123793059039999820e-01
3.078298709679999661e+02 3.115566983229999809e-01
3.079907585529999778e+02 3.103477294270000075e-01
3.081516461390000359e+02 3.126017249349999916e-01
3.083125337239999908e+02 3.151913873900000218e-01
3.084734213099999920e+02 3.180539875460000054e-01
3.086343088950000038e+02 3.171966265300000254e-01
3.087951964810000050e+02 3.174336820879999910e-01
3.089560840660000167e+02 3.170447959689999817e-01
3.091169716519999611e+02 3.205563559799999851e-01
3.092778592380000191e+02 3.232001523749999938e-01
3.094387468230000309e+02 3.240095719689999876e-01
3.095996344090000321e+02 3.240170897629999769e-01
3.097605219939999870e+02 3.261771127509999757e-01
3.099214095799999882e+02 3.322062654779999735e-01
3.100822971649999999e+02 3.355445818380000111e-01
3.102431847510000011e+02 3.350692733139999935e-01
3.104040723360000129e+02 3.338373116319999778e-01
3.105649599219999573e+02 3.358843176379999740e-01
3.107258475069999690e+02 3.368559667680000036e-01
3.108867350930000271e+02 3.372003069989999990e-01
3.110476226780000388e+02 3.380057651610000047e-01
3.112085102639999832e+02 3.384420561640000269e-01
3.113693978489999949e+02 3.416406962149999837e-01
3.115302854349999961e+02 3.397461585139999740e-01
3.116911730209999973e+02 3.390991981229999896e-01
3.118520606060000091e+02 3.373422505449999997e-01
3.120129481920000103e+02 3.398815549090000165e-01
3.121738357770000221e+02 3.400085961989999794e-01
3.123347233630000233e+02 3.411305397809999973e-01
3.124956109480000350e+02 3.380904701269999979e-01
3.126564985339999794e+02 3.376547464990000136e-01
3.128173861189999911e+02 3.400829672840000040e-01
3.129782737049999923e+02 3.435064964849999791e-01
3.131391612900000041e+02 3.490883898059999879e-01
3.133000488760000053e+02 3.483263595109999944e-01
3.134609364609999602e+02 3.499811004539999937e-01
3.136218240470000183e+02 3.508822691730000276e-01
3.137827116320000300e+02 3.538756626039999964e-01
3.139435992180000312e+02 3.577004200159999980e-01
3.141044868039999756e+02 3.578150162459999839e-01
3.142653743889999873e+02 3.610244542370000254e-01
3.144262619749999885e+02 3.591687535209999727e-01
3.145871495600000003e+02 3.582901744399999977e-01
3.147480371460000015e+02 3.544853986820000191e-01
3.149089247309999564e+02 3.520480855909999818e-01
3.150698123170000144e+02 3.526458130790000034e-01
3.152306999020000262e+02 3.592409368330000130e-01
3.153915874880000274e+02 3.649276277579999728e-01
3.155524750729999823e+02 3.702039214780000198e-01
3.157133626589999835e+02 3.704261683869999877e-01
3.158742502439999953e+02 3.751148264440000157e-01
3.160351378299999965e+02 3.775814118940000186e-01
3.161960254150000083e+02 3.839460783259999732e-01
3.163569130010000094e+02 3.811579916010000013e-01
3.165178005870000106e+02 3.784754628149999967e-01
3.166786881720000224e+02 3.802127043440000076e-01
3.168395757580000236e+02 3.890361391520000267e-01
3.170004633429999785e+02 3.961974181580000254e-01
3.171613509289999797e+02 3.980990724260000113e-01
3.173222385139999915e+02 4.002582690129999898e-01
3.174831260999999927e+02 4.045503816300000111e-01
3.176440136850000044e+02 4.045270549330000076e-01
3.178049012710000056e+02 4.017715251339999960e-01
3.179657888560000174e+02 4.030026052899999822e-01
3.181266764420000186e+02 4.083187176540000185e-01
3.182875640270000304e+02 4.130254214779999766e-01
3.184484516129999747e+02 4.167956290320000146e-01
3.186093391979999865e+02 4.195681679919999740e-01
3.187702267839999877e+02 4.172279473900000202e-01
3.189311143699999889e+02 4.144342704399999744e-01
3.190920019550000006e+02 4.214027646060000132e-01
3.192528895410000018e+02 4.291619024869999799e-01
3.194137771260000136e+02 4.353129948269999772e-01
3.195746647120000148e+02 4.310794677029999855e-01
3.197355522970000266e+02 4.310230686609999862e-01
3.198964398829999709e+02 4.339680349560000039e-01
3.200573274679999827e+02 4.376573187410000010e-01
3.202182150539999839e+02 4.406907646020000180e-01
3.203791026389999956e+02 4.416833419819999884e-01
3.205399902249999968e+02 4.429376142909999814e-01
3.207008778100000086e+02 4.442723561249999897e-01
3.208617653960000098e+02 4.458970510729999837e-01
3.210226529810000216e+02 4.501456838439999997e-01
3.211835405670000227e+02 4.504047553000000148e-01
3.213444281519999777e+02 4.562931802349999844e-01
3.215053157379999789e+02 4.603447173610000220e-01
3.216662033239999801e+02 4.621411617280000161e-01
3.218270909089999918e+02 4.573070876359999759e-01
3.219879784949999930e+02 4.525923677420000124e-01
3.221488660800000048e+02 4.521302534309999954e-01
3.223097536660000060e+02 4.587504286799999886e-01
3.224706412510000177e+02 4.599539102870000007e-01
3.226315288370000189e+02 4.647800067680000202e-01
3.227924164219999739e+02 4.657086463580000224e-01
3.229533040079999751e+02 4.664377808019999905e-01
3.231141915929999868e+02 4.706437454740000081e-01
3.232750791790000449e+02 4.715694780290000110e-01
3.234359667639999998e+02 4.778462918360000256e-01
3.235968543500000010e+02 4.755295923319999840e-01
3.237577419350000127e+02 4.802410212900000142e-01
3.239186295210000139e+02 4.833407352999999906e-01
3.240795171070000151e+02 4.895223637610000011e-01
3.242404046919999701e+02 4.940941770210000028e-01
3.244012922779999712e+02 5.006294977240000055e-01
3.245621798629999830e+02 5.012318585730000109e-01
3.247230674490000411e+02 5.009932727039999589e-01
3.248839550339999960e+02 4.982508342440000182e-01
3.250448426199999972e+02 4.980353308930000056e-01
3.252057302050000089e+02 4.988448286569999723e-01
3.253666177910000101e+02 5.024851113980000061e-01
3.255275053760000219e+02 5.115829152690000159e-01
3.256883929619999662e+02 5.147378277070000507e-01
3.258492805469999780e+02 5.127540912810000240e-01
3.260101681329999792e+02 5.082214291100000114e-01
3.261710557179999910e+02 5.080157381819999651e-01
3.263319433039999922e+02 5.166866837500000420e-01
3.264928308899999934e+02 5.213291956290000417e-01
3.266537184750000051e+02 5.214726839769999733e-01
3.268146060610000063e+02 5.210474580609999462e-01
3.269754936460000181e+02 5.218718412509999460e-01
3.271363812319999624e+02 5.293724098650000043e-01
3.272972688169999742e+02 5.301633177200000269e-01
3.274581564030000322e+02 5.319648160309999874e-01
3.276190439880000440e+02 5.256584164219999522e-01
3.277799315739999884e+02 5.250145207040000095e-01
3.279408191590000001e+02 5.275916170440000386e-01
3.281017067450000013e+02 5.397773576769999693e-01
3.282625943300000131e+02 5.490281702050000545e-01
3.284234819160000143e+02 5.580687026859999511e-01
3.285843695009999692e+02 5.591443177710000434e-01
3.287452570869999704e+02 5.545150288479999690e-01
3.289061446730000284e+02 5.493667475029999636e-01
3.290670322580000402e+02 5.468554721289999865e-01
3.292279198439999846e+02 5.500332198080000179e-01
3.293888074289999963e+02 5.521462691690000035e-01
3.295496950149999975e+02 5.594699824629999485e-01
3.297105826000000093e+02 5.652249657629999646e-01
3.298714701860000105e+02 5.761797687940000134e-01
3.300323577709999654e+02 5.800419356129999926e-01
3.301932453569999666e+02 5.832105005280000531e-01
3.303541329419999784e+02 5.841574182680000504e-01
3.305150205280000364e+02 5.836647560000000068e-01
3.306759081129999913e+02 5.865101682390000404e-01
3.308367956989999925e+02 5.933741870540000241e-01
3.309976832840000043e+02 6.014911554840000063e-01
3.311585708700000055e+02 6.020561552880000500e-01
3.313194584560000067e+02 6.022805756829999746e-01
3.314803460409999616e+02 6.066009399999999774e-01
3.316412336270000196e+02 6.185774853140000307e-01
3.318021212120000314e+02 6.168202957580000145e-01
3.319630087980000326e+02 6.170917751910000026e-01
3.321238963829999875e+02 6.169431142400000345e-01
3.322847839689999887e+02 6.249712308349999468e-01
3.324456715540000005e+02 6.287096981580000410e-01
3.326065591400000017e+02 6.321325722580000139e-01
3.327674467250000134e+02 6.421455845629999715e-01
3.329283343109999578e+02 6.467700959300000108e-01
3.330892218959999695e+02 6.500709866549999605e-01
3.332501094820000276e+02 6.467202541230000490e-01
3.334109970670000394e+02 6.525831188859999576e-01
3.335718846529999837e+02 6.529038981970000100e-01
3.337327722389999849e+02 6.543414338340000080e-01
3.338936598239999967e+02 6.515944314489999778e-01
3.340545474099999979e+02 6.608623513469999988e-01
3.342154349950000096e+02 6.654444559340000342e-01
3.343763225810000108e+02 6.678218775480000424e-01
3.345372101660000226e+02 6.681469849890000479e-01
3.346980977520000238e+02 6.753767406330000167e-01
3.348589853370000355e+02 6.799025601520000128e-01
3.350198729229999799e+02 6.775726272140000228e-01
3.351807605079999917e+02 6.839252853609999461e-01
3.353416480939999929e+02 6.915330113900000075e-01
3.355025356790000046e+02 7.016879342399999775e-01
3.356634232650000058e+02 6.979427841919999542e-01
3.358243108499999607e+02 6.982950672140000314e-01
3.359851984360000188e+02 6.974071624440000283e-01
3.361460860220000200e+02 7.065083393119999666e-01
3.363069736070000317e+02 7.081601563749999606e-01
3.364678611929999761e+02 7.085692358480000230e-01
3.366287487779999879e+02 6.986095708899999757e-01
3.367896363639999890e+02 7.051698181819999744e-01
3.369505239490000008e+02 7.120374202849999445e-01
3.371114115350000020e+02 7.264578082149999450e-01
3.372722991199999569e+02 7.307402493489999484e-01
3.374331867060000150e+02 7.301886570479999561e-01
3.375940742910000267e+02 7.311433215329999902e-01
3.377549618770000279e+02 7.272064711090000522e-01
3.379158494619999829e+02 7.222479215049999457e-01
3.380767370479999840e+02 7.134752574699999572e-01
3.382376246329999958e+02 7.220078651029999683e-01
3.383985122189999970e+02 7.258448967470000346e-01
3.385593998040000088e+02 7.300991870420000529e-01
3.387202873900000100e+02 7.295998294429999476e-01
3.388811749760000112e+02 7.323886134820000171e-01
3.390420625610000229e+02 7.332530486610000509e-01
3.392029501470000241e+02 7.203491372789999625e-01
3.393638377319999790e+02 7.155405241600000243e-01
3.395247253179999802e+02 7.170699406570000267e-01
3.396856129029999920e+02 7.330149276130000224e-01
3.398465004889999932e+02 7.339130793939999675e-01
3.400073880740000050e+02 7.397291580720000148e-01
3.401682756600000062e+02 7.269955638830000177e-01
3.403291632450000179e+02 7.248161456149999626e-01
3.404900508310000191e+02 7.203686848250000496e-01
3.406509384160000309e+02 7.257587531379999790e-01
3.408118260019999752e+02 7.355822930130000437e-01
3.409727135869999870e+02 7.412232902990000261e-01
3.411336011729999882e+02 7.420609855840000213e-01
3.412944887589999894e+02 7.403074204770000444e-01
3.414553763440000012e+02 7.378434219349999657e-01
3.416162639300000023e+02 7.443933069679999903e-01
3.417771515150000141e+02 7.449633092120000466e-01
3.419380391010000153e+02 7.409181939779999615e-01
3.420989266860000271e+02 7.469832031909999781e-01
3.422598142719999714e+02 7.535001720430000161e-01
3.424207018569999832e+02 7.581754259240000016e-01
3.425815894429999844e+02 7.578181285399999689e-01
3.427424770279999962e+02 7.590021339900000497e-01
3.429033646139999973e+02 7.588461497280000190e-01
3.430642521990000091e+02 7.559211225809999712e-01
3.432251397850000103e+02 7.534509719999999966e-01
3.433860273700000221e+02 7.446976215130000076e-01
3.435469149560000233e+02 7.383527055009999618e-01
3.437078025419999676e+02 7.394941684610000232e-01
3.438686901269999794e+02 7.483037214659999936e-01
3.440295777129999806e+02 7.439090228150000428e-01
3.441904652979999923e+02 7.408142387449999644e-01
3.443513528839999935e+02 7.430570824200000146e-01
3.445122404690000053e+02 7.484814982399999872e-01
3.446731280550000065e+02 7.554629449269999464e-01
3.448340156400000183e+02 7.584796684650000342e-01
3.449949032260000195e+02 7.657662505810000075e-01
3.451557908109999744e+02 7.597265433309999816e-01
3.453166783969999756e+02 7.469840751090000008e-01
3.454775659819999873e+02 7.424556527269999817e-01
3.456384535680000454e+02 7.517622969270000288e-01
3.457993411530000003e+02 7.583647046999999475e-01
3.459602287390000015e+02 7.685453903929999608e-01
3.461211163250000027e+02 7.634428684970000489e-01
3.462820039100000145e+02 7.619092809969999491e-01
3.464428914960000156e+02 7.612658196720000214e-01
3.466037790809999706e+02 7.616713478479999466e-01
3.467646666669999718e+02 7.565898413330000016e-01
3.469255542519999835e+02 7.566891176890000459e-01
3.470864418380000416e+02 7.537245615250000030e-01
3.472473294229999965e+02 7.622135867570000167e-01
3.474082170089999977e+02 7.668471542760000315e-01
3.475691045940000095e+02 7.774212296300000435e-01
3.477299921800000106e+02 7.804530294860000383e-01
3.478908797650000224e+02 7.823150955430000497e-01
3.480517673509999668e+02 7.801380859390000255e-01
3.482126549359999785e+02 7.780519490089999879e-01
3.483735425219999797e+02 7.747828202819999621e-01
3.485344301080000378e+02 7.739110157849999894e-01
3.486953176929999927e+02 7.767927615049999845e-01
3.488562052789999939e+02 7.756763960700000515e-01
3.490170928640000056e+02 7.682368312999999782e-01
3.491779804500000068e+02 7.662394838439999800e-01
3.493388680350000186e+02 7.611230594719999853e-01
3.494997556209999630e+02 7.646057292469999878e-01
3.496606432059999747e+02 7.692282145300000096e-01
3.498215307920000328e+02 7.729257245509999485e-01
3.499824183770000445e+02 7.725359002499999628e-01
3.501433059629999889e+02 7.643063783150000345e-01
3.503041935480000006e+02 7.693367380650000253e-01
3.504650811340000018e+02 7.756807725359999850e-01
3.506259687190000136e+02 7.767039582829999844e-01
3.507868563050000148e+02 7.724561696189999882e-01
3.509477438909999591e+02 7.725816399020000169e-01
3.511086314759999709e+02 7.683203571069999738e-01
3.512695190620000290e+02 7.742296345810000258e-01
3.514304066470000407e+02 7.810151766370000415e-01
3.515912942329999851e+02 7.910877673820000400e-01
3.517521818179999968e+02 7.828410236360000551e-01
3.519130694039999980e+02 7.771718930790000313e-01
3.520739569890000098e+02 7.752251958710000279e-01
3.522348445750000110e+02 7.895398381699999524e-01
3.523957321599999659e+02 7.953686922889999789e-01
3.525566197459999671e+02 7.933482625650000175e-01
3.527175073309999789e+02 7.884093292670000253e-01
3.528783949170000369e+02 7.815470074020000046e-01
3.530392825019999918e+02 7.824776295480000421e-01
3.532001700879999930e+02 7.850334466859999472e-01
3.533610576739999942e+02 7.921400011850000533e-01
3.535219452590000060e+02 8.002965396679999621e-01
3.536828328450000072e+02 7.905839450670000268e-01
3.538437204299999621e+02 7.862575090750000273e-01
3.540046080160000201e+02 7.712071151479999997e-01
3.541654956010000319e+02 7.746350385810000239e-01
3.543263831870000331e+02 7.797735934899999721e-01
3.544872707719999880e+02 7.934549516719999751e-01
3.546481583579999892e+02 7.962328528680000517e-01
3.548090459430000010e+02 7.959050126840000461e-01
3.549699335290000022e+02 7.915607335330000494e-01
3.551308211140000139e+02 7.919617056890000395e-01
3.552917086999999583e+02 7.837828757029999815e-01
3.554525962849999701e+02 7.844852155429999918e-01
3.556134838710000281e+02 7.844117530319999476e-01
3.557743714570000293e+02 7.919720296769999779e-01
3.559352590419999842e+02 7.927245841450000219e-01
3.560961466279999854e+02 7.937736804689999870e-01
3.562570342129999972e+02 7.873891036750000350e-01
3.564179217989999984e+02 7.776272072569999638e-01
3.565788093840000101e+02 7.721535665340000243e-01
3.567396969700000113e+02 7.756154430299999625e-01
3.569005845549999663e+02 7.730095680699999861e-01
3.570614721410000243e+02 7.747142355539999858e-01
3.572223597260000361e+02 7.738734659629999957e-01
3.573832473119999804e+02 7.817679261509999922e-01
3.575441348969999922e+02 7.854567901469999835e-01
3.577050224829999934e+02 7.860363248599999686e-01
3.578659100680000051e+02 7.869279658219999751e-01
3.580267976540000063e+02 7.869437854190000081e-01
3.581876852389999613e+02 7.912663593119999561e-01
3.583485728250000193e+02 7.903291299900000455e-01
3.585094604110000205e+02 7.895503646449999469e-01
3.586703479960000323e+02 7.862521358159999529e-01
3.588312355819999766e+02 7.801850964930000520e-01
3.589921231669999884e+02 7.781720422519999847e-01
3.591530107529999896e+02 7.725932481720000355e-01
3.593138983380000013e+02 7.737043207349999507e-01
3.594747859240000025e+02 7.698457469560000543e-01
3.596356735089999574e+02 7.803615062400000024e-01
3.597965610950000155e+02 7.985853015639999830e-01
3.599574486800000273e+02 8.157024226389999466e-01
3.601183362660000284e+02 8.210954955189999627e-01
3.602792238509999834e+02 8.167236884609999636e-01
3.604401114369999846e+02 8.188715960589999510e-01
3.606009990219999963e+02 8.200347700719999855e-01
3.607618866079999975e+02 8.206274062949999726e-01
3.609227741939999987e+02 8.173062538059999715e-01
3.610836617790000105e+02 8.172135584630000338e-01
3.612445493650000117e+02 8.237172575910000072e-01
3.614054369500000234e+02 8.211725206450000147e-01
3.615663245360000246e+02 8.186513104010000319e-01
3.617272121209999796e+02 8.093292107880000197e-01
3.618880997069999808e+02 8.163594940180000092e-01
3.620489872919999925e+02 8.146905206879999639e-01
3.622098748779999937e+02 8.137687997850000521e-01
3.623707624630000055e+02 8.062176531960000281e-01
3.625316500490000067e+02 8.056472481330000379e-01
3.626925376340000184e+02 8.033894658489999507e-01
3.628534252200000196e+02 7.993148147449999907e-01
3.630143128050000314e+02 7.983527508540000373e-01
3.631752003909999758e+02 8.031565939779999885e-01
3.633360879769999769e+02 8.046598151670000254e-01
3.634969755619999887e+02 8.088586831320000448e-01
3.636578631479999899e+02 8.116912759219999662e-01
3.638187507330000017e+02 8.156558330319999550e-01
3.639796383190000029e+02 8.117029428149999948e-01
3.641405259040000146e+02 8.081380002779999794e-01
3.643014134900000158e+02 8.105275011379999839e-01
3.644623010750000276e+02 8.155890798710000444e-01
3.646231886609999719e+02 8.169277396480000286e-01
3.647840762459999837e+02 8.161131553079999934e-01
3.649449638319999849e+02 8.144019457400000217e-01
3.651058514169999967e+02 8.134249250520000363e-01
3.652667390029999979e+02 8.147845615840000333e-01
3.654276265880000096e+02 8.128428289310000165e-01
3.655885141740000108e+02 8.090681380059999706e-01
3.657494017600000120e+02 8.079790266280000299e-01
3.659102893450000238e+02 8.121365828000000064e-01
3.660711769309999681e+02 8.141583473739999466e-01
3.662320645159999799e+02 8.083734228390000442e-01
3.663929521019999811e+02 8.045293221899999514e-01
3.665538396869999929e+02 8.093150099899999450e-01
3.667147272729999941e+02 8.127136185450000161e-01
3.668756148580000058e+02 8.117278316560000428e-01
3.670365024440000070e+02 8.035253917460000173e-01
3.671973900290000188e+02 8.026425260999999756e-01
3.673582776150000200e+02 8.002323116049999685e-01
3.675191651999999749e+02 7.959743127509999461e-01
3.676800527859999761e+02 7.955603382989999695e-01
3.678409403709999879e+02 7.934538605159999758e-01
3.680018279569999891e+02 8.017364997849999453e-01
3.681627155429999902e+02 8.002942151440000096e-01
3.683236031280000020e+02 8.036944502559999481e-01
3.684844907140000032e+02 8.016387021149999903e-01
3.686453782990000150e+02 8.036502987570000034e-01
3.688062658850000162e+02 8.010639650049999894e-01
3.689671534699999711e+02 8.019377743379999535e-01
3.691280410559999723e+02 8.002892874250000510e-01
3.692889286409999841e+02 8.054471007860000142e-01
3.694498162270000421e+02 8.018425580289999521e-01
3.696107038119999970e+02 7.973457392380000064e-01
3.697715913979999982e+02 7.935039502799999811e-01
3.699324789830000100e+02 7.939882529270000378e-01
3.700933665690000112e+02 8.038266298299999724e-01
3.702542541540000229e+02 8.025059517379999896e-01
3.704151417399999673e+02 7.974035249459999752e-01
3.705760293259999685e+02 7.969235002229999587e-01
3.707369169109999802e+02 7.949438346510000475e-01
3.708978044970000383e+02 7.948576471010000422e-01
3.710586920819999932e+02 7.883348700290000455e-01
3.712195796679999944e+02 7.909991947610000018e-01
3.713804672530000062e+02 7.995116349759999741e-01
3.715413548390000074e+02 7.981996953550000162e-01
3.717022424240000191e+02 7.992587065449999750e-01
3.718631300099999635e+02 7.943963443599999508e-01
3.720240175949999752e+02 8.032434040470000092e-01
3.721849051810000333e+02 7.925695481369999795e-01
3.723457927660000450e+02 7.883226003950000171e-01
3.725066803519999894e+02 7.880081957419999839e-01
3.726675679370000012e+02 7.945174974940000245e-01
3.728284555230000024e+02 8.002751775169999471e-01
3.729893431090000036e+02 7.961386622520000289e-01
3.731502306940000153e+02 7.989397238940000312e-01
3.733111182799999597e+02 7.968878040000000329e-01
3.734720058649999714e+02 7.902975115539999651e-01
3.736328934510000295e+02 7.908594663929999768e-01
3.737937810360000412e+02 7.911696804729999588e-01
3.739546686219999856e+02 7.929454901229999741e-01
3.741155562069999974e+02 7.872289776699999964e-01
3.742764437929999985e+02 7.953464061580000077e-01
3.744373313780000103e+02 8.084004767739999542e-01
3.745982189640000115e+02 8.123383119920000173e-01
3.747591065489999664e+02 8.087480255840000520e-01
3.749199941349999676e+02 7.983727226040000513e-01
3.750808817199999794e+02 7.998225604299999958e-01
3.752417693060000374e+02 7.994994680939999654e-01
3.754026568909999924e+02 8.094380554719999843e-01
3.755635444769999935e+02 8.058713393080000342e-01
3.757244320629999947e+02 8.004771008169999646e-01
3.758853196480000065e+02 7.847967130559999616e-01
3.760462072340000077e+02 7.862873491890000066e-01
3.762070948189999626e+02 7.855803926800000170e-01
3.763679824050000207e+02 7.917163104400000151e-01
3.765288699900000324e+02 7.928568058339999780e-01
3.766897575760000336e+02 7.920029169700000260e-01
3.768506451609999885e+02 7.877359645160000312e-01
3.770115327469999897e+02 7.888645154879999621e-01
3.771724203320000015e+02 7.913704634760000411e-01
3.773333079180000027e+02 8.035210250559999823e-01
3.774941955030000145e+02 8.033078243400000318e-01
3.776550830889999588e+02 8.012630517500000105e-01
3.778159706739999706e+02 7.953795533959999720e-01
3.779768582600000286e+02 7.965950226860000205e-01
3.781377458460000298e+02 7.925340707839999554e-01
3.782986334309999847e+02 7.938650412200000117e-01
3.784595210169999859e+02 7.928593218959999467e-01
3.786204086019999977e+02 7.897399954839999792e-01
3.787812961879999989e+02 7.855828466280000422e-01
3.789421837730000107e+02 7.810881282539999804e-01
3.791030713589999550e+02 7.871875961959999835e-01
3.792639589439999668e+02 7.852015132549999832e-01
3.794248465300000248e+02 8.047651265259999631e-01
3.795857341150000366e+02 8.249606444379999903e-01
3.797466217009999809e+02 8.474912905220000070e-01
3.799075092859999927e+02 8.509543860760000467e-01
3.800683968719999939e+02 8.541488933919999527e-01
3.802292844570000057e+02 8.621783600119999891e-01
3.803901720430000069e+02 8.712269855909999805e-01
3.805510596290000080e+02 8.713860792840000258e-01
3.807119472140000198e+02 8.731374858179999920e-01
3.808728348000000210e+02 8.715200374389999727e-01
3.810337223850000328e+02 8.741285012039999858e-01
3.811946099709999771e+02 8.745515646920000163e-01
3.813554975559999889e+02 8.756101371300000213e-01
3.815163851419999901e+02 8.725951381190000244e-01
3.816772727270000019e+02 8.697108472729999651e-01
3.818381603130000030e+02 8.650745518939999545e-01
3.819990478979999580e+02 8.636473124810000179e-01
3.821599354840000160e+02 8.649396260649999668e-01
3.823208230690000278e+02 8.649231969889999982e-01
3.824817106550000290e+02 8.576190521019999569e-01
3.826425982399999839e+02 8.516802369029999875e-01
3.828034858259999851e+02 8.509816383660000483e-01
3.829643734119999863e+02 8.579617929780000152e-01
3.831252609969999980e+02 8.608520535479999847e-01
3.832861485829999992e+02 8.618201462369999843e-01
3.834470361680000110e+02 8.623388910300000543e-01
3.836079237540000122e+02 8.640839889850000510e-01
3.837688113390000240e+02 8.639853854660000110e-01
3.839296989250000252e+02 8.643542399570000034e-01
3.840905865099999801e+02 8.673215966570000379e-01
3.842514740959999813e+02 8.720373171849999938e-01
3.844123616809999930e+02 8.719395079449999697e-01
3.845732492669999942e+02 8.695709990500000153e-01
3.847341368520000060e+02 8.649723654149999996e-01
3.848950244380000072e+02 8.623108523750000476e-01
3.850559120230000190e+02 8.590565093369999516e-01
3.852167996090000202e+02 8.537410675619999667e-01
3.853776871950000213e+02 8.523261379280000494e-01
3.855385747799999763e+02 8.551149539710000136e-01
3.856994623659999775e+02 8.627936337630000008e-01
3.858603499509999892e+02 8.655246023929999977e-01
3.860212375369999904e+02 8.669744124110000394e-01
3.861821251220000022e+02 8.652025723249999745e-01
3.863430127080000034e+02 8.608611356950000015e-01
3.865039002930000152e+02 8.473929144280000214e-01
3.866647878790000163e+02 8.503112020609999711e-01
3.868256754640000281e+02 8.546475499900000328e-01
3.869865630499999725e+02 8.646172539940000235e-01
3.871474506349999842e+02 8.607690924649999964e-01
3.873083382209999854e+02 8.549338553669999508e-01
3.874692258059999972e+02 8.624528612899999835e-01
3.876301133919999984e+02 8.649498496740000153e-01
3.877910009779999996e+02 8.654413214039999858e-01
3.879518885630000113e+02 8.562320792140000192e-01
3.881127761490000125e+02 8.545703775559999604e-01
3.882736637340000243e+02 8.558841401019999795e-01
3.884345513199999687e+02 8.541701046690000076e-01
3.885954389049999804e+02 8.517124194130000214e-01
3.887563264909999816e+02 8.490177678320000032e-01
3.889172140759999934e+02 8.570196723749999856e-01
3.890781016619999946e+02 8.543930347370000122e-01
3.892389892470000063e+02 8.618923887310000476e-01
3.893998768330000075e+02 8.562082599529999838e-01
3.895607644180000193e+02 8.577713273510000347e-01
3.897216520040000205e+02 8.526604535870000445e-01
3.898825395889999754e+02 8.510762582290000156e-01
3.900434271749999766e+02 8.504762022290000001e-01
3.902043147609999778e+02 8.551792915860000344e-01
3.903652023459999896e+02 8.566857441640000070e-01
3.905260899319999908e+02 8.633158404690000065e-01
3.906869775170000025e+02 8.636896928839999932e-01
3.908478651030000037e+02 8.631972140410000272e-01
3.910087526880000155e+02 8.573746080859999674e-01
3.911696402740000167e+02 8.546095417910000158e-01
3.913305278589999716e+02 8.527313207619999780e-01
3.914914154449999728e+02 8.526920495909999786e-01
3.916523030299999846e+02 8.559185044849999535e-01
3.918131906160000426e+02 8.509052567860000416e-01
3.919740782009999975e+02 8.501970578649999943e-01
3.921349657869999987e+02 8.476567636749999801e-01
3.922958533720000105e+02 8.504762513670000024e-01
3.924567409580000117e+02 8.548551625810000276e-01
3.926176285430000235e+02 8.532154020609999945e-01
3.927785161289999678e+02 8.564359185809999886e-01
3.929394037149999690e+02 8.535404245940000356e-01
3.931002912999999808e+02 8.506975432529999548e-01
3.932611788860000388e+02 8.407308582989999612e-01
3.934220664709999937e+02 8.312124378770000543e-01
3.935829540569999949e+02 8.349100535519999866e-01
3.937438416420000067e+02 8.428489825810000502e-01
3.939047292280000079e+02 8.512090781390000416e-01
3.940656168130000196e+02 8.503652792100000468e-01
3.942265043989999640e+02 8.473722793200000325e-01
3.943873919839999758e+02 8.494512854739999508e-01
3.945482795700000338e+02 8.523998176339999677e-01
3.947091671549999887e+02 8.530887641059999860e-01
3.948700547409999899e+02 8.483873861309999542e-01
3.950309423260000017e+02 8.458511375949999689e-01
3.951918299120000029e+02 8.487324734900000278e-01
3.953527174980000041e+02 8.512535188269999553e-01
3.955136050830000158e+02 8.468386844849999928e-01
3.956744926689999602e+02 8.404902568450000055e-01
3.958353802539999720e+02 8.401636337669999843e-01
3.959962678400000300e+02 8.413495247940000477e-01
3.961571554250000418e+02 8.406942803520000007e-01
3.963180430109999861e+02 8.341708368169999943e-01
3.964789305959999979e+02 8.329044690829999764e-01
3.966398181819999991e+02 8.361462345450000333e-01
3.968007057670000108e+02 8.390713115660000110e-01
3.969615933530000120e+02 8.402817573799999940e-01
3.971224809379999670e+02 8.376342526569999780e-01
3.972833685239999681e+02 8.416118069400000401e-01
3.974442561089999799e+02 8.469668354639999786e-01
3.976051436950000380e+02 8.514519765400000439e-01
3.977660312809999823e+02 8.550587622480000372e-01
3.979269188659999941e+02 8.495628878080000446e-01
3.980878064519999953e+02 8.460479905809999979e-01
3.982486940370000070e+02 8.401924416029999954e-01
3.984095816230000082e+02 8.440948130240000236e-01
3.985704692079999631e+02 8.418710408799999767e-01
3.987313567940000212e+02 8.453962759609999766e-01
3.988922443790000329e+02 8.450953210049999553e-01
3.990531319650000341e+02 8.482919378180000525e-01
3.992140195499999891e+02 8.487854134229999570e-01
3.993749071359999903e+02 8.414600117889999842e-01
3.995357947210000020e+02 8.385968412900000057e-01
3.996966823070000032e+02 8.342654808949999667e-01
3.998575698920000150e+02 8.396074398280000128e-01
4.000184574779999593e+02 8.447529705099999786e-01
4.001793450640000174e+02 8.465356678200000040e-01
4.003402326490000291e+02 8.448502386939999997e-01
4.005011202350000303e+02 8.446865730320000099e-01
4.006620078199999853e+02 8.434883421390000358e-01
4.008228954059999865e+02 8.441970091570000223e-01
4.009837829909999982e+02 8.425495263340000429e-01
4.011446705769999994e+02 8.426331534509999832e-01
4.013055581620000112e+02 8.439689821860000274e-01
4.014664457479999555e+02 8.383964827100000017e-01
4.016273333329999673e+02 8.369481519999999453e-01
4.017882209190000253e+02 8.344793642419999768e-01
4.019491085040000371e+02 8.369218712960000417e-01
4.021099960899999815e+02 8.329716096929999924e-01
4.022708836749999932e+02 8.282560541000000276e-01
4.024317712609999944e+02 8.211351737480000468e-01
4.025926588469999956e+02 8.266667841639999681e-01
4.027535464320000074e+02 8.349722742599999803e-01
4.029144340180000086e+02 8.422410377829999684e-01
4.030753216030000203e+02 8.401279755580000064e-01
4.032362091890000215e+02 8.329487786389999648e-01
4.033970967740000333e+02 8.304867748390000193e-01
4.035579843599999776e+02 8.295493857050000308e-01
4.037188719449999894e+02 8.314236478080000436e-01
4.038797595309999906e+02 8.285363564340000320e-01
4.040406471160000024e+02 8.374701929500000253e-01
4.042015347020000036e+02 8.384230253569999736e-01
4.043624222869999585e+02 8.420281813019999673e-01
4.045233098730000165e+02 8.380113915889999543e-01
4.046841974580000283e+02 8.385533174349999452e-01
4.048450850440000295e+02 8.435790656189999792e-01
4.050059726299999738e+02 8.382213532750000251e-01
4.051668602149999856e+02 8.371140781939999664e-01
4.053277478009999868e+02 8.358262215480000146e-01
4.054886353859999986e+02 8.426587518279999856e-01
4.056495229719999998e+02 8.431610286799999798e-01
4.058104105569999547e+02 8.402400625220000085e-01
4.059712981430000127e+02 8.406484182169999819e-01
4.061321857280000245e+02 8.406838546389999722e-01
4.062930733140000257e+02 8.374865050319999504e-01
4.064539608989999806e+02 8.329708160350000057e-01
4.066148484849999818e+02 8.312830406060000010e-01
4.067757360699999936e+02 8.305378424399999515e-01
4.069366236559999948e+02 8.288482998280000125e-01
4.070975112410000065e+02 8.286001380799999927e-01
4.072583988270000077e+02 8.303734962230000516e-01
4.074192864130000089e+02 8.360750620719999970e-01
4.075801739980000207e+02 8.387389122739999925e-01
4.077410615840000219e+02 8.340791586860000217e-01
4.079019491689999768e+02 8.296910833980000177e-01
4.080628367549999780e+02 8.301419278010000458e-01
4.082237243399999898e+02 8.368927487980000191e-01
4.083846119259999909e+02 8.366938528249999729e-01
4.085454995110000027e+02 8.333246133570000325e-01
4.087063870970000039e+02 8.316182598710000207e-01
4.088672746820000157e+02 8.330724818379999785e-01
4.090281622680000169e+02 8.296604913389999947e-01
4.091890498530000286e+02 8.267355703809999845e-01
4.093499374389999730e+02 8.201532906509999554e-01
4.095108250239999848e+02 8.246079901859999506e-01
4.096717126100000428e+02 8.301597643520000069e-01
4.098326001960000440e+02 8.334035914959999625e-01
4.099934877809999989e+02 8.353930280589999535e-01
4.101543753670000001e+02 8.310068351549999566e-01
4.103152629520000119e+02 8.281553894040000197e-01
4.104761505380000131e+02 8.234632721289999457e-01
4.106370381230000248e+02 8.220916596480000171e-01
4.107979257089999692e+02 8.211682115620000388e-01
4.109588132939999809e+02 8.200712519220000329e-01
4.111197008799999821e+02 8.194736074959999561e-01
4.112805884649999939e+02 8.176190814660000417e-01
4.114414760509999951e+02 8.196735368909999764e-01
4.116023636359999500e+02 8.228679650910000198e-01
4.117632512219999512e+02 8.243483066979999663e-01
4.119241388069999630e+02 8.234512994289999721e-01
4.120850263930000210e+02 8.192127672019999807e-01
4.122459139780000328e+02 8.215015929029999553e-01
4.124068015640000340e+02 8.249711731500000145e-01
4.125676891500000352e+02 8.257996901940000134e-01
4.127285767350000469e+02 8.229842122230000001e-01
4.128894643209999913e+02 8.237664895130000220e-01
4.130503519060000031e+02 8.221187774779999957e-01
4.132112394920000042e+02 8.253133064630000515e-01
4.133721270770000160e+02 8.175086841599999987e-01
4.135330146630000172e+02 8.184696309790000512e-01
4.136939022479999721e+02 8.201927006139999587e-01
4.138547898339999733e+02 8.278231003710000424e-01
4.140156774189999851e+02 8.203070276130000060e-01
4.141765650049999863e+02 8.143427532470000063e-01
4.143374525899999981e+02 8.095633467289999885e-01
4.144983401759999424e+02 8.220928039770000195e-01
4.146592277609999542e+02 8.262184452790000133e-01
4.148201153469999554e+02 8.261945964110000151e-01
4.149810029330000134e+02 8.183712476719999795e-01
4.151418905180000252e+02 8.204657455480000028e-01
4.153027781040000264e+02 8.266766526300000084e-01
4.154636656890000381e+02 8.346443648089999501e-01
4.156245532750000393e+02 8.339528960119999557e-01
4.157854408599999942e+02 8.318987692899999509e-01
4.159463284459999954e+02 8.244770156480000223e-01
4.161072160310000072e+02 8.140939024629999521e-01
4.162681036170000084e+02 8.147634892080000135e-01
4.164289912020000202e+02 8.147679044219999778e-01
4.165898787879999645e+02 8.264599629090000343e-01
4.167507663729999763e+02 8.309531110069999782e-01
4.169116539589999775e+02 8.267115191439999844e-01
4.170725415439999892e+02 8.238891186510000075e-01
4.172334291299999904e+02 8.155714365509999508e-01
4.173943167159999348e+02 8.195717684109999901e-01
4.175552043009999466e+02 8.228307512689999603e-01
4.177160918870000614e+02 8.262715173689999526e-01
4.178769794720000164e+02 8.290526686800000489e-01
4.180378670580000176e+02 8.267912195619999682e-01
4.181987546430000293e+02 8.261742011570000210e-01
4.183596422290000305e+02 8.196576299240000418e-01
4.185205298140000423e+02 8.176146575129999983e-01
4.186814173999999866e+02 8.158790793550000364e-01
4.188423049849999984e+02 8.180986865810000452e-01
4.190031925709999996e+02 8.231010444070000487e-01
4.191640801560000114e+02 8.217498018379999492e-01
4.193249677420000125e+02 8.173027002580000033e-01
4.194858553269999675e+02 8.071838270579999586e-01
4.196467429129999687e+02 7.951604340650000324e-01
4.198076304989999699e+02 7.952064291379999927e-01
4.199685180839999816e+02 8.008475995149999527e-01
4.201294056699999828e+02 8.103954242349999948e-01
4.202902932549999377e+02 8.091650598830000263e-01
4.204511808410000526e+02 8.083679200350000205e-01
4.206120684260000644e+02 8.083994242699999999e-01
4.207729560120000087e+02 8.058141114719999942e-01
4.209338435970000205e+02 8.031500288330000181e-01
4.210947311830000217e+02 8.006474922580000264e-01
4.212556187680000335e+02 8.090676715779999695e-01
4.214165063540000347e+02 8.134087239449999673e-01
4.215773939389999896e+02 8.136417888479999805e-01
4.217382815249999908e+02 8.113472784869999455e-01
4.218991691100000025e+02 8.072741873700000070e-01
4.220600566960000037e+02 8.100728192060000499e-01
4.222209442820000049e+02 8.052219385919999750e-01
4.223818318669999599e+02 8.011980130789999599e-01
4.225427194529999610e+02 7.955349290519999617e-01
4.227036070379999728e+02 7.947693905570000217e-01
4.228644946239999740e+02 7.944425683439999553e-01
4.230253822089999858e+02 7.940901491420000458e-01
4.231862697950000438e+02 8.006652262519999841e-01
4.233471573800000556e+02 8.056519794290000203e-01
4.235080449660000568e+02 8.118691626389999971e-01
4.236689325510000117e+02 8.132148118590000196e-01
4.238298201370000129e+02 8.096113209149999879e-01
4.239907077220000247e+02 8.084295704010000527e-01
4.241515953080000259e+02 8.106459336769999968e-01
4.243124828930000376e+02 8.124356669400000230e-01
4.244733704789999820e+02 8.193328471480000319e-01
4.246342580649999832e+02 8.116642513549999771e-01
4.247951456499999949e+02 8.073314457129999733e-01
4.249560332359999961e+02 7.984228151709999999e-01
4.251169208210000079e+02 7.992360321989999683e-01
4.252778084069999522e+02 7.931566610400000439e-01
4.254386959919999640e+02 7.933850401759999782e-01
4.255995835779999652e+02 7.901321375600000030e-01
4.257604711629999770e+02 7.939308014699999472e-01
4.259213587489999782e+02 7.908790885440000196e-01
4.260822463339999331e+02 7.936987611850000457e-01
4.262431339200000480e+02 8.012910412360000345e-01
4.264040215050000597e+02 8.084014076559999928e-01
4.265649090910000041e+02 8.106705967270000368e-01
4.267257966760000159e+02 8.012456358159999459e-01
4.268866842620000170e+02 7.970414034880000109e-01
4.270475718480000182e+02 7.980539235779999796e-01
4.272084594330000300e+02 8.046601703339999467e-01
4.273693470189999744e+02 8.044867505770000315e-01
4.275302346039999861e+02 8.032340989439999968e-01
4.276911221899999873e+02 8.014193480819999937e-01
4.278520097749999991e+02 8.036054357499999856e-01
4.280128973610000003e+02 8.052498664630000080e-01
4.281737849459999552e+02 8.062255817629999655e-01
4.283346725319999564e+02 8.058914018570000337e-01
4.284955601169999682e+02 8.059208498890000349e-01
4.286564477029999694e+02 8.088018957070000070e-01
4.288173352879999811e+02 8.072594628389999638e-01
4.289782228740000392e+02 8.053867540529999758e-01
4.291391104590000509e+02 7.976834027570000041e-01
4.292999980450000521e+02 7.878288183889999852e-01
4.294608856300000070e+02 7.880330939590000083e-01
4.296217732160000082e+02 7.929530455679999479e-01
4.297826608020000094e+02 8.039677539780000215e-01
4.299435483870000212e+02 7.980822541940000292e-01
4.301044359730000224e+02 7.897496739320000181e-01
4.302653235579999773e+02 7.836475918319999456e-01
4.304262111439999785e+02 7.897935255719999992e-01
4.305870987289999903e+02 7.918526932830000087e-01
4.307479863149999915e+02 7.930893747210000511e-01
4.309088739000000032e+02 7.902455953779999875e-01
4.310697614859999476e+02 7.897745940679999910e-01
4.312306490709999593e+02 7.866259832099999905e-01
4.313915366569999605e+02 7.884427452429999539e-01
4.315524242419999723e+02 7.961537812119999780e-01
4.317133118280000303e+02 7.983277805159999518e-01
4.318741994130000421e+02 7.997219953780000390e-01
4.320350869990000433e+02 7.973868953670000259e-01
4.321959745850000445e+02 7.979460843640000522e-01
4.323568621699999994e+02 8.042615766570000435e-01
4.325177497560000006e+02 7.962724978730000291e-01
4.326786373410000124e+02 7.936543490990000116e-01
4.328395249270000136e+02 7.911481993550000258e-01
4.330004125120000253e+02 8.039592616070000419e-01
4.331613000979999697e+02 8.077024419160000468e-01
4.333221876829999815e+02 8.058857535840000530e-01
4.334830752689999827e+02 7.979381867529999894e-01
4.336439628539999944e+02 8.038004296890000067e-01
4.338048504399999956e+02 8.060197353429999767e-01
4.339657380249999505e+02 8.065862860019999969e-01
4.341266256109999517e+02 7.941343274959999921e-01
4.342875131959999635e+02 7.950049104399999900e-01
4.344484007820000215e+02 7.975084115430000065e-01
4.346092883680000227e+02 8.027231580529999855e-01
4.347701759530000345e+02 8.075531998830000058e-01
4.349310635390000357e+02 7.995049084769999537e-01
4.350919511240000475e+02 7.948570677770000481e-01
4.352528387099999918e+02 7.882168489030000336e-01
4.354137262950000036e+02 7.870415217359999493e-01
4.355746138810000048e+02 7.798547854149999736e-01
4.357355014660000165e+02 7.799707316720000394e-01
4.358963890520000177e+02 7.848419990260000478e-01
4.360572766369999727e+02 7.951925542519999723e-01
4.362181642229999738e+02 7.954966473429999629e-01
4.363790518079999856e+02 7.930619995109999820e-01
4.365399393939999868e+02 7.916868865449999682e-01
4.367008269789999986e+02 7.893130058420000372e-01
4.368617145649999429e+02 7.915571885669999697e-01
4.370226021509999441e+02 7.906056889889999661e-01
4.371834897359999559e+02 7.906606395890000138e-01
4.373443773220000139e+02 7.901323094229999455e-01
4.375052649070000257e+02 7.857835571960000154e-01
4.376661524930000269e+02 7.853401470499999926e-01
4.378270400780000386e+02 7.814963672689999585e-01
4.379879276640000398e+02 7.804798043009999464e-01
4.381488152489999948e+02 7.742679951440000208e-01
4.383097028349999960e+02 7.762617388070000013e-01
4.384705904200000077e+02 7.809378567000000437e-01
4.386314780060000089e+02 7.938746012899999815e-01
4.387923655910000207e+02 8.012687098920000528e-01
4.389532531769999650e+02 8.011014848909999708e-01
4.391141407619999768e+02 7.976987898299999769e-01
4.392750283479999780e+02 7.958520922699999778e-01
4.394359159339999792e+02 7.951129125670000075e-01
4.395968035189999910e+02 7.802280798239999982e-01
4.397576911049999353e+02 7.694762076869999801e-01
4.399185786899999471e+02 7.652733445470000229e-01
4.400794662760000620e+02 7.715673498180000145e-01
4.402403538610000169e+02 7.776839167229999683e-01
4.404012414470000181e+02 7.730422261780000026e-01
4.405621290320000298e+02 7.746040329029999505e-01
4.407230166180000310e+02 7.662056940650000536e-01
4.408839042030000428e+02 7.717270113780000385e-01
4.410447917889999871e+02 7.703612430620000451e-01
4.412056793739999989e+02 7.637467750340000139e-01
4.413665669600000001e+02 7.584574454470000004e-01
4.415274545450000119e+02 7.591892018179999813e-01
4.416883421310000131e+02 7.682719098889999598e-01
4.418492297169999574e+02 7.720047078549999719e-01
4.420101173019999692e+02 7.705250458650000356e-01
4.421710048879999704e+02 7.757180370209999509e-01
4.423318924729999821e+02 7.805491316129999912e-01
4.424927800589999833e+02 7.830800122819999709e-01
4.426536676439999383e+02 7.768764386469999561e-01
4.428145552300000531e+02 7.779673324339999585e-01
4.429754428150000649e+02 7.796685384399999474e-01
4.431363304010000093e+02 7.866841040269999530e-01
4.432972179860000210e+02 7.771224132239999971e-01
4.434581055720000222e+02 7.740407886919999925e-01
4.436189931570000340e+02 7.727512636950000235e-01
4.437798807430000352e+02 7.853586587999999979e-01
4.439407683279999901e+02 7.866127622290000065e-01
4.441016559139999913e+02 7.839173648599999655e-01
4.442625434999999925e+02 7.743751182170000025e-01
4.444234310850000043e+02 7.745697601169999613e-01
4.445843186710000055e+02 7.787075340489999498e-01
4.447452062559999604e+02 7.839276936339999446e-01
4.449060938419999616e+02 7.890275472019999681e-01
4.450669814269999733e+02 7.886890658140000010e-01
4.452278690129999745e+02 7.787451763249999548e-01
4.453887565979999863e+02 7.733399151090000201e-01
4.455496441840000443e+02 7.629239235660000285e-01
4.457105317690000561e+02 7.676730262090000201e-01
4.458714193550000573e+02 7.691934998710000526e-01
4.460323069400000122e+02 7.736111997069999857e-01
4.461931945260000134e+02 7.751257330280000302e-01
4.463540821110000252e+02 7.777238533260000253e-01
4.465149696970000264e+02 7.732570767269999479e-01
4.466758572830000276e+02 7.684377509169999509e-01
4.468367448679999825e+02 7.681610882699999587e-01
4.469976324539999837e+02 7.772883872100000424e-01
4.471585200389999954e+02 7.867549146279999572e-01
4.473194076249999966e+02 7.839432980999999634e-01
4.474802952100000084e+02 7.775512282890000293e-01
4.476411827959999528e+02 7.735737976340000266e-01
4.478020703809999645e+02 7.731560892669999685e-01
4.479629579669999657e+02 7.749024900959999851e-01
4.481238455519999775e+02 7.779863145530000468e-01
4.482847331379999787e+02 7.736804585809999857e-01
4.484456207229999336e+02 7.811182977709999475e-01
4.486065083090000485e+02 7.797606653569999491e-01
4.487673958940000603e+02 7.798752243400000062e-01
4.489282834800000046e+02 7.744411538730000544e-01
4.490891710650000164e+02 7.695264680550000236e-01
4.492500586510000176e+02 7.737197446329999728e-01
4.494109462370000188e+02 7.718862953120000370e-01
4.495718338220000305e+02 7.794090812039999872e-01
4.497327214079999749e+02 8.441667412429999517e-01
4.498936089929999866e+02 9.156674684459999991e-01
4.500544965789999878e+02 9.859509860209999532e-01
4.502153841639999996e+02 9.962055088329999641e-01
4.503762717500000008e+02 9.968271620919999521e-01
4.505371593349999557e+02 9.971494876830000464e-01
4.506980469209999569e+02 9.973861522350000453e-01
4.508589345059999687e+02 9.982587691099999994e-01
4.510198220919999699e+02 9.990823393550000153e-01
4.511807096769999816e+02 9.998673752259999992e-01
4.513415972630000397e+02 9.999740469479999616e-01
4.515024848480000514e+02 9.999896636359999480e-01
4.516633724340000526e+02 9.999961874489999847e-01
4.518242600199999970e+02 9.999991966800000354e-01
4.519851476050000088e+02 1.000000000000000000e+00
4.521460351910000099e+02 1.000000000000000000e+00
4.523069227760000217e+02 1.000000000000000000e+00
4.524678103620000229e+02 1.000000000000000000e+00
4.526286979469999778e+02 1.000000000000000000e+00
4.527895855329999790e+02 1.000000000000000000e+00
4.529504731179999908e+02 1.000000000000000000e+00
4.531113607039999920e+02 1.000000000000000000e+00
4.532722482890000038e+02 1.000000000000000000e+00
4.534331358749999481e+02 1.000000000000000000e+00
4.535940234599999599e+02 1.000000000000000000e+00
4.537549110459999611e+02 1.000000000000000000e+00
4.539157986309999728e+02 1.000000000000000000e+00
4.540766862170000309e+02 1.000000000000000000e+00
4.542375738030000321e+02 1.000000000000000000e+00
4.543984613880000438e+02 1.000000000000000000e+00
4.545593489740000450e+02 1.000000000000000000e+00
4.547202365589999999e+02 1.000000000000000000e+00
4.548811241450000011e+02 1.000000000000000000e+00
4.550420117300000129e+02 1.000000000000000000e+00
4.552028993160000141e+02 1.000000000000000000e+00
4.553637869010000259e+02 1.000000000000000000e+00
4.555246744869999702e+02 1.000000000000000000e+00
4.556855620719999820e+02 1.000000000000000000e+00
4.558464496579999832e+02 1.000000000000000000e+00
4.560073372429999949e+02 1.000000000000000000e+00
4.561682248289999961e+02 1.000000000000000000e+00
4.563291124139999511e+02 1.000000000000000000e+00
4.564899999999999523e+02 1.000000000000000000e+00
