# Wavelength (Nm)     Mean
2.911860000000000355e+02 5.141782400000000086e-01
2.913109403710000151e+02 5.015586419430000387e-01
2.914358807429999842e+02 4.919394845360000046e-01
2.915608211140000208e+02 4.918697482930000087e-01
2.916857614859999899e+02 4.921740972320000074e-01
2.918107018570000264e+02 4.958918073310000230e-01
2.919356422289999955e+02 4.957232507920000253e-01
2.920605825999999752e+02 4.966358330319999848e-01
2.921855229720000011e+02 5.002553956790000145e-01
2.923104633429999808e+02 4.970269767859999965e-01
2.924354037150000067e+02 5.002132348000000173e-01
2.925603440859999864e+02 4.978708812040000264e-01
2.926852844569999661e+02 4.938014940880000037e-01
2.928102248289999920e+02 4.966413818339999731e-01
2.929351651999999717e+02 4.968248465769999900e-01
2.930601055719999977e+02 4.982824168330000081e-01
2.931850459429999773e+02 5.030585609809999914e-01
2.933099863150000033e+02 5.030529005870000292e-01
2.934349266860000398e+02 5.046739726919999836e-01
2.935598670580000089e+02 5.136034185610000025e-01
2.936848074289999886e+02 5.173542973610000262e-01
2.938097478010000145e+02 5.238846534190000348e-01
2.939346881719999942e+02 5.251332227099999583e-01
2.940596285430000307e+02 5.208307405469999596e-01
2.941845689149999998e+02 5.197275231789999506e-01
2.943095092859999795e+02 5.172795859630000548e-01
2.944344496580000055e+02 5.171669986389999529e-01
2.945593900289999851e+02 5.223190693720000111e-01
2.946843304010000111e+02 5.241008260880000158e-01
2.948092707719999908e+02 5.267879091499999555e-01
2.949342111439999599e+02 5.351466809379999967e-01
2.950591515149999964e+02 5.383745358789999713e-01
2.951840918870000223e+02 5.430946575759999506e-01
2.953090322580000020e+02 5.430687665810000064e-01
2.954339726300000279e+02 5.416283536270000143e-01
2.955589130010000076e+02 5.439961013880000307e-01
2.956838533720000441e+02 5.463727945690000087e-01
2.958087937440000132e+02 5.528375738340000067e-01
2.959337341149999929e+02 5.563230519649999817e-01
2.960586744870000189e+02 5.558591973490000226e-01
2.961836148579999985e+02 5.528782309680000395e-01
2.963085552300000245e+02 5.518655196010000541e-01
2.964334956010000042e+02 5.528372012200000185e-01
2.965584359729999733e+02 5.552156608560000484e-01
2.966833763440000098e+02 5.591016501509999959e-01
2.968083167159999789e+02 5.611735333139999948e-01
2.969332570870000154e+02 5.620881925039999949e-01
2.970581974579999951e+02 5.610147030650000088e-01
2.971831378299999642e+02 5.645271915780000205e-01
2.973080782010000007e+02 5.685850188150000095e-01
2.974330185729999698e+02 5.722241736069999529e-01
2.975579589440000063e+02 5.768924744990000519e-01
2.976828993160000323e+02 5.786193738889999771e-01
2.978078396869999551e+02 5.813132541000000097e-01
2.979327800590000379e+02 5.865105244570000265e-01
2.980577204300000176e+02 5.907826802150000223e-01
2.981826608019999867e+02 5.936578070970000010e-01
2.983076011730000232e+02 5.963378925040000444e-01
2.984325415440000029e+02 5.946603287739999910e-01
2.985574819160000288e+02 5.939085655560000232e-01
2.986824222870000085e+02 5.978907692079999947e-01
2.988073626589999776e+02 5.959497602190000354e-01
2.989323030300000141e+02 5.914104450910000477e-01
2.990572434019999832e+02 5.892499594719999845e-01
2.991821837730000198e+02 5.882663465690000093e-01
2.993071241449999889e+02 5.907354690910000539e-01
2.994320645159999685e+02 5.998162864520000248e-01
2.995570048879999945e+02 6.039791110150000142e-01
2.996819452589999742e+02 6.063529526409999759e-01
2.998068856300000107e+02 6.068037073430000428e-01
2.999318260019999798e+02 6.033083821310000205e-01
3.000567663729999595e+02 6.048761227919999817e-01
3.001817067450000422e+02 5.995136063579999952e-01
3.003066471160000219e+02 6.020896361490000182e-01
3.004315874879999910e+02 6.042784408519999984e-01
3.005565278590000275e+02 6.053462651030000474e-01
3.006814682309999966e+02 6.140127070149999922e-01
3.008064086020000332e+02 6.168216260650000171e-01
3.009313489740000023e+02 6.210569094429999604e-01
3.010562893449999819e+02 6.221468284540000449e-01
3.011812297170000079e+02 6.234492018060000529e-01
3.013061700879999876e+02 6.269885171610000141e-01
3.014311104590000241e+02 6.301856831480000531e-01
3.015560508309999932e+02 6.354580111049999980e-01
3.016809912019999729e+02 6.358971563990000186e-01
3.018059315739999988e+02 6.330822918549999789e-01
3.019308719449999785e+02 6.350716000939999883e-01
3.020558123170000044e+02 6.359021241059999996e-01
3.021807526879999841e+02 6.349516002149999672e-01
3.023056930600000101e+02 6.345736831789999810e-01
3.024306334309999897e+02 6.363327751789999986e-01
3.025555738030000157e+02 6.406104809929999977e-01
3.026805141739999954e+02 6.449980644930000118e-01
3.028054545450000319e+02 6.538208090910000436e-01
3.029303949170000010e+02 6.539937465180000187e-01
3.030553352880000375e+02 6.521586648520000251e-01
3.031802756600000066e+02 6.560471099350000390e-01
3.033052160309999863e+02 6.531965123949999841e-01
3.034301564030000122e+02 6.589336435000000547e-01
3.035550967739999919e+02 6.614605473550000392e-01
3.036800371460000179e+02 6.605309111120000187e-01
3.038049775169999975e+02 6.639097321679999775e-01
3.039299178889999666e+02 6.624141780179999550e-01
3.040548582600000032e+02 6.662555929810000110e-01
3.041797986309999828e+02 6.731409209149999961e-01
3.043047390030000088e+02 6.745397594599999991e-01
3.044296793739999885e+02 6.789827749869999929e-01
3.045546197459999576e+02 6.824637215840000382e-01
3.046795601169999941e+02 6.806200570670000172e-01
3.048045004890000200e+02 6.889400094859999824e-01
3.049294408599999997e+02 6.906034067099999785e-01
3.050543812320000256e+02 6.903391032140000494e-01
3.051793216030000053e+02 6.966312659390000439e-01
3.053042619750000313e+02 6.961656275859999798e-01
3.054292023460000109e+02 6.955263595889999984e-01
3.055541427169999906e+02 6.930123338810000311e-01
3.056790830890000166e+02 6.913924816700000031e-01
3.058040234599999962e+02 6.907728641879999909e-01
3.059289638320000222e+02 6.979748350729999551e-01
3.060539042030000019e+02 7.029157576850000311e-01
3.061788445749999710e+02 7.054470589679999737e-01
3.063037849460000075e+02 7.135454646879999530e-01
3.064287253179999766e+02 7.184175067639999579e-01
3.065536656890000131e+02 7.282128909680000151e-01
3.066786060609999822e+02 7.359228972119999934e-01
3.068035464319999619e+02 7.416939460329999845e-01
3.069284868040000447e+02 7.412324433779999833e-01
3.070534271749999675e+02 7.399998912919999450e-01
3.071783675460000040e+02 7.381612615839999725e-01
3.073033079180000300e+02 7.348425768680000303e-01
3.074282482890000097e+02 7.393077867020000360e-01
3.075531886610000356e+02 7.409909867920000393e-01
3.076781290320000153e+02 7.459383880000000078e-01
3.078030694039999844e+02 7.504719010949999491e-01
3.079280097750000209e+02 7.512695724569999900e-01
3.080529501469999900e+02 7.587446561759999542e-01
3.081778905180000265e+02 7.611269573569999780e-01
3.083028308899999956e+02 7.614743074959999802e-01
3.084277712609999753e+02 7.623056473899999519e-01
3.085527116320000118e+02 7.620568154450000353e-01
3.086776520039999809e+02 7.661101007389999884e-01
3.088025923750000175e+02 7.761554536300000473e-01
3.089275327469999866e+02 7.846246733720000366e-01
3.090524731179999662e+02 7.888726156990000238e-01
3.091774134899999922e+02 7.887316485280000400e-01
3.093023538609999719e+02 7.867728551710000406e-01
3.094272942329999978e+02 7.819383713390000157e-01
3.095522346039999775e+02 7.839528441759999744e-01
3.096771749760000034e+02 7.870217882109999952e-01
3.098021153470000399e+02 7.882721327899999686e-01
3.099270557180000196e+02 7.935160790849999923e-01
3.100519960899999887e+02 7.965897528449999987e-01
3.101769364610000252e+02 7.990041882930000172e-01
3.103018768329999943e+02 7.957919512609999968e-01
3.104268172040000309e+02 7.949606092469999608e-01
3.105517575760000000e+02 7.928545869090000142e-01
3.106766979469999796e+02 7.917856807509999761e-01
3.108016383190000056e+02 7.955904103190000187e-01
3.109265786899999853e+02 7.924991670580000536e-01
3.110515190620000112e+02 7.950945108150000440e-01
3.111764594329999909e+02 7.919653434100000222e-01
3.113013998039999706e+02 7.907740149519999484e-01
3.114263401759999965e+02 7.973565176419999956e-01
3.115512805469999762e+02 7.907288227759999844e-01
3.116762209190000021e+02 7.962671758279999956e-01
3.118011612899999818e+02 7.923767200000000344e-01
3.119261016620000078e+02 7.874911440080000213e-01
3.120510420330000443e+02 7.895607864629999861e-01
3.121759824050000134e+02 7.840069554249999850e-01
3.123009227759999931e+02 7.864000280349999761e-01
3.124258631480000190e+02 7.897279460610000523e-01
3.125508035189999987e+02 7.864099489029999779e-01
3.126757438910000246e+02 7.843756516750000074e-01
3.128006842620000043e+02 7.865967781039999718e-01
3.129256246329999840e+02 7.859185603049999580e-01
3.130505650050000099e+02 7.929561560860000080e-01
3.131755053759999896e+02 7.971890271829999985e-01
3.133004457480000156e+02 7.985974537129999495e-01
3.134253861189999952e+02 8.004885751710000275e-01
3.135503264909999643e+02 8.022105549360000198e-01
3.136752668620000009e+02 8.077726546979999700e-01
3.138002072339999700e+02 8.034001506469999887e-01
3.139251476050000065e+02 8.027865492939999514e-01
3.140500879770000324e+02 8.001367763640000463e-01
3.141750283479999553e+02 7.950274228389999642e-01
3.142999687189999918e+02 7.981625237220000280e-01
3.144249090910000177e+02 7.906199894550000051e-01
3.145498494619999974e+02 7.870762556560000345e-01
3.146747898340000233e+02 7.915587202539999812e-01
3.147997302050000030e+02 7.974618967740000341e-01
3.149246705770000290e+02 8.077202192919999968e-01
3.150496109480000086e+02 8.112789076399999910e-01
3.151745513199999777e+02 8.107584496190000101e-01
3.152994916910000143e+02 8.103946145649999488e-01
3.154244320629999834e+02 8.090777916789999580e-01
3.155493724340000199e+02 8.179478471090000369e-01
3.156743128049999996e+02 8.224030982800000222e-01
3.157992531769999687e+02 8.157082875350000206e-01
3.159241935480000052e+02 8.094719645160000088e-01
3.160491339199999743e+02 8.002603069129999858e-01
3.161740742910000108e+02 7.963021110579999728e-01
3.162990146629999799e+02 7.985369051380000194e-01
3.164239550339999596e+02 8.079791875890000030e-01
3.165488954060000424e+02 8.134455474489999949e-01
3.166738357770000221e+02 8.137489962349999661e-01
3.167987761489999912e+02 8.179746601249999749e-01
3.169237165200000277e+02 8.176230869949999702e-01
3.170486568910000074e+02 8.166082072489999621e-01
3.171735972630000333e+02 8.171795000199999492e-01
3.172985376340000130e+02 8.134019216769999838e-01
3.174234780059999821e+02 8.111028111320000011e-01
3.175484183770000186e+02 8.138559719919999935e-01
3.176733587489999877e+02 8.139785111199999701e-01
3.177982991200000242e+02 8.187928131959999467e-01
3.179232394919999933e+02 8.230617503970000248e-01
3.180481798629999730e+02 8.233475373449999912e-01
3.181731202349999990e+02 8.232562845280000374e-01
3.182980606059999786e+02 8.258819986669999613e-01
3.184230009780000046e+02 8.208081604689999589e-01
3.185479413489999843e+02 8.145605297829999758e-01
3.186728817199999639e+02 8.168143767740000394e-01
3.187978220919999899e+02 8.144001153350000077e-01
3.189227624629999696e+02 8.148480690670000248e-01
3.190477028349999955e+02 8.170383478980000058e-01
3.191726432060000320e+02 8.183406645280000280e-01
3.192975835780000011e+02 8.195049567509999910e-01
3.194225239490000376e+02 8.288571335209999891e-01
3.195474643210000067e+02 8.282141297749999742e-01
3.196724046919999864e+02 8.276907315539999699e-01
3.197973450640000124e+02 8.277139270890000455e-01
3.199222854349999920e+02 8.199958338489999887e-01
3.200472258060000286e+02 8.221161344520000469e-01
3.201721661779999977e+02 8.206504265059999526e-01
3.202971065489999773e+02 8.242050798440000436e-01
3.204220469210000033e+02 8.305126608330000160e-01
3.205469872919999830e+02 8.337276735640000158e-01
3.206719276640000089e+02 8.357314407510000320e-01
3.207968680349999886e+02 8.322200469560000480e-01
3.209218084069999577e+02 8.315568170089999711e-01
3.210467487779999942e+02 8.344163530949999519e-01
3.211716891500000202e+02 8.330224992489999591e-01
3.212966295209999998e+02 8.348432066159999776e-01
3.214215698919999795e+02 8.292451595269999531e-01
3.215465102640000055e+02 8.238526800590000310e-01
3.216714506350000420e+02 8.264193428270000252e-01
3.217963910070000111e+02 8.198335094149999946e-01
3.219213313779999908e+02 8.214742727620000240e-01
3.220462717500000167e+02 8.210519640000000230e-01
3.221712121209999964e+02 8.169728854550000197e-01
3.222961524930000223e+02 8.191768091850000211e-01
3.224210928640000020e+02 8.153985412319999515e-01
3.225460332359999711e+02 8.164207526879999621e-01
3.226709736070000076e+02 8.215399649029999640e-01
3.227959139779999873e+02 8.273357711829999461e-01
3.229208543500000133e+02 8.345916545489999727e-01
3.230457947209999929e+02 8.416920449379999836e-01
3.231707350929999620e+02 8.484147211610000294e-01
3.232956754639999986e+02 8.519145118630000457e-01
3.234206158359999677e+02 8.536110612320000346e-01
3.235455562070000042e+02 8.516043453839999833e-01
3.236704965790000301e+02 8.490362949519999480e-01
3.237954369500000098e+02 8.413791802700000266e-01
3.239203773220000357e+02 8.436099137200000486e-01
3.240453176930000154e+02 8.426741359920000285e-01
3.241702580649999845e+02 8.446162140649999817e-01
3.242951984360000210e+02 8.491802503930000467e-01
3.244201388070000007e+02 8.426966470460000025e-01
3.245450791790000267e+02 8.426295132900000207e-01
3.246700195500000063e+02 8.355675018179999913e-01
3.247949599219999754e+02 8.314815411460000361e-01
3.249199002930000120e+02 8.326344133369999456e-01
3.250448406649999811e+02 8.360201902170000254e-01
3.251697810360000176e+02 8.378672846689999565e-01
3.252947214079999867e+02 8.374189059240000343e-01
3.254196617789999664e+02 8.396201065920000373e-01
3.255446021509999923e+02 8.415861304089999884e-01
3.256695425219999720e+02 8.472730612200000122e-01
3.257944828930000085e+02 8.504828586429999948e-01
3.259194232649999776e+02 8.485508483089999610e-01
3.260443636359999573e+02 8.414291814550000081e-01
3.261693040080000401e+02 8.312231853960000416e-01
3.262942443790000198e+02 8.264576203750000349e-01
3.264191847509999889e+02 8.234884357299999680e-01
3.265441251220000254e+02 8.261447081330000053e-01
3.266690654939999945e+02 8.272609122620000477e-01
3.267940058650000310e+02 8.311848592730000096e-01
3.269189462370000001e+02 8.389069366879999823e-01
3.270438866079999798e+02 8.376872606799999899e-01
3.271688269790000163e+02 8.412343679770000193e-01
3.272937673509999854e+02 8.381937311239999744e-01
3.274187077220000219e+02 8.308508499040000439e-01
3.275436480939999910e+02 8.331292952729999479e-01
3.276685884649999707e+02 8.308503307919999914e-01
3.277935288369999967e+02 8.343979867059999611e-01
3.279184692079999763e+02 8.401755923749999466e-01
3.280434095800000023e+02 8.417601955779999701e-01
3.281683499509999820e+02 8.378030470809999519e-01
3.282932903230000079e+02 8.284513861940000501e-01
3.284182306940000444e+02 8.210164668230000018e-01
3.285431710649999673e+02 8.141105375839999825e-01
3.286681114369999932e+02 8.187406383109999686e-01
3.287930518080000297e+02 8.305165106040000023e-01
3.289179921799999988e+02 8.360507567160000431e-01
3.290429325510000353e+02 8.376506324339999532e-01
3.291678729230000044e+02 8.324670408330000493e-01
3.292928132939999841e+02 8.251906402269999496e-01
3.294177536660000101e+02 8.263812267679999657e-01
3.295426940369999897e+02 8.275231771459999885e-01
3.296676344090000157e+02 8.303889933329999806e-01
3.297925747799999954e+02 8.301726283750000546e-01
3.299175151519999645e+02 8.251519366059999472e-01
3.300424555230000010e+02 8.204739045829999577e-01
3.301673958939999807e+02 8.190500763050000410e-01
3.302923362660000066e+02 8.239786085239999558e-01
3.304172766369999863e+02 8.270434699159999736e-01
3.305422170089999554e+02 8.342608205629999940e-01
3.306671573799999919e+02 8.460679442740000056e-01
3.307920977520000179e+02 8.492555388539999583e-01
3.309170381229999975e+02 8.551223789440000056e-01
3.310419784950000235e+02 8.591723250320000282e-01
3.311669188660000032e+02 8.591197569970000503e-01
3.312918592380000291e+02 8.671509645749999606e-01
3.314167996090000088e+02 8.719348531930000146e-01
3.315417399799999885e+02 8.734323632649999558e-01
3.316666803520000144e+02 8.687413227100000412e-01
3.317916207229999941e+02 8.629434591279999678e-01
3.319165610950000200e+02 8.623243292079999511e-01
3.320415014659999997e+02 8.621562125749999694e-01
3.321664418379999688e+02 8.643434574189999831e-01
3.322913822090000053e+02 8.627262992690000187e-01
3.324163225809999744e+02 8.577818961290000210e-01
3.325412629520000110e+02 8.516484269049999778e-01
3.326662033239999801e+02 8.497163659349999953e-01
3.327911436949999597e+02 8.523970117889999587e-01
3.329160840659999963e+02 8.528181554129999897e-01
3.330410244380000222e+02 8.559410551480000073e-01
3.331659648090000019e+02 8.567794926799999766e-01
3.332909051810000278e+02 8.546753657519999825e-01
3.334158455520000075e+02 8.590795098729999690e-01
3.335407859240000334e+02 8.583273541699999454e-01
3.336657262950000131e+02 8.565807345420000107e-01
3.337906666669999822e+02 8.550914213329999791e-01
3.339156070380000187e+02 8.509730897130000082e-01
3.340405474099999878e+02 8.474414980450000190e-01
3.341654877810000244e+02 8.503589731849999778e-01
3.342904281520000040e+02 8.519574624869999946e-01
3.344153685239999731e+02 8.512467625299999785e-01
3.345403088950000097e+02 8.530628387140000157e-01
3.346652492669999788e+02 8.483276729030000407e-01
3.347901896380000153e+02 8.473788716129999621e-01
3.349151300099999844e+02 8.453180602969999624e-01
3.350400703809999641e+02 8.476564528450000191e-01
3.351650107529999900e+02 8.532483351399999805e-01
3.352899511239999697e+02 8.539478212119999689e-01
3.354148914959999956e+02 8.556601470970000012e-01
3.355398318670000322e+02 8.568057119569999491e-01
3.356647722390000013e+02 8.626594428070000209e-01
3.357897126100000378e+02 8.665498074370000525e-01
3.359146529810000175e+02 8.669698099120000112e-01
3.360395933529999866e+02 8.666378817869999640e-01
3.361645337240000231e+02 8.604912413959999729e-01
3.362894740959999922e+02 8.588546578100000328e-01
3.364144144670000287e+02 8.566981413409999746e-01
3.365393548389999978e+02 8.571107754840000537e-01
3.366642952099999775e+02 8.577221576300000372e-01
3.367892355820000034e+02 8.510854912299999908e-01
3.369141759529999831e+02 8.477205765509999713e-01
3.370391163250000091e+02 8.394589117220000452e-01
3.371640566959999887e+02 8.370427892470000408e-01
3.372889970669999684e+02 8.436048608089999901e-01
3.374139374389999944e+02 8.508110565040000184e-01
3.375388778099999740e+02 8.545920667919999492e-01
3.376638181820000000e+02 8.549351309089999740e-01
3.377887585529999797e+02 8.526322776539999593e-01
3.379136989250000056e+02 8.526780362579999828e-01
3.380386392960000421e+02 8.534314276719999759e-01
3.381635796680000112e+02 8.500095001880000334e-01
3.382885200389999909e+02 8.440559994249999809e-01
3.384134604110000168e+02 8.406521324340000545e-01
3.385384007819999965e+02 8.410018045279999965e-01
3.386633411530000330e+02 8.443140377869999824e-01
3.387882815250000021e+02 8.489700970210000142e-01
3.389132218959999818e+02 8.478731042349999525e-01
3.390381622680000078e+02 8.499874592770000348e-01
3.391631026389999874e+02 8.497953241519999867e-01
3.392880430110000134e+02 8.528015465810000473e-01
3.394129833819999931e+02 8.565695748499999596e-01
3.395379237539999622e+02 8.539411178650000434e-01
3.396628641249999987e+02 8.535361380060000336e-01
3.397878044969999678e+02 8.495767135680000193e-01
3.399127448680000043e+02 8.492044634959999838e-01
3.400376852389999840e+02 8.511448022249999967e-01
3.401626256110000099e+02 8.537730172630000336e-01
3.402875659819999896e+02 8.584593854550000014e-01
3.404125063540000156e+02 8.609531505569999466e-01
3.405374467249999952e+02 8.623825093650000495e-01
3.406623870970000212e+02 8.613377388390000000e-01
3.407873274680000009e+02 8.581651079730000520e-01
3.409122678400000268e+02 8.556474426000000300e-01
3.410372082110000065e+02 8.553584600939999616e-01
3.411621485829999756e+02 8.493486375440000291e-01
3.412870889540000121e+02 8.464944387060000519e-01
3.414120293259999812e+02 8.453022466740000018e-01
3.415369696970000177e+02 8.388310975760000510e-01
3.416619100679999974e+02 8.439496516910000024e-01
3.417868504399999665e+02 8.433672899819999458e-01
3.419117908110000030e+02 8.412599015370000322e-01
3.420367311829999721e+02 8.433867280860000148e-01
3.421616715540000087e+02 8.398314334309999740e-01
3.422866119259999778e+02 8.453596989830000075e-01
3.424115522969999574e+02 8.493101053570000225e-01
3.425364926690000402e+02 8.500490311320000325e-01
3.426614330400000199e+02 8.504442867960000374e-01
3.427863734119999890e+02 8.449451366369999938e-01
3.429113137830000255e+02 8.441145980409999749e-01
3.430362541540000052e+02 8.462905809970000526e-01
3.431611945260000311e+02 8.503731099779999747e-01
3.432861348970000108e+02 8.542375601639999871e-01
3.434110752689999799e+02 8.530711148389999998e-01
3.435360156400000164e+02 8.465669483750000168e-01
3.436609560119999855e+02 8.423726879299999748e-01
3.437858963830000221e+02 8.374561196290000176e-01
3.439108367549999912e+02 8.318327048879999852e-01
3.440357771259999708e+02 8.344142729029999650e-01
3.441607174979999968e+02 8.294353435150000342e-01
3.442856578689999765e+02 8.278724898489999706e-01
3.444105982400000130e+02 8.288268590380000189e-01
3.445355386119999821e+02 8.274417477300000101e-01
3.446604789829999618e+02 8.325589110459999942e-01
3.447854193550000446e+02 8.389111409030000077e-01
3.449103597259999674e+02 8.459190141969999965e-01
3.450353000979999933e+02 8.506670112690000174e-01
3.451602404690000299e+02 8.532312757179999485e-01
3.452851808409999990e+02 8.522678347019999601e-01
3.454101212120000355e+02 8.472537092120000501e-01
3.455350615840000046e+02 8.441936722109999458e-01
3.456600019549999843e+02 8.414344573259999738e-01
3.457849423260000208e+02 8.376111164649999719e-01
3.459098826979999899e+02 8.353285399409999812e-01
3.460348230690000264e+02 8.347926858459999711e-01
3.461597634409999955e+02 8.338066629679999897e-01
3.462847038119999752e+02 8.353989804689999632e-01
3.464096441840000011e+02 8.360554648050000370e-01
3.465345845549999808e+02 8.370063816420000302e-01
3.466595249270000068e+02 8.346442717769999575e-01
3.467844652979999864e+02 8.338962807390000176e-01
3.469094056699999555e+02 8.335673890639999639e-01
3.470343460409999921e+02 8.316643028389999470e-01
3.471592864130000180e+02 8.334880371849999747e-01
3.472842267839999977e+02 8.308307876129999991e-01
3.474091671549999774e+02 8.302830678589999680e-01
3.475341075270000033e+02 8.322902044729999504e-01
3.476590478980000398e+02 8.343072841090000136e-01
3.477839882700000089e+02 8.376217903810000420e-01
3.479089286409999886e+02 8.436689461190000072e-01
3.480338690130000145e+02 8.442852648130000359e-01
3.481588093839999942e+02 8.426001386860000331e-01
3.482837497560000202e+02 8.448234004769999972e-01
3.484086901269999998e+02 8.436531699899999515e-01
3.485336304989999689e+02 8.494500157069999613e-01
3.486585708700000055e+02 8.662205628469999974e-01
3.487835112409999851e+02 8.800136968720000397e-01
3.489084516130000111e+02 8.921054450319999551e-01
3.490333919839999908e+02 9.003127566759999700e-01
3.491583323559999599e+02 8.986418775800000258e-01
3.492832727269999964e+02 8.973083105450000430e-01
3.494082130990000223e+02 8.976230620220000400e-01
3.495331534700000020e+02 8.949734082460000240e-01
3.496580938420000280e+02 8.932766192379999470e-01
3.497830342130000076e+02 8.922555167160000078e-01
3.499079745850000336e+02 8.930265268739999707e-01
3.500329149560000133e+02 8.995753036250000445e-01
3.501578553269999929e+02 9.012650190969999642e-01
3.502827956990000189e+02 9.050515537629999496e-01
3.504077360699999986e+02 9.055373781940000422e-01
3.505326764420000245e+02 9.062874227249999581e-01
3.506576168130000042e+02 9.071603502989999956e-01
3.507825571849999733e+02 9.044881699469999869e-01
3.509074975560000098e+02 9.022819600779999893e-01
3.510324379279999789e+02 8.971822165430000107e-01
3.511573782990000154e+02 8.965058453369999514e-01
3.512823186709999845e+02 8.978568455050000008e-01
3.514072590419999642e+02 8.965726475859999711e-01
3.515321994130000007e+02 8.986669128449999988e-01
3.516571397849999698e+02 9.026035749680000331e-01
3.517820801560000064e+02 9.036457781150000201e-01
3.519070205280000323e+02 9.060466163520000116e-01
3.520319608989999551e+02 9.033685788499999925e-01
3.521569012710000379e+02 8.986068582209999489e-01
3.522818416420000176e+02 8.958386298530000014e-01
3.524067820139999867e+02 8.945748606179999562e-01
3.525317223850000232e+02 8.923886531810000244e-01
3.526566627569999923e+02 8.936551036250000024e-01
3.527816031280000288e+02 8.966761999410000072e-01
3.529065434999999979e+02 8.997730433980000164e-01
3.530314838709999776e+02 9.020937607740000530e-01
3.531564242420000141e+02 8.980582248480000196e-01
3.532813646139999832e+02 8.920860099670000487e-01
3.534063049850000198e+02 8.859178234019999820e-01
3.535312453569999889e+02 8.884233200040000389e-01
3.536561857279999685e+02 8.975669342209999790e-01
3.537811260999999945e+02 9.032249683519999461e-01
3.539060664709999742e+02 9.076905664519999695e-01
3.540310068430000001e+02 9.061845172239999524e-01
3.541559472139999798e+02 8.973702296769999753e-01
3.542808875860000057e+02 8.917411491460000006e-01
3.544058279570000423e+02 8.873329704950000396e-01
3.545307683280000219e+02 8.844792675070000110e-01
3.546557086999999910e+02 8.861933174980000105e-01
3.547806490710000276e+02 8.876429048949999734e-01
3.549055894429999967e+02 8.884462108499999733e-01
3.550305298140000332e+02 8.870321425380000013e-01
3.551554701860000023e+02 8.869044294510000093e-01
3.552804105569999820e+02 8.904416727859999492e-01
3.554053509290000079e+02 8.938275928450000185e-01
3.555302912999999876e+02 8.930859413060000529e-01
3.556552316720000135e+02 8.936206226389999951e-01
3.557801720429999932e+02 8.911150528169999863e-01
3.559051124139999729e+02 8.932231294229999730e-01
3.560300527859999988e+02 8.928659298650000187e-01
3.561549931569999785e+02 8.892347057239999852e-01
3.562799335290000045e+02 8.879494591709999884e-01
3.564048738999999841e+02 8.836093645279999853e-01
3.565298142720000101e+02 8.844653287589999691e-01
3.566547546429999898e+02 8.823029179319999971e-01
3.567796950150000157e+02 8.782773331380000492e-01
3.569046353859999954e+02 8.724995487269999739e-01
3.570295757580000213e+02 8.744019659389999921e-01
3.571545161290000010e+02 8.795007400000000031e-01
3.572794565000000375e+02 8.833490798280000389e-01
3.574043968720000066e+02 8.881480827759999919e-01
3.575293372429999863e+02 8.868908992380000189e-01
3.576542776150000122e+02 8.852464353629999616e-01
3.577792179859999919e+02 8.839660335679999648e-01
3.579041583580000179e+02 8.838415480819999948e-01
3.580290987289999975e+02 8.831573457950000483e-01
3.581540391009999666e+02 8.849355955269999630e-01
3.582789794720000032e+02 8.818927512609999741e-01
3.584039198439999723e+02 8.804266692669999728e-01
3.585288602150000088e+02 8.811179483440000348e-01
3.586538005869999779e+02 8.802150836250000054e-01
3.587787409579999576e+02 8.837653328760000093e-01
3.589036813289999941e+02 8.874696563010000538e-01
3.590286217010000200e+02 8.902714990619999824e-01
3.591535620719999997e+02 8.932886667610000497e-01
3.592785024440000257e+02 8.916293101940000465e-01
3.594034428150000053e+02 8.911846547799999740e-01
3.595283831870000313e+02 8.880052187529999808e-01
3.596533235580000110e+02 8.848536305769999499e-01
3.597782639299999801e+02 8.874362319180000291e-01
3.599032043010000166e+02 8.886969338489999481e-01
3.600281446729999857e+02 8.892264854700000498e-01
3.601530850440000222e+02 8.887916520699999934e-01
3.602780254150000019e+02 8.890197259430000498e-01
3.604029657869999710e+02 8.857902425850000538e-01
3.605279061580000075e+02 8.890259313549999654e-01
3.606528465299999766e+02 8.877925712180000373e-01
3.607777869010000131e+02 8.856537620800000177e-01
3.609027272729999822e+02 8.819677509090000367e-01
3.610276676439999619e+02 8.768897623810000264e-01
3.611526080160000447e+02 8.737202636869999539e-01
3.612775483869999675e+02 8.733192512259999596e-01
3.614024887589999935e+02 8.791589502169999681e-01
3.615274291300000300e+02 8.801442552489999738e-01
3.616523695010000097e+02 8.809402109789999935e-01
3.617773098730000356e+02 8.862249985019999832e-01
3.619022502440000153e+02 8.853459001129999617e-01
3.620271906159999844e+02 8.847286497240000047e-01
3.621521309870000209e+02 8.847740099709999750e-01
3.622770713589999900e+02 8.791688497089999998e-01
3.624020117300000265e+02 8.788426719769999451e-01
3.625269521019999956e+02 8.820174423379999462e-01
3.626518924729999753e+02 8.885437774190000360e-01
3.627768328450000013e+02 8.918811105570000342e-01
3.629017732159999809e+02 8.906957496270000441e-01
3.630267135870000175e+02 8.926240780840000166e-01
3.631516539589999866e+02 8.904630412080000168e-01
3.632765943299999662e+02 8.907157080230000412e-01
3.634015347019999922e+02 8.907474751909999489e-01
3.635264750729999719e+02 8.851095850669999932e-01
3.636514154449999978e+02 8.849486459780000480e-01
3.637763558159999775e+02 8.801853084499999813e-01
3.639012961880000034e+02 8.793265612199999692e-01
3.640262365590000400e+02 8.809580107529999538e-01
3.641511769310000091e+02 8.784672217790000515e-01
3.642761173019999887e+02 8.794019249619999812e-01
3.644010576740000147e+02 8.802273794720000266e-01
3.645259980449999944e+02 8.783101212749999664e-01
3.646509384160000309e+02 8.793456998240000155e-01
3.647758787880000000e+02 8.798933024239999900e-01
3.649008191589999797e+02 8.803434633469999770e-01
3.650257595310000056e+02 8.841617272730000199e-01
3.651506999019999853e+02 8.883237265219999790e-01
3.652756402740000112e+02 8.906508533720000065e-01
3.654005806449999909e+02 8.873547828390000447e-01
3.655255210169999600e+02 8.837988616230000316e-01
3.656504613879999965e+02 8.801202877810000436e-01
3.657754017600000225e+02 8.803552159769999497e-01
3.659003421310000022e+02 8.810137762459999689e-01
3.660252825019999818e+02 8.823539273270000205e-01
3.661502228740000078e+02 8.837293201879999893e-01
3.662751632450000443e+02 8.828568257990000445e-01
3.664001036170000134e+02 8.823702648479999633e-01
3.665250439879999931e+02 8.818725716719999497e-01
3.666499843600000190e+02 8.810061168370000306e-01
3.667749247309999987e+02 8.801831620650000243e-01
3.668998651030000246e+02 8.820918544050000420e-01
3.670248054740000043e+02 8.837067500220000538e-01
3.671497458459999734e+02 8.823712268040000417e-01
3.672746862170000099e+02 8.879904851380000519e-01
3.673996265879999896e+02 8.903210379039999678e-01
3.675245669600000156e+02 8.916810199529999759e-01
3.676495073309999952e+02 8.927503130789999908e-01
3.677744477029999643e+02 8.820401841839999868e-01
3.678993880740000009e+02 8.771928690710000254e-01
3.680243284459999700e+02 8.714582444570000419e-01
3.681492688170000065e+02 8.718390467959999945e-01
3.682742091890000324e+02 8.781327226589999979e-01
3.683991495599999553e+02 8.790963159529999738e-01
3.685240899320000381e+02 8.785490413719999614e-01
3.686490303030000177e+02 8.732975614550000376e-01
3.687739706739999974e+02 8.723985523049999635e-01
3.688989110460000234e+02 8.693621535479999496e-01
3.690238514170000030e+02 8.727296320430000254e-01
3.691487917890000290e+02 8.782943770790000437e-01
3.692737321600000087e+02 8.767355914840000430e-01
3.693986725319999778e+02 8.796330338340000443e-01
3.695236129030000143e+02 8.816565197419999889e-01
3.696485532749999834e+02 8.797918391010000061e-01
3.697734936460000199e+02 8.806033038939999891e-01
3.698984340179999890e+02 8.789985005160000364e-01
3.700233743889999687e+02 8.754108821270000229e-01
3.701483147609999946e+02 8.715000609740000126e-01
3.702732551319999743e+02 8.723087835189999861e-01
3.703981955030000108e+02 8.747129636049999490e-01
3.705231358749999799e+02 8.784418260409999624e-01
3.706480762459999596e+02 8.822932121290000262e-01
3.707730166180000424e+02 8.844883270109999973e-01
3.708979569890000221e+02 8.862029944089999667e-01
3.710228973609999912e+02 8.818181933019999530e-01
3.711478377320000277e+02 8.772843242819999832e-01
3.712727781039999968e+02 8.738196890439999809e-01
3.713977184750000333e+02 8.728879786630000526e-01
3.715226588470000024e+02 8.766796510259999842e-01
3.716475992179999821e+02 8.819897846330000402e-01
3.717725395890000186e+02 8.830141337010000147e-01
3.718974799609999877e+02 8.775016351550000149e-01
3.720224203320000242e+02 8.723896281290000054e-01
3.721473607039999933e+02 8.645510576539999770e-01
3.722723010749999730e+02 8.569769364729999950e-01
3.723972414469999990e+02 8.555117582250000297e-01
3.725221818179999786e+02 8.543039727269999828e-01
3.726471221900000046e+02 8.564050084069999569e-01
3.727720625609999843e+02 8.603903435580000369e-01
3.728970029330000102e+02 8.615587274489999725e-01
3.730219433039999899e+02 8.650472022209999556e-01
3.731468836749999696e+02 8.680300166840000387e-01
3.732718240469999955e+02 8.688876146980000215e-01
3.733967644180000320e+02 8.689694319059999561e-01
3.735217047900000011e+02 8.689529385609999768e-01
3.736466451610000377e+02 8.679515316129999825e-01
3.737715855330000068e+02 8.665179233119999491e-01
3.738965259039999864e+02 8.671097234960000177e-01
3.740214662760000124e+02 8.664558049849999666e-01
3.741464066469999921e+02 8.675020263229999973e-01
3.742713470190000180e+02 8.651955471550000221e-01
3.743962873899999977e+02 8.668517017129999669e-01
3.745212277609999774e+02 8.661798702909999648e-01
3.746461681330000033e+02 8.629656790220000540e-01
3.747711085039999830e+02 8.659910880819999823e-01
3.748960488760000089e+02 8.634284488560000081e-01
3.750209892469999886e+02 8.602859040860000306e-01
3.751459296189999577e+02 8.625764683169999669e-01
3.752708699899999942e+02 8.617761742520000379e-01
3.753958103620000202e+02 8.635769877500000247e-01
3.755207507329999999e+02 8.664663413259999780e-01
3.756456911050000258e+02 8.670301746820000544e-01
3.757706314760000055e+02 8.687061901660000363e-01
3.758955718480000314e+02 8.695356074490000475e-01
3.760205122190000111e+02 8.705544650519999594e-01
3.761454525899999908e+02 8.713876517219999451e-01
3.762703929620000167e+02 8.700776262870000277e-01
3.763953333329999964e+02 8.713287533329999723e-01
3.765202737050000223e+02 8.718926401169999618e-01
3.766452140760000020e+02 8.733247893140000384e-01
3.767701544479999711e+02 8.719370893100000242e-01
3.768950948190000076e+02 8.730881061940000132e-01
3.770200351909999767e+02 8.714037163400000230e-01
3.771449755620000133e+02 8.673296080739999470e-01
3.772699159339999824e+02 8.713750642540000202e-01
3.773948563049999620e+02 8.671003260180000227e-01
3.775197966759999986e+02 8.665692637259999609e-01
3.776447370479999677e+02 8.669324932630000369e-01
3.777696774190000042e+02 8.603414425809999821e-01
3.778946177910000301e+02 8.575962584399999811e-01
3.780195581620000098e+02 8.536492747880000120e-01
3.781444985340000358e+02 8.532668161640000193e-01
3.782694389050000154e+02 8.582490007309999669e-01
3.783943792769999845e+02 8.593253142910000086e-01
3.785193196480000211e+02 8.632063778999999881e-01
3.786442600199999902e+02 8.659059534699999894e-01
3.787692003910000267e+02 8.607077540840000207e-01
3.788941407620000064e+02 8.637250952139999827e-01
3.790190811339999755e+02 8.664165820720000077e-01
3.791440215050000120e+02 8.653453303229999838e-01
3.792689618769999811e+02 8.652635414079999920e-01
3.793939022480000176e+02 8.637165306120000441e-01
3.795188426199999867e+02 8.558060632059999451e-01
3.796437829909999664e+02 8.527736429910000027e-01
3.797687233629999923e+02 8.592238629249999704e-01
3.798936637339999720e+02 8.641598143030000401e-01
3.800186041059999980e+02 8.719898544399999896e-01
3.801435444769999776e+02 8.773876941229999948e-01
3.802684848479999573e+02 8.811886624239999577e-01
3.803934252200000401e+02 8.761100481760000225e-01
3.805183655910000198e+02 8.755034908819999684e-01
3.806433059629999889e+02 8.715754301779999880e-01
3.807682463340000254e+02 8.666498912729999615e-01
3.808931867059999945e+02 8.718790746240000500e-01
3.810181270770000310e+02 8.690870023110000009e-01
3.811430674490000001e+02 8.693454721640000438e-01
3.812680078199999798e+02 8.688828152999999999e-01
3.813929481920000057e+02 8.630348139900000382e-01
3.815178885629999854e+02 8.670774039880000394e-01
3.816428289350000114e+02 8.687657346820000237e-01
3.817677693059999910e+02 8.681710395310000550e-01
3.818927096769999707e+02 8.721638091610000032e-01
3.820176500489999967e+02 8.712325778649999686e-01
3.821425904199999763e+02 8.738178009970000160e-01
3.822675307920000023e+02 8.716366733139999656e-01
3.823924711629999820e+02 8.656440565790000097e-01
3.825174115350000079e+02 8.616740128719999614e-01
3.826423519060000444e+02 8.534244993080000175e-01
3.827672922780000135e+02 8.525556951320000243e-01
3.828922326489999932e+02 8.557457757459999703e-01
3.830171730210000192e+02 8.574903284110000357e-01
3.831421133919999988e+02 8.629461152409999558e-01
3.832670537630000354e+02 8.682989315700000432e-01
3.833919941350000045e+02 8.688066871549999792e-01
3.835169345059999841e+02 8.702130856269999493e-01
3.836418748780000101e+02 8.726921244459999727e-01
3.837668152489999898e+02 8.750199312259999695e-01
3.838917556210000157e+02 8.784271149010000057e-01
3.840166959919999954e+02 8.763728174189999720e-01
3.841416363639999645e+02 8.736982549089999939e-01
3.842665767350000010e+02 8.718636393119999495e-01
3.843915171069999701e+02 8.696300336190000424e-01
3.845164574780000066e+02 8.639103145340000234e-01
3.846413978489999863e+02 8.582087206449999783e-01
3.847663382209999554e+02 8.545308125589999859e-01
3.848912785919999919e+02 8.526388594599999537e-01
3.850162189640000179e+02 8.563857807700000491e-01
3.851411593349999976e+02 8.603785018809999574e-01
3.852660997070000235e+02 8.643747935479999533e-01
3.853910400780000032e+02 8.664047706509999669e-01
3.855159804500000291e+02 8.635765990379999923e-01
3.856409208210000088e+02 8.671176360700000307e-01
3.857658611929999779e+02 8.629327968250000147e-01
3.858908015640000144e+02 8.626251970670000269e-01
3.860157419349999941e+02 8.713764410319999598e-01
3.861406823070000200e+02 8.694211483479999947e-01
3.862656226779999997e+02 8.690800963360000297e-01
3.863905630499999688e+02 8.695676910620000477e-01
3.865155034210000053e+02 8.618971164809999808e-01
3.866404437929999744e+02 8.565622566099999613e-01
3.867653841640000110e+02 8.546294580879999492e-01
3.868903245359999801e+02 8.462628525319999540e-01
3.870152649069999597e+02 8.495417866550000197e-01
3.871402052790000425e+02 8.528775248679999477e-01
3.872651456500000222e+02 8.567153324499999778e-01
3.873900860219999913e+02 8.637443401719999692e-01
3.875150263930000278e+02 8.653822142870000178e-01
3.876399667640000075e+02 8.642590022830000107e-01
3.877649071360000335e+02 8.609688580840000327e-01
3.878898475070000131e+02 8.541176704870000469e-01
3.880147878789999822e+02 8.511932721210000441e-01
3.881397282500000188e+02 8.518856289189999931e-01
3.882646686219999879e+02 8.538272769270000007e-01
3.883896089930000244e+02 8.582569296380000434e-01
3.885145493649999935e+02 8.587391884930000163e-01
3.886394897359999732e+02 8.581839278009999461e-01
3.887644301079999991e+02 8.592527092470000349e-01
3.888893704789999788e+02 8.643011678119999486e-01
3.890143108500000153e+02 8.598138214660000500e-01
3.891392512219999844e+02 8.537258097829999448e-01
3.892641915929999641e+02 8.504413819280000064e-01
3.893891319649999900e+02 8.417155954489999869e-01
3.895140723359999697e+02 8.439490853219999700e-01
3.896390127079999957e+02 8.504723762270000043e-01
3.897639530790000322e+02 8.509641073429999869e-01
3.898888934510000013e+02 8.532988437259999559e-01
3.900138338220000378e+02 8.555832459940000412e-01
3.901387741940000069e+02 8.534548340650000009e-01
3.902637145649999866e+02 8.507480202739999831e-01
3.903886549360000231e+02 8.504216153670000056e-01
3.905135953079999922e+02 8.480329749910000547e-01
3.906385356790000287e+02 8.484784518669999942e-01
3.907634760509999978e+02 8.465064721249999646e-01
3.908884164219999775e+02 8.380430516719999945e-01
3.910133567940000034e+02 8.370823509360000303e-01
3.911382971649999831e+02 8.371150524339999732e-01
3.912632375370000091e+02 8.400533327160000230e-01
3.913881779079999887e+02 8.506371214310000095e-01
3.915131182799999578e+02 8.481613597849999575e-01
3.916380586509999944e+02 8.496467093720000419e-01
3.917629990219999740e+02 8.475910349480000328e-01
3.918879393940000000e+02 8.452045829090000240e-01
3.920128797649999797e+02 8.527702744870000462e-01
3.921378201370000056e+02 8.505797012510000199e-01
3.922627605080000421e+02 8.525073874959999687e-01
3.923877008800000112e+02 8.570771117069999612e-01
3.925126412509999909e+02 8.558756390770000388e-01
3.926375816230000169e+02 8.587171657950000148e-01
3.927625219939999965e+02 8.654089262759999679e-01
3.928874623660000225e+02 8.685604618490000428e-01
3.930124027370000022e+02 8.674689620179999450e-01
3.931373431089999713e+02 8.616263905340000306e-01
3.932622834800000078e+02 8.575393858459999796e-01
3.933872238509999875e+02 8.543857100680000149e-01
3.935121642230000134e+02 8.558780980179999665e-01
3.936371045939999931e+02 8.609008563209999965e-01
3.937620449659999622e+02 8.566546661230000081e-01
3.938869853369999987e+02 8.497711438480000101e-01
3.940119257089999678e+02 8.429832438119999605e-01
3.941368660800000043e+02 8.376451503620000461e-01
3.942618064520000303e+02 8.421670478710000518e-01
3.943867468230000100e+02 8.435631031279999803e-01
3.945116871950000359e+02 8.503686689499999618e-01
3.946366275660000156e+02 8.568048198829999462e-01
3.947615679369999953e+02 8.550313210050000112e-01
3.948865083090000212e+02 8.525441083360000283e-01
3.950114486800000009e+02 8.452431604110000052e-01
3.951363890520000268e+02 8.394258064949999820e-01
3.952613294230000065e+02 8.376098108110000551e-01
3.953862697949999756e+02 8.426616625099999647e-01
3.955112101660000121e+02 8.435199385099999558e-01
3.956361505379999812e+02 8.421660996130000409e-01
3.957610909090000177e+02 8.418064054549999620e-01
3.958860312809999868e+02 8.373427555619999962e-01
3.960109716519999665e+02 8.374325763559999913e-01
3.961359120230000030e+02 8.397851937360000241e-01
3.962608523949999721e+02 8.402014262050000459e-01
3.963857927660000087e+02 8.438343889620000260e-01
3.965107331379999778e+02 8.421127532550000128e-01
3.966356735089999574e+02 8.423607973019999751e-01
3.967606138810000402e+02 8.385012978300000475e-01
3.968855542520000199e+02 8.307606799410000020e-01
3.970104946239999890e+02 8.315562132039999721e-01
3.971354349950000255e+02 8.333886934309999717e-01
3.972603753669999946e+02 8.417214672839999912e-01
3.973853157380000312e+02 8.497850686490000527e-01
3.975102561090000108e+02 8.562151033310000381e-01
3.976351964809999799e+02 8.539748215250000385e-01
3.977601368520000165e+02 8.538883670579999752e-01
3.978850772239999856e+02 8.600534094230000148e-01
3.980100175950000221e+02 8.597716177009999683e-01
3.981349579669999912e+02 8.588740754370000063e-01
3.982598983379999709e+02 8.554731322030000307e-01
3.983848387099999968e+02 8.501458380649999924e-01
3.985097790809999765e+02 8.468357991949999608e-01
3.986347194530000024e+02 8.494752570750000453e-01
3.987596598239999821e+02 8.480006179939999500e-01
3.988846001960000081e+02 8.420744055640000392e-01
3.990095405670000446e+02 8.401598222480000100e-01
3.991344809379999674e+02 8.393461781000000066e-01
3.992594213099999934e+02 8.374844014579999607e-01
3.993843616810000299e+02 8.395209462329999983e-01
3.995093020529999990e+02 8.353704631909999456e-01
3.996342424240000355e+02 8.328009957580000400e-01
3.997591827960000046e+02 8.344056109249999853e-01
3.998841231669999843e+02 8.350559614310000267e-01
4.000090635390000102e+02 8.364260153510000295e-01
4.001340039099999899e+02 8.385428470300000381e-01
4.002589442820000158e+02 8.379734547210000439e-01
4.003838846529999955e+02 8.398522844569999979e-01
4.005088250239999752e+02 8.431808548860000307e-01
4.006337653960000011e+02 8.385383885630000034e-01
4.007587057669999808e+02 8.324647692669999710e-01
4.008836461390000068e+02 8.275217097749999473e-01
4.010085865099999864e+02 8.248519973719999898e-01
4.011335268819999555e+02 8.315120496340000500e-01
4.012584672529999921e+02 8.371920024360000046e-01
4.013834076250000180e+02 8.388301121760000090e-01
4.015083479959999977e+02 8.444713056699999498e-01
4.016332883680000236e+02 8.379218659820000248e-01
4.017582287390000033e+02 8.347439402230000249e-01
4.018831691100000398e+02 8.342906134509999738e-01
4.020081094820000089e+02 8.291275845869999772e-01
4.021330498529999886e+02 8.348841592379999677e-01
4.022579902250000146e+02 8.373616269010000224e-01
4.023829305959999942e+02 8.375955682700000349e-01
4.025078709680000202e+02 8.356784234840000103e-01
4.026328113389999999e+02 8.316108649419999832e-01
4.027577517109999690e+02 8.314920009970000470e-01
4.028826920820000055e+02 8.310492258180000036e-01
4.030076324539999746e+02 8.312961486729999461e-01
4.031325728250000111e+02 8.285698287430000031e-01
4.032575131959999908e+02 8.294880087389999712e-01
4.033824535679999599e+02 8.334644042230000549e-01
4.035073939389999964e+02 8.407262701819999684e-01
4.036323343110000224e+02 8.467698429209999933e-01
4.037572746820000020e+02 8.461445802310000319e-01
4.038822150540000280e+02 8.453285507960000000e-01
4.040071554250000077e+02 8.399327148390000053e-01
4.041320957970000336e+02 8.388268799179999791e-01
4.042570361680000133e+02 8.379956405549999765e-01
4.043819765399999824e+02 8.316173317539999887e-01
4.045069169110000189e+02 8.262655340369999823e-01
4.046318572829999880e+02 8.265339573219999680e-01
4.047567976540000245e+02 8.184736647620000083e-01
4.048817380250000042e+02 8.207468289620000190e-01
4.050066783969999733e+02 8.316433341310000005e-01
4.051316187680000098e+02 8.310714714489999544e-01
4.052565591399999789e+02 8.395290451610000204e-01
4.053814995110000154e+02 8.383839087900000209e-01
4.055064398829999845e+02 8.330508162349999912e-01
4.056313802539999642e+02 8.323300049849999827e-01
4.057563206259999902e+02 8.350985479770000053e-01
4.058812609969999698e+02 8.373068392960000272e-01
4.060062013689999958e+02 8.350140914129999814e-01
4.061311417400000323e+02 8.307127683599999646e-01
4.062560821109999551e+02 8.232236091260000110e-01
4.063810224830000379e+02 8.241245432139999716e-01
4.065059628540000176e+02 8.277528546629999706e-01
4.066309032259999867e+02 8.332758959999999604e-01
4.067558435970000232e+02 8.365280402660000281e-01
4.068807839689999923e+02 8.369906632650000455e-01
4.070057243400000289e+02 8.381813758360000532e-01
4.071306647119999980e+02 8.359034666860000184e-01
4.072556050829999776e+02 8.309387934230000328e-01
4.073805454550000036e+02 8.287478403639999547e-01
4.075054858259999833e+02 8.257491019389999742e-01
4.076304261970000198e+02 8.217747631670000441e-01
4.077553665689999889e+02 8.232523835780000132e-01
4.078803069399999686e+02 8.182038568720000349e-01
4.080052473119999945e+02 8.183411582370000437e-01
4.081301876829999742e+02 8.217470082459999992e-01
4.082551280550000001e+02 8.253048023110000075e-01
4.083800684259999798e+02 8.245669330599999514e-01
4.085050087980000058e+02 8.167684476719999642e-01
4.086299491690000423e+02 8.154140968880000395e-01
4.087548895410000114e+02 8.188958355350000051e-01
4.088798299119999911e+02 8.264969878590000540e-01
4.090047702830000276e+02 8.333540548779999613e-01
4.091297106549999967e+02 8.353923285790000319e-01
4.092546510260000332e+02 8.267777436600000085e-01
4.093795913980000023e+02 8.254328163440000088e-01
4.095045317689999820e+02 8.246393836480000461e-01
4.096294721410000648e+02 8.238361443399999651e-01
4.097544125119999876e+02 8.253420785920000391e-01
4.098793528840000135e+02 8.233117792919999456e-01
4.100042932549999932e+02 8.208134204689999658e-01
4.101292336270000192e+02 8.181960393430000034e-01
4.102541739979999988e+02 8.213367133719999824e-01
4.103791143700000248e+02 8.169688288559999734e-01
4.105040547410000045e+02 8.189756608089999723e-01
4.106289951120000410e+02 8.168870045980000105e-01
4.107539354839999532e+02 8.166046387099999970e-01
4.108788758550000466e+02 8.214157230299999890e-01
4.110038162269999589e+02 8.249672884340000234e-01
4.111287565979999954e+02 8.290022441990000379e-01
4.112536969699999645e+02 8.339693150300000468e-01
4.113786373410000010e+02 8.311981291300000185e-01
4.115035777129999701e+02 8.293841344279999639e-01
4.116285180840000066e+02 8.258229717110000534e-01
4.117534584560000326e+02 8.186781664990000484e-01
4.118783988270000123e+02 8.199270995430000264e-01
4.120033391979999351e+02 8.154287493959999633e-01
4.121282795700000179e+02 8.154434421509999531e-01
4.122532199410000544e+02 8.137242744279999940e-01
4.123781603129999667e+02 8.179919816270000421e-01
4.125031006840000600e+02 8.227747873980000293e-01
4.126280410559999723e+02 8.253923976770000115e-01
4.127529814270000088e+02 8.279371223660000334e-01
4.128779217989999779e+02 8.297697004109999552e-01
4.130028621700000144e+02 8.283234393199999657e-01
4.131278025419999835e+02 8.448760727270000492e-01
4.132527429130000201e+02 8.875182315070000438e-01
4.133776832839999997e+02 9.257963022290000010e-01
4.135026236560000257e+02 9.696905538059999996e-01
4.136275640269999485e+02 9.973801789759999536e-01
4.137525043990000313e+02 9.991514687860000299e-01
4.138774447699999541e+02 9.994985012360000365e-01
4.140023851419999801e+02 9.996091706940000154e-01
4.141273255129999598e+02 9.996878706630000222e-01
4.142522658849999857e+02 9.997430010360000008e-01
4.143772062560000222e+02 9.997851474640000458e-01
4.145021466279999913e+02 9.998293647270000140e-01
4.146270869990000278e+02 9.998862765399999519e-01
4.147520273700000075e+02 9.999345817439999617e-01
4.148769677420000335e+02 9.999757321290000389e-01
4.150019081130000131e+02 1.000000000000000000e+00
4.151268484850000391e+02 1.000000000000000000e+00
4.152517888559999619e+02 1.000000000000000000e+00
4.153767292280000447e+02 1.000000000000000000e+00
4.155016695989999675e+02 1.000000000000000000e+00
4.156266099709999935e+02 1.000000000000000000e+00
4.157515503419999732e+02 1.000000000000000000e+00
4.158764907139999991e+02 1.000000000000000000e+00
4.160014310849999788e+02 1.000000000000000000e+00
4.161263714570000047e+02 1.000000000000000000e+00
4.162513118279999844e+02 1.000000000000000000e+00
4.163762521990000209e+02 1.000000000000000000e+00
4.165011925709999332e+02 1.000000000000000000e+00
4.166261329420000266e+02 1.000000000000000000e+00
4.167510733140000525e+02 1.000000000000000000e+00
4.168760136849999753e+02 1.000000000000000000e+00
4.170009540570000581e+02 1.000000000000000000e+00
4.171258944279999810e+02 1.000000000000000000e+00
4.172508348000000069e+02 1.000000000000000000e+00
4.173757751709999866e+02 1.000000000000000000e+00
4.175007155430000125e+02 1.000000000000000000e+00
4.176256559139999922e+02 1.000000000000000000e+00
4.177505962850000287e+02 1.000000000000000000e+00
4.178755366569999978e+02 1.000000000000000000e+00
4.180004770280000344e+02 1.000000000000000000e+00
4.181254173999999466e+02 1.000000000000000000e+00
4.182503577710000400e+02 1.000000000000000000e+00
4.183752981429999522e+02 1.000000000000000000e+00
4.185002385139999888e+02 1.000000000000000000e+00
4.186251788859999579e+02 1.000000000000000000e+00
4.187501192569999944e+02 1.000000000000000000e+00
4.188750596290000203e+02 1.000000000000000000e+00
4.190000000000000000e+02 1.000000000000000000e+00
