# Wavelength (Nm)     Mean
2.880099999999999909e+02 9.575582000000000260e-01
2.880280742909999958e+02 9.571678325900000450e-01
2.880461485829999901e+02 9.564022126490000497e-01
2.880642228739999950e+02 9.552683887389999962e-01
2.880822971649999999e+02 9.542139745450000099e-01
2.881003714569999943e+02 9.532794696969999482e-01
2.881184457479999992e+02 9.524177788269999612e-01
2.881365200390000041e+02 9.515967326099999957e-01
2.881545943300000090e+02 9.510076278979999742e-01
2.881726686220000033e+02 9.505519654549999808e-01
2.881907429130000082e+02 9.500713057090000024e-01
2.882088172039999563e+02 9.495422027959999900e-01
2.882268914960000075e+02 9.489262031089999994e-01
2.882449657870000124e+02 9.482169599409999705e-01
2.882630400780000173e+02 9.476640858849999516e-01
2.882811143699999548e+02 9.473512110259999508e-01
2.882991886610000165e+02 9.470900894620000177e-01
2.883172629520000214e+02 9.467196187880000391e-01
2.883353372430000263e+02 9.465360649270000426e-01
2.883534115349999638e+02 9.465798127269999807e-01
2.883714858259999687e+02 9.466272484650000152e-01
2.883895601170000305e+02 9.467559887980000477e-01
2.884076344090000248e+02 9.469624918279999637e-01
2.884257086999999729e+02 9.471798868620000533e-01
2.884437829909999778e+02 9.473338656299999938e-01
2.884618572830000289e+02 9.475161471359999643e-01
2.884799315740000338e+02 9.475289438120000352e-01
2.884980058649999819e+02 9.475268131380000236e-01
2.885160801559999868e+02 9.475989049270000519e-01
2.885341544479999811e+02 9.476166689539999854e-01
2.885522287390000429e+02 9.475678883870000124e-01
2.885703030299999909e+02 9.474420424239999861e-01
2.885883773219999853e+02 9.470602011530000475e-01
2.886064516129999902e+02 9.464449238709999879e-01
2.886245259039999951e+02 9.458356416419999579e-01
2.886426001959999894e+02 9.452923242620000499e-01
2.886606744869999943e+02 9.447971902049999704e-01
2.886787487779999992e+02 9.442575691500000312e-01
2.886968230690000041e+02 9.437503518480000464e-01
2.887148973609999985e+02 9.431508852790000397e-01
2.887329716520000034e+02 9.426572825019999824e-01
2.887510459430000083e+02 9.423684792380000452e-01
2.887691202350000026e+02 9.419872052790000394e-01
2.887871945260000075e+02 9.415926688560000146e-01
2.888052688169999556e+02 9.413973462369999989e-01
2.888233431090000067e+02 9.411952571260000511e-01
2.888414174000000116e+02 9.406200470579999529e-01
2.888594916910000165e+02 9.399370935869999499e-01
2.888775659819999646e+02 9.393598769500000056e-01
2.888956402740000158e+02 9.387657908309999799e-01
2.889137145650000207e+02 9.383716356400000347e-01
2.889317888560000256e+02 9.384170872729999946e-01
2.889498631479999631e+02 9.387400357770000481e-01
2.889679374389999680e+02 9.388216217200000546e-01
2.889860117300000297e+02 9.384865483280000475e-01
2.890040860220000241e+02 9.378724017199999707e-01
2.890221603129999721e+02 9.373225441839999617e-01
2.890402346039999770e+02 9.369281234020000459e-01
2.890583088949999819e+02 9.369434894620000120e-01
2.890763831870000331e+02 9.372486206260000063e-01
2.890944574779999812e+02 9.379921270379999454e-01
2.891125317689999861e+02 9.389667866859999767e-01
2.891306060609999804e+02 9.399959230300000135e-01
2.891486803520000421e+02 9.409668734899999665e-01
2.891667546429999902e+02 9.417243617010000456e-01
2.891848289349999845e+02 9.422712609969999820e-01
2.892029032259999894e+02 9.427917109679999630e-01
2.892209775169999944e+02 9.433526103420000197e-01
2.892390518079999993e+02 9.440566378100000433e-01
2.892571260999999936e+02 9.447094507919999717e-01
2.892752003909999985e+02 9.452590829520000071e-01
2.892932746820000034e+02 9.458308100290000464e-01
2.893113489739999977e+02 9.462622622870000555e-01
2.893294232650000026e+02 9.466298839690000522e-01
2.893474975560000075e+02 9.472274998240000077e-01
2.893655718480000019e+02 9.478736804690000017e-01
2.893836461390000068e+02 9.487123076440000524e-01
2.894017204299999548e+02 9.495820073120000426e-01
2.894197947210000166e+02 9.501064039300000097e-01
2.894378690130000109e+02 9.502967045160000126e-01
2.894559433040000158e+02 9.502259578299999676e-01
2.894740175949999639e+02 9.500210241640000275e-01
2.894920918870000150e+02 9.499366149360000122e-01
2.895101661780000200e+02 9.498489556400000478e-01
2.895282404690000249e+02 9.498596432260000277e-01
2.895463147609999623e+02 9.499429869600000131e-01
2.895643890519999673e+02 9.499306387289999654e-01
2.895824633430000290e+02 9.497420633430000425e-01
2.896005376340000339e+02 9.494231262369999813e-01
2.896186119259999714e+02 9.492171041450000457e-01
2.896366862169999763e+02 9.489104660999999608e-01
2.896547605079999812e+02 9.483873998440000008e-01
2.896728348000000324e+02 9.478525347409999524e-01
2.896909090909999804e+02 9.472595781820000171e-01
2.897089833819999853e+02 9.468330917299999649e-01
2.897270576739999797e+02 9.465644541940000378e-01
2.897451319650000414e+02 9.461077675660000130e-01
2.897632062559999895e+02 9.455116753079999548e-01
2.897812805469999944e+02 9.448615605869999934e-01
2.897993548389999887e+02 9.440326535480000336e-01
2.898174291299999936e+02 9.434495794720000328e-01
2.898355034209999985e+02 9.430672809579999649e-01
2.898535777129999929e+02 9.427745611140000426e-01
2.898716520039999978e+02 9.425949527079999779e-01
2.898897262950000027e+02 9.422729784359999972e-01
2.899078005869999970e+02 9.419165243399999499e-01
2.899258748780000019e+02 9.417527639489999824e-01
2.899439491690000068e+02 9.414787210559999453e-01
2.899620234600000117e+02 9.411536269210000194e-01
2.899800977520000060e+02 9.411146758159999459e-01
2.899981720430000109e+02 9.413627184949999727e-01
2.900162463340000158e+02 9.416142649850000046e-01
2.900343206260000102e+02 9.418558387680000532e-01
2.900523949170000151e+02 9.422412154449999466e-01
2.900704692079999631e+02 9.426178187100000549e-01
2.900885435000000143e+02 9.427815774390000403e-01
2.901066177910000192e+02 9.427095788070000149e-01
2.901246920820000241e+02 9.425655558940000400e-01
2.901427663729999722e+02 9.426143732159999455e-01
2.901608406649999665e+02 9.429826452980000218e-01
2.901789149560000283e+02 9.435476808210000454e-01
2.901969892470000332e+02 9.440069326879999556e-01
2.902150635389999707e+02 9.441732999020000516e-01
2.902331378299999756e+02 9.442074052790000449e-01
2.902512121209999805e+02 9.442689969699999963e-01
2.902692864130000316e+02 9.443538787290000069e-01
2.902873607039999797e+02 9.447347844569999875e-01
2.903054349949999846e+02 9.452014093449999654e-01
2.903235092859999895e+02 9.455312591790000498e-01
2.903415835780000407e+02 9.456625496770000305e-01
2.903596578689999888e+02 9.455723774580000462e-01
2.903777321599999937e+02 9.457019789639999896e-01
2.903958064519999880e+02 9.460633219349999790e-01
2.904138807429999929e+02 9.464164434020000405e-01
2.904319550339999978e+02 9.465616739200000129e-01
2.904500293259999921e+02 9.467727969500000507e-01
2.904681036169999970e+02 9.468834195109999685e-01
2.904861779080000019e+02 9.467271944670000439e-01
2.905042521990000068e+02 9.463539660999999992e-01
2.905223264910000012e+02 9.459991700680000504e-01
2.905404007820000061e+02 9.456939916519999656e-01
2.905584750730000110e+02 9.451385971260000129e-01
2.905765493650000053e+02 9.445333687779999821e-01
2.905946236560000102e+02 9.439666501079999605e-01
2.906126979470000151e+02 9.434235328450000235e-01
2.906307722390000094e+02 9.428542382800000343e-01
2.906488465300000144e+02 9.421495085629999489e-01
2.906669208209999624e+02 9.414150923749999844e-01
2.906849951119999673e+02 9.409667440660000048e-01
2.907030694040000185e+02 9.410835912810000536e-01
2.907211436950000234e+02 9.413098476250000290e-01
2.907392179859999715e+02 9.415544069789999471e-01
2.907572922780000226e+02 9.420923080940000194e-01
2.907753665690000275e+02 9.427708152489999716e-01
2.907934408600000324e+02 9.433009707530000121e-01
2.908115151519999699e+02 9.437901218180000384e-01
2.908295894429999748e+02 9.441218802349999883e-01
2.908476637339999797e+02 9.442044173019999986e-01
2.908657380250000415e+02 9.440890874489999973e-01
2.908838123169999790e+02 9.439207643989999674e-01
2.909018866079999839e+02 9.436965176149999524e-01
2.909199608989999888e+02 9.436267939389999526e-01
2.909380351910000400e+02 9.436271201170000067e-01
2.909561094819999880e+02 9.438559912999999746e-01
2.909741837729999929e+02 9.442149771650000245e-01
2.909922580649999873e+02 9.446632038710000012e-01
2.910103323559999922e+02 9.450072819749999464e-01
2.910284066469999971e+02 9.448876520229999576e-01
2.910464809380000020e+02 9.445807429910000330e-01
2.910645552299999963e+02 9.443217919259999649e-01
2.910826295210000012e+02 9.440728444770000172e-01
2.911007038120000061e+02 9.437531377129999566e-01
2.911187781040000004e+02 9.434139346240000279e-01
2.911368523950000053e+02 9.433977033429999937e-01
2.911549266860000102e+02 9.439387548969999653e-01
2.911730009780000046e+02 9.446290134310000308e-01
2.911910752690000095e+02 9.450019047309999864e-01
2.912091495600000144e+02 9.450887788859999583e-01
2.912272238510000193e+02 9.450913509089999831e-01
2.912452981430000136e+02 9.449737817600000200e-01
2.912633724339999617e+02 9.447728984159999843e-01
2.912814467249999666e+02 9.444869525510000141e-01
2.912995210170000178e+02 9.439274333920000259e-01
2.913175953080000227e+02 9.432219341349999953e-01
2.913356695989999707e+02 9.427258108499999567e-01
2.913537438910000219e+02 9.425119376339999855e-01
2.913718181820000268e+02 9.422837400000000363e-01
2.913898924730000317e+02 9.419621821510000270e-01
2.914079667639999798e+02 9.416637147409999686e-01
2.914260410559999741e+02 9.412546131379999625e-01
2.914441153469999790e+02 9.406714374000000323e-01
2.914621896380000408e+02 9.401119717300000511e-01
2.914802639299999782e+02 9.395807177130000021e-01
2.914983382209999832e+02 9.390252764809999819e-01
2.915164125119999881e+02 9.387914471160000440e-01
2.915344868040000392e+02 9.390148767160000354e-01
2.915525610949999873e+02 9.394880363249999977e-01
2.915706353859999922e+02 9.400554880160000293e-01
2.915887096769999971e+02 9.408336438709999916e-01
2.916067839689999914e+02 9.416192071360000027e-01
2.916248582599999963e+02 9.423473975759999455e-01
2.916429325510000012e+02 9.424835619939999631e-01
2.916610068429999956e+02 9.419922929809999568e-01
2.916790811340000005e+02 9.412906078589999836e-01
2.916971554250000054e+02 9.405630648680000094e-01
2.917152297169999997e+02 9.399017966960000470e-01
2.917333040080000046e+02 9.394689228150000515e-01
2.917513782990000095e+02 9.390123068619999902e-01
2.917694525900000144e+02 9.384670879180000425e-01
2.917875268820000088e+02 9.382450692470000186e-01
2.918056011730000137e+02 9.383950982990000300e-01
2.918236754640000186e+02 9.386014972430000158e-01
2.918417497560000129e+02 9.386024399610000124e-01
2.918598240469999610e+02 9.384828757769999585e-01
2.918778983380000227e+02 9.383545553859999888e-01
2.918959726300000170e+02 9.379793563249999577e-01
2.919140469210000219e+02 9.374999221109999725e-01
2.919321212119999700e+02 9.372537175759999561e-01
2.919501955029999749e+02 9.372702887980000064e-01
2.919682697950000261e+02 9.371473592379999662e-01
2.919863440860000310e+02 9.370045767739999532e-01
2.920044183769999790e+02 9.367962067249999691e-01
2.920224926689999734e+02 9.364213798239999775e-01
2.920405669599999783e+02 9.358828648479999845e-01
2.920586412510000400e+02 9.353882843209999631e-01
2.920767155429999775e+02 9.348929039879999570e-01
2.920947898339999824e+02 9.345261501079999977e-01
2.921128641249999873e+02 9.342265217009999567e-01
2.921309384159999922e+02 9.340546704400000122e-01
2.921490127079999866e+02 9.342567857089999483e-01
2.921670869989999915e+02 9.343346461579999929e-01
2.921851612899999964e+02 9.342863012900000097e-01
2.922032355819999907e+02 9.341354820139999848e-01
2.922213098729999956e+02 9.337556557580000138e-01
2.922393841640000005e+02 9.333422038709999757e-01
2.922574584559999948e+02 9.330524276049999566e-01
2.922755327469999997e+02 9.327221072729999785e-01
2.922936070380000046e+02 9.322625017600000286e-01
2.923116813290000096e+02 9.321207054939999459e-01
2.923297556210000039e+02 9.321710423850000371e-01
2.923478299120000088e+02 9.322456074489999800e-01
2.923659042030000137e+02 9.321577399410000409e-01
2.923839784950000080e+02 9.323227756990000170e-01
2.924020527860000129e+02 9.327626960699999525e-01
2.924201270770000178e+02 9.332722840470000225e-01
2.924382013690000122e+02 9.337272858459999547e-01
2.924562756599999602e+02 9.341525691500000006e-01
2.924743499510000220e+02 9.344057288760000413e-01
2.924924242420000269e+02 9.346373187880000488e-01
2.925104985340000212e+02 9.352699831090000027e-01
2.925285728249999693e+02 9.359778806649999838e-01
2.925466471159999742e+02 9.362771766180000288e-01
2.925647214080000253e+02 9.363140801170000138e-01
2.925827956990000303e+02 9.362173552689999623e-01
2.926008699899999783e+02 9.359418135089999646e-01
2.926189442819999726e+02 9.353288572429999670e-01
2.926370185729999776e+02 9.346137471359999838e-01
2.926550928640000393e+02 9.341141604499999529e-01
2.926731671549999874e+02 9.338952047509999632e-01
2.926912414469999817e+02 9.338393897750000283e-01
2.927093157379999866e+02 9.340063351520000445e-01
2.927273900289999915e+02 9.343159141350000363e-01
2.927454643209999858e+02 9.346828501470000328e-01
2.927635386119999907e+02 9.352676038710000528e-01
2.927816129029999956e+02 9.361382219349999589e-01
2.927996871949999900e+02 9.366951300100000433e-01
2.928177614859999949e+02 9.366668625220000433e-01
2.928358357769999998e+02 9.365101129030000138e-01
2.928539100680000047e+02 9.365124056500000460e-01
2.928719843599999990e+02 9.364958836750000293e-01
2.928900586510000039e+02 9.363714621700000018e-01
2.929081329420000088e+02 9.361572514570000170e-01
2.929262072340000032e+02 9.358787811730000517e-01
2.929442815250000081e+02 9.356209689740000446e-01
2.929623558160000130e+02 9.355553956600000109e-01
2.929804301080000073e+02 9.358073124729999748e-01
2.929985043990000122e+02 9.360688484460000236e-01
2.930165786900000171e+02 9.360670749360000542e-01
2.930346529810000220e+02 9.360646572240000074e-01
2.930527272729999595e+02 9.360494218179999937e-01
2.930708015640000212e+02 9.358703392570000279e-01
2.930888758550000261e+02 9.357670818179999461e-01
2.931069501470000205e+02 9.357810599410000263e-01
2.931250244379999685e+02 9.359339624829999815e-01
2.931430987289999734e+02 9.362353615249999761e-01
2.931611730210000246e+02 9.365022615839999620e-01
2.931792473120000295e+02 9.368242378490000410e-01
2.931973216029999776e+02 9.371965596089999462e-01
2.932153958939999825e+02 9.376606669210000300e-01
2.932334701860000337e+02 9.382060484459999739e-01
2.932515444770000386e+02 9.386771263730000481e-01
2.932696187679999866e+02 9.386575617600000365e-01
2.932876930599999810e+02 9.383722203709999876e-01
2.933057673509999859e+02 9.382766904399999497e-01
2.933238416419999908e+02 9.383221018770000477e-01
2.933419159339999851e+02 9.384396852980000370e-01
2.933599902249999900e+02 9.385499718080000386e-01
2.933780645159999949e+02 9.383710670970000223e-01
2.933961388069999998e+02 9.379912497360000101e-01
2.934142130989999941e+02 9.377311741939999834e-01
2.934322873899999990e+02 9.373084595889999981e-01
2.934503616810000040e+02 9.367075422089999881e-01
2.934684359729999983e+02 9.359319788659999917e-01
2.934865102640000032e+02 9.352857012320000551e-01
2.935045845550000081e+02 9.349871921989999501e-01
2.935226588470000024e+02 9.348544201170000401e-01
2.935407331380000073e+02 9.348027894429999929e-01
2.935588074290000122e+02 9.352034736069999576e-01
2.935768817199999603e+02 9.357723372039999932e-01
2.935949560120000115e+02 9.361521390620000105e-01
2.936130303030000164e+02 9.366689024240000272e-01
2.936311045940000213e+02 9.371175832839999664e-01
2.936491788859999588e+02 9.372992448679999811e-01
2.936672531770000205e+02 9.371978966570000402e-01
2.936853274680000254e+02 9.370256252790000184e-01
2.937034017600000197e+02 9.368457628740000098e-01
2.937214760509999678e+02 9.364838020919999950e-01
2.937395503419999727e+02 9.358420030890000074e-01
2.937576246329999776e+02 9.352334172430000203e-01
2.937756989250000288e+02 9.350784064520000216e-01
2.937937732159999769e+02 9.350483433630000230e-01
2.938118475069999818e+02 9.350091486220000192e-01
2.938299217990000329e+02 9.351174045939999457e-01
2.938479960900000378e+02 9.354238782599999524e-01
2.938660703809999859e+02 9.360378131959999903e-01
2.938841446729999802e+02 9.367884550539999911e-01
2.939022189639999851e+02 9.373518998830000504e-01
2.939202932549999900e+02 9.375192813489999777e-01
2.939383675459999949e+02 9.378050558549999582e-01
2.939564418379999893e+02 9.384799753670000078e-01
2.939745161289999942e+02 9.393654122579999655e-01
2.939925904199999991e+02 9.399943993739999781e-01
2.940106647119999934e+02 9.403577218569999507e-01
2.940287390029999983e+02 9.406212425219999673e-01
2.940468132940000032e+02 9.407179769889999488e-01
2.940648875859999976e+02 9.406359007429999641e-01
2.940829618770000025e+02 9.405111391789999775e-01
2.941010361680000074e+02 9.403407935680000440e-01
2.941191104590000123e+02 9.401488443600000133e-01
2.941371847510000066e+02 9.402549050440000000e-01
2.941552590420000115e+02 9.404456010170000324e-01
2.941733333329999596e+02 9.409108066669999992e-01
2.941914076250000107e+02 9.415024282699999691e-01
2.942094819160000156e+02 9.420059199610000267e-01
2.942275562070000205e+02 9.426483238909999507e-01
2.942456304989999580e+02 9.433996219350000434e-01
2.942637047900000198e+02 9.440163523750000341e-01
2.942817790810000247e+02 9.443491363049999476e-01
2.942998533720000296e+02 9.445934744280000128e-01
2.943179276639999671e+02 9.447302500290000182e-01
2.943360019549999720e+02 9.445964188269999617e-01
2.943540762460000337e+02 9.440866222870000213e-01
2.943721505380000281e+02 9.433443655909999892e-01
2.943902248289999761e+02 9.427503043399999560e-01
2.944082991199999810e+02 9.425126933720000544e-01
2.944263734120000322e+02 9.423858689930000310e-01
2.944444477030000371e+02 9.420465100679999981e-01
2.944625219939999852e+02 9.415759418179999729e-01
2.944805962849999901e+02 9.410651251220000235e-01
2.944986705769999844e+02 9.405784812120000504e-01
2.945167448679999893e+02 9.401438007619999926e-01
2.945348191589999942e+02 9.398865374579999932e-01
2.945528934509999885e+02 9.397984134700000380e-01
2.945709677419999935e+02 9.398225109679999578e-01
2.945890420329999984e+02 9.400550092280000047e-01
2.946071163249999927e+02 9.404293645939999502e-01
2.946251906159999976e+02 9.404657051610000318e-01
2.946432649070000025e+02 9.401689907329999762e-01
2.946613391980000074e+02 9.398382194330000550e-01
2.946794134900000017e+02 9.393077741349999954e-01
2.946974877810000066e+02 9.385857084259999761e-01
2.947155620720000115e+02 9.379627950340000409e-01
2.947336363640000059e+02 9.373639127270000371e-01
2.947517106550000108e+02 9.367523139000000221e-01
2.947697849459999588e+02 9.362189445159999623e-01
2.947878592380000100e+02 9.357894488560000168e-01
2.948059335290000149e+02 9.355395567940000268e-01
2.948240078200000198e+02 9.355002981429999531e-01
2.948420821109999679e+02 9.358037859819999804e-01
2.948601564030000191e+02 9.363312648089999746e-01
2.948782306940000240e+02 9.369296806260000166e-01
2.948963049850000289e+02 9.373406909089999628e-01
2.949143792769999664e+02 9.375205415439999967e-01
2.949324535679999713e+02 9.376512016419999984e-01
2.949505278590000330e+02 9.377784088559999454e-01
2.949686021510000273e+02 9.379732415050000549e-01
2.949866764419999754e+02 9.383081261390000538e-01
2.950047507329999803e+02 9.385078446919999928e-01
2.950228250239999852e+02 9.386416004109999767e-01
2.950408993160000364e+02 9.387434020139999724e-01
2.950589736069999844e+02 9.388113204689999547e-01
2.950770478979999893e+02 9.389927004689999634e-01
2.950951221899999837e+02 9.391338445939999557e-01
2.951131964810000454e+02 9.391858485039999982e-01
2.951312707719999935e+02 9.392452897559999681e-01
2.951493450639999878e+02 9.394839078790000464e-01
2.951674193549999927e+02 9.395736690320000140e-01
2.951854936459999976e+02 9.396392255130000537e-01
2.952035679370000025e+02 9.396856666859999541e-01
2.952216422289999969e+02 9.396411879179999982e-01
2.952397165200000018e+02 9.396105352879999817e-01
2.952577908110000067e+02 9.394154968910000125e-01
2.952758651030000010e+02 9.392567440469999918e-01
2.952939393940000059e+02 9.392851175759999727e-01
2.953120136850000108e+02 9.393494338810000066e-01
2.953300879770000051e+02 9.391561794720000300e-01
2.953481622680000100e+02 9.388382565589999951e-01
2.953662365589999581e+02 9.384995974190000201e-01
2.953843108500000199e+02 9.381294168910000453e-01
2.954023851420000142e+02 9.380568939000000217e-01
2.954204594330000191e+02 9.383347286219999583e-01
2.954385337239999672e+02 9.389599764810000471e-01
2.954566080160000183e+02 9.397490922190000484e-01
2.954746823070000232e+02 9.404564709289999769e-01
2.954927565980000281e+02 9.412292004109999999e-01
2.955108308899999656e+02 9.419985052589999741e-01
2.955289051809999705e+02 9.424068397649999484e-01
2.955469794720000323e+02 9.425594326099999698e-01
2.955650537630000372e+02 9.424077425810000186e-01
2.955831280549999747e+02 9.419690377130000014e-01
2.956012023459999796e+02 9.414296360699999644e-01
2.956192766369999845e+02 9.414317161880000340e-01
2.956373509290000356e+02 9.416252552489999816e-01
2.956554252199999837e+02 9.416922228149999796e-01
2.956734995109999886e+02 9.418516314370000142e-01
2.956915738029999829e+02 9.421394874680000253e-01
2.957096480940000447e+02 9.424315404690000175e-01
2.957277223849999928e+02 9.427464718079999750e-01
2.957457966759999977e+02 9.432644132749999910e-01
2.957638709679999920e+02 9.439084780650000006e-01
2.957819452589999969e+02 9.443076283869999976e-01
2.958000195500000018e+02 9.443377935679999613e-01
2.958180938419999961e+02 9.441535965980000222e-01
2.958361681330000010e+02 9.440946114960000468e-01
2.958542424240000059e+02 9.441114993939999644e-01
2.958723167160000003e+02 9.442013862170000049e-01
2.958903910070000052e+02 9.443255484460000293e-01
2.959084652980000101e+02 9.443862813100000198e-01
2.959265395890000150e+02 9.443664449849999976e-01
2.959446138810000093e+02 9.440940391009999821e-01
2.959626881719999574e+02 9.435314662370000161e-01
2.959807624630000191e+02 9.429207304400000211e-01
2.959988367550000135e+02 9.422512245159999633e-01
2.960169110460000184e+02 9.417398986710000530e-01
2.960349853369999664e+02 9.412848095010000193e-01
2.960530596290000176e+02 9.408444325899999461e-01
2.960711339200000225e+02 9.405084270769999977e-01
2.960892082110000274e+02 9.402267186510000485e-01
2.961072825019999755e+02 9.399813477609999524e-01
2.961253567939999698e+02 9.394377379280000051e-01
2.961434310850000315e+02 9.386569223459999556e-01
2.961615053760000364e+02 9.378563563439999973e-01
2.961795796679999739e+02 9.368818205469999771e-01
2.961976539589999788e+02 9.358924547800000493e-01
2.962157282499999837e+02 9.351087901469999908e-01
2.962338025420000349e+02 9.344620118869999548e-01
2.962518768329999830e+02 9.338429225809999901e-01
2.962699511239999879e+02 9.333429402149999721e-01
2.962880254149999928e+02 9.330240993549999695e-01
2.963060997070000440e+02 9.327996115540000410e-01
2.963241739979999920e+02 9.326245334310000468e-01
2.963422482889999969e+02 9.321840849660000261e-01
2.963603225809999913e+02 9.316594993550000314e-01
2.963783968719999962e+02 9.311356242030000008e-01
2.963964711630000011e+02 9.305167922389999680e-01
2.964145454549999954e+02 9.298378672729999961e-01
2.964326197460000003e+02 9.290923943300000154e-01
2.964506940370000052e+02 9.283807383969999716e-01
2.964687683280000101e+02 9.276936564809999952e-01
2.964868426200000044e+02 9.269799506350000495e-01
2.965049169110000093e+02 9.264048789440000320e-01
2.965229912020000143e+02 9.260023170090000422e-01
2.965410654940000086e+02 9.259116122189999798e-01
2.965591397849999566e+02 9.260989490319999629e-01
2.965772140760000184e+02 9.263576195310000427e-01
2.965952883680000127e+02 9.266440933720000439e-01
2.966133626590000176e+02 9.268723063339999735e-01
2.966314369499999657e+02 9.273472265100000111e-01
2.966495112409999706e+02 9.279802667640000280e-01
2.966675855330000218e+02 9.287005428739999457e-01
2.966856598240000267e+02 9.297119206449999673e-01
2.967037341149999747e+02 9.306861378690000075e-01
2.967218084069999691e+02 9.311823967160000048e-01
2.967398826980000308e+02 9.312616243989999543e-01
2.967579569890000357e+02 9.312774346240000334e-01
2.967760312809999732e+02 9.311614383380000248e-01
2.967941055719999781e+02 9.311482096769999606e-01
2.968121798629999830e+02 9.314843763440000535e-01
2.968302541540000448e+02 9.321055023459999811e-01
2.968483284459999823e+02 9.328587871550000354e-01
2.968664027369999872e+02 9.335631196289999600e-01
2.968844770279999921e+02 9.344517322580000451e-01
2.969025513200000432e+02 9.354624714960000365e-01
2.969206256109999913e+02 9.366111622089999811e-01
2.969386999019999962e+02 9.378413480549999681e-01
2.969567741939999905e+02 9.390054206450000329e-01
2.969748484849999954e+02 9.400565296970000428e-01
2.969929227760000003e+02 9.409268864909999808e-01
2.970109970670000052e+02 9.416315096189999956e-01
2.970290713589999996e+02 9.423277500100000204e-01
2.970471456500000045e+02 9.427768740569999473e-01
2.970652199410000094e+02 9.428668917889999612e-01
2.970832942330000037e+02 9.427157622680000237e-01
2.971013685240000086e+02 9.424287530210000430e-01
2.971194428150000135e+02 9.420280051610000482e-01
2.971375171070000079e+02 9.415962695209999511e-01
2.971555913979999559e+02 9.412227997850000083e-01
2.971736656890000177e+02 9.408479665690000493e-01
2.971917399800000226e+02 9.404263788069999741e-01
2.972098142720000169e+02 9.402173579670000114e-01
2.972278885629999650e+02 9.405626672139999478e-01
2.972459628539999699e+02 9.410249101659999837e-01
2.972640371460000210e+02 9.413700474099999660e-01
2.972821114370000259e+02 9.415458707330000010e-01
2.973001857279999740e+02 9.414191764610000401e-01
2.973182600199999683e+02 9.408879362659999801e-01
2.973363343110000301e+02 9.401912666859999490e-01
2.973544086020000350e+02 9.397384815049999451e-01
2.973724828929999831e+02 9.396443724540000098e-01
2.973905571849999774e+02 9.395567608210000365e-01
2.974086314759999823e+02 9.391174902250000178e-01
2.974267057670000440e+02 9.383516142719999786e-01
2.974447800589999815e+02 9.375566699120000402e-01
2.974628543499999864e+02 9.368063442820000475e-01
2.974809286409999913e+02 9.360756534309999655e-01
2.974990029330000425e+02 9.352614616419999694e-01
2.975170772239999906e+02 9.342979689349999450e-01
2.975351515149999955e+02 9.336096321210000104e-01
2.975532258060000004e+02 9.333821954840000323e-01
2.975713000979999947e+02 9.335316720820000524e-01
2.975893743889999996e+02 9.338287754840000066e-01
2.976074486800000045e+02 9.342341239879999870e-01
2.976255229719999988e+02 9.344571476440000080e-01
2.976435972630000037e+02 9.347712299899999522e-01
2.976616715540000087e+02 9.351037415840000033e-01
2.976797458460000030e+02 9.352785455330000497e-01
2.976978201370000079e+02 9.354487574190000210e-01
2.977158944280000128e+02 9.353552848680000142e-01
2.977339687190000177e+02 9.349483647699999844e-01
2.977520430109999552e+02 9.345249184949999677e-01
2.977701173020000169e+02 9.341777716129999742e-01
2.977881915930000218e+02 9.338709258059999518e-01
2.978062658850000162e+02 9.336592015050000359e-01
2.978243401759999642e+02 9.337670137239999502e-01
2.978424144669999691e+02 9.341001769700000290e-01
2.978604887590000203e+02 9.340344834799999552e-01
2.978785630500000252e+02 9.334787330789999782e-01
2.978966373409999733e+02 9.329075752879999461e-01
2.979147116319999782e+02 9.327102266669999864e-01
2.979327859240000294e+02 9.328766633430000121e-01
2.979508602150000343e+02 9.334169337629999452e-01
2.979689345059999823e+02 9.339865651609999819e-01
2.979870087979999767e+02 9.345397740759999738e-01
2.980050830889999816e+02 9.353003116129999794e-01
2.980231573800000433e+02 9.360278532750000435e-01
2.980412316719999808e+02 9.364567070379999913e-01
2.980593059629999857e+02 9.365765712219999983e-01
2.980773802539999906e+02 9.365941832259999655e-01
2.980954545449999955e+02 9.367871581819999793e-01
2.981135288369999898e+02 9.370884992960000215e-01
2.981316031279999947e+02 9.372693547999999542e-01
2.981496774189999996e+02 9.370601470970000291e-01
2.981677517109999940e+02 9.371523229520000164e-01
2.981858260019999989e+02 9.375488055520000419e-01
2.982039002930000038e+02 9.378828625220000381e-01
2.982219745849999981e+02 9.381939763440000357e-01
2.982400488760000030e+02 9.386158005870000043e-01
2.982581231670000079e+02 9.388277468619999899e-01
2.982761974579999560e+02 9.390378312220000190e-01
2.982942717500000072e+02 9.394483456700000179e-01
2.983123460410000121e+02 9.400867180059999662e-01
2.983304203320000170e+02 9.405339930789999858e-01
2.983484946240000113e+02 9.407660832259999717e-01
2.983665689150000162e+02 9.410930414079999862e-01
2.983846432060000211e+02 9.413291610170000379e-01
2.984027174980000154e+02 9.414691282110000392e-01
2.984207917889999635e+02 9.415101575950000079e-01
2.984388660799999684e+02 9.410712162850000118e-01
2.984569403710000302e+02 9.400273990419999448e-01
2.984750146630000245e+02 9.390815312019999972e-01
2.984930889539999725e+02 9.385017974579999978e-01
2.985111632449999775e+02 9.380569372239999648e-01
2.985292375370000286e+02 9.376006823460000250e-01
2.985473118280000335e+02 9.373571144090000473e-01
2.985653861189999816e+02 9.374012787679999459e-01
2.985834604109999759e+02 9.375831029910000058e-01
2.986015347019999808e+02 9.378592335090000232e-01
2.986196089930000426e+02 9.380542991200000458e-01
2.986376832839999906e+02 9.383719868619999627e-01
2.986557575759999850e+02 9.387262224239999453e-01
2.986738318669999899e+02 9.389019427570000076e-01
2.986919061579999948e+02 9.389581554250000517e-01
2.987099804499999891e+02 9.390588389639999978e-01
2.987280547409999940e+02 9.392319006649999524e-01
2.987461290319999989e+02 9.394392625809999675e-01
2.987642033239999932e+02 9.395886313779999721e-01
2.987822776149999981e+02 9.396536498730000408e-01
2.988003519060000031e+02 9.396546331959999554e-01
2.988184261970000080e+02 9.395584572630000242e-01
2.988365004890000023e+02 9.396313866859999919e-01
2.988545747800000072e+02 9.398189636949999537e-01
2.988726490709999553e+02 9.401668998040000336e-01
2.988907233630000064e+02 9.407980190420000000e-01
2.989087976540000113e+02 9.415056055720000261e-01
2.989268719450000162e+02 9.421692125899999715e-01
2.989449462370000106e+02 9.429524789250000039e-01
2.989630205280000155e+02 9.439145859819999540e-01
2.989810948190000204e+02 9.448476911830000491e-01
2.989991691100000253e+02 9.454590470770000143e-01
2.990172434019999628e+02 9.458139994130000394e-01
2.990353176929999677e+02 9.459549951710000126e-01
2.990533919840000294e+02 9.457002210170000200e-01
2.990714662760000238e+02 9.451610951319999732e-01
2.990895405669999718e+02 9.444403453570000551e-01
2.991076148579999767e+02 9.436467870770000044e-01
2.991256891500000279e+02 9.430383124929999639e-01
2.991437634410000328e+02 9.426854722580000345e-01
2.991618377319999809e+02 9.425514702830000147e-01
2.991799120229999858e+02 9.426256863340000125e-01
2.991979863149999801e+02 9.429059871160000439e-01
2.992160606060000418e+02 9.432497733329999745e-01
2.992341348969999899e+02 9.433186567739999528e-01
2.992522091889999842e+02 9.432813430109999731e-01
2.992702834799999891e+02 9.433798154639999600e-01
2.992883577709999940e+02 9.435396204110000351e-01
2.993064320629999884e+02 9.435439113979999792e-01
2.993245063539999933e+02 9.432613186899999613e-01
2.993425806449999982e+02 9.427740000000000009e-01
2.993606549360000031e+02 9.423430843010000002e-01
2.993787292279999974e+02 9.420266576150000404e-01
2.993968035190000023e+02 9.418065445159999882e-01
2.994148778100000072e+02 9.415586357970000542e-01
2.994329521020000016e+02 9.411905996870000290e-01
2.994510263930000065e+02 9.407602829910000075e-01
2.994691006839999545e+02 9.402020837729999636e-01
2.994871749760000057e+02 9.395970169699999763e-01
2.995052492670000106e+02 9.392648181820000275e-01
2.995233235580000155e+02 9.390158414270000087e-01
2.995413978489999636e+02 9.388739931180000164e-01
2.995594721410000147e+02 9.391098573020000284e-01
2.995775464320000196e+02 9.393318228350000521e-01
2.995956207230000246e+02 9.392819773410000517e-01
2.996136950149999620e+02 9.390324171849999679e-01
2.996317693059999669e+02 9.388470179279999606e-01
2.996498435970000287e+02 9.386177983769999900e-01
2.996679178890000230e+02 9.381327367159999486e-01
2.996859921799999711e+02 9.371792168329999839e-01
2.997040664709999760e+02 9.359825163049999563e-01
2.997221407619999809e+02 9.348279383580000435e-01
2.997402150540000321e+02 9.340238060219999694e-01
2.997582893449999801e+02 9.336406644770000041e-01
2.997763636359999850e+02 9.329887636360000291e-01
2.997944379279999794e+02 9.321801127859999925e-01
2.998125122190000411e+02 9.317114080160000533e-01
2.998305865099999892e+02 9.317722825809999776e-01
2.998486608019999835e+02 9.320074858460000167e-01
2.998667350929999884e+02 9.320277998829999966e-01
2.998848093839999933e+02 9.316693330790000172e-01
2.999028836749999982e+02 9.312682670190000067e-01
2.999209579669999925e+02 9.310123016619999969e-01
2.999390322579999975e+02 9.309500548389999519e-01
2.999571065490000024e+02 9.310512108899999806e-01
2.999751808409999967e+02 9.311564190809999975e-01
2.999932551320000016e+02 9.309864411139999740e-01
3.000113294230000065e+02 9.305487485040000450e-01
3.000294037150000008e+02 9.302020748579999943e-01
3.000474780060000057e+02 9.296414333139999542e-01
3.000655522970000106e+02 9.293476215249999450e-01
3.000836265880000155e+02 9.294400441450000327e-01
3.001017008800000099e+02 9.299923531960000433e-01
3.001197751710000148e+02 9.305796409779999445e-01
3.001378494619999628e+02 9.309356756990000425e-01
3.001559237540000140e+02 9.311700068039999723e-01
3.001739980450000189e+02 9.314178544479999600e-01
3.001920723360000238e+02 9.318204394919999967e-01
3.002101466279999613e+02 9.325161338420000501e-01
3.002282209189999662e+02 9.332644709870000499e-01
3.002462952100000280e+02 9.338051034409999840e-01
3.002643695010000329e+02 9.347490095010000388e-01
3.002824437929999704e+02 9.359358777709999577e-01
3.003005180839999753e+02 9.368406698919999886e-01
3.003185923749999802e+02 9.372838585920000298e-01
3.003366666670000313e+02 9.375581533329999662e-01
3.003547409579999794e+02 9.378486980839999543e-01
3.003728152489999843e+02 9.381674567159999922e-01
3.003908895409999786e+02 9.383243723359999677e-01
3.004089638320000404e+02 9.383910293649999623e-01
3.004270381229999884e+02 9.384205947799999503e-01
3.004451124139999934e+02 9.384028233040000444e-01
3.004631867059999877e+02 9.385727603129999652e-01
3.004812609969999926e+02 9.389405880350000233e-01
3.004993352879999975e+02 9.395548506349999940e-01
3.005174095799999918e+02 9.403600031280000549e-01
3.005354838709999967e+02 9.412584787100000128e-01
3.005535581620000016e+02 9.420347914960000013e-01
3.005716324539999960e+02 9.425742637339999952e-01
3.005897067450000009e+02 9.429673539589999987e-01
3.006077810360000058e+02 9.431520768519999764e-01
3.006258553270000107e+02 9.432278430689999826e-01
3.006439296190000050e+02 9.432966660999999586e-01
3.006620039100000099e+02 9.433244296380000060e-01
3.006800782010000148e+02 9.433531162070000198e-01
3.006981524930000091e+02 9.433670610559999892e-01
3.007162267840000140e+02 9.433477587290000077e-01
3.007343010749999621e+02 9.432633546240000166e-01
3.007523753670000133e+02 9.430711535479999741e-01
3.007704496580000182e+02 9.426907847119999628e-01
3.007885239490000231e+02 9.422994121019999669e-01
3.008065982399999712e+02 9.420644975949999944e-01
3.008246725320000223e+02 9.418693836170000111e-01
3.008427468230000272e+02 9.417021735680000116e-01
3.008608211140000321e+02 9.415771406449999770e-01
3.008788954059999696e+02 9.412680329620000119e-01
3.008969696969999745e+02 9.408057987879999695e-01
3.009150439879999794e+02 9.402046751320000118e-01
3.009331182800000306e+02 9.396224853760000162e-01
3.009511925709999787e+02 9.391129125320000215e-01
3.009692668619999836e+02 9.386688478010000170e-01
3.009873411529999885e+02 9.383571410950000136e-01
3.010054154450000397e+02 9.379011704009999617e-01
3.010234897359999877e+02 9.373310077419999553e-01
3.010415640269999926e+02 9.367999170480000304e-01
3.010596383189999870e+02 9.363971673700000053e-01
3.010777126099999919e+02 9.360705289740000046e-01
3.010957869009999968e+02 9.357609243209999983e-01
3.011138611929999911e+02 9.354531945449999775e-01
3.011319354839999960e+02 9.351726967739999452e-01
3.011500097750000009e+02 9.351328631090000121e-01
3.011680840660000058e+02 9.353337578489999693e-01
3.011861583580000001e+02 9.353795949559999823e-01
3.012042326490000050e+02 9.350263732550000428e-01
3.012223069400000099e+02 9.345552378300000518e-01
3.012403812320000043e+02 9.342483504399999861e-01
3.012584555230000092e+02 9.341615280549999678e-01
3.012765298140000141e+02 9.341276550929999978e-01
3.012946041060000084e+02 9.339769689739999547e-01
3.013126783970000133e+02 9.339413979080000150e-01
3.013307526879999614e+02 9.338131892469999640e-01
3.013488269789999663e+02 9.334270324340000480e-01
3.013669012710000175e+02 9.333147042030000007e-01
3.013849755620000224e+02 9.336375899119999655e-01
3.014030498529999704e+02 9.341379807040000038e-01
3.014211241450000216e+02 9.348231547409999731e-01
3.014391984360000265e+02 9.355075285239999872e-01
3.014572727270000314e+02 9.360408327270000051e-01
3.014753470189999689e+02 9.364900353470000383e-01
3.014934213099999738e+02 9.368648996480000157e-01
3.015114956009999787e+02 9.370921381229999625e-01
3.015295698920000405e+02 9.374145529030000201e-01
3.015476441839999779e+02 9.378921869009999579e-01
3.015657184749999828e+02 9.382926841059999745e-01
3.015837927659999878e+02 9.384246160900000522e-01
3.016018670580000389e+02 9.382560363440000106e-01
3.016199413489999870e+02 9.379960832260000325e-01
3.016380156399999919e+02 9.377694618959999673e-01
3.016560899319999862e+02 9.376510068819999821e-01
3.016741642229999911e+02 9.374822304400000084e-01
3.016922385139999960e+02 9.373646333920000462e-01
3.017103128050000009e+02 9.373231414860000443e-01
3.017283870969999953e+02 9.372538348390000440e-01
3.017464613880000002e+02 9.370624428539999773e-01
3.017645356790000051e+02 9.367536157770000038e-01
3.017826099709999994e+02 9.366133296769999506e-01
3.018006842620000043e+02 9.366744702250000554e-01
3.018187585530000092e+02 9.367208891889999833e-01
3.018368328450000035e+02 9.368550947799999529e-01
3.018549071360000084e+02 9.370141931180000494e-01
3.018729814270000134e+02 9.370902208019999957e-01
3.018910557180000183e+02 9.370492051609999873e-01
3.019091300100000126e+02 9.368821291300000187e-01
3.019272043009999607e+02 9.366973434409999744e-01
3.019452785920000224e+02 9.367222390620000283e-01
3.019633528840000167e+02 9.368688479960000093e-01
3.019814271750000216e+02 9.370001985139999601e-01
3.019995014659999697e+02 9.373195256299999834e-01
3.020175757580000209e+02 9.377159193940000081e-01
3.020356500490000258e+02 9.377576000199999706e-01
3.020537243400000307e+02 9.374826147799999454e-01
3.020717986309999787e+02 9.372216107530000340e-01
3.020898729229999731e+02 9.371096194920000011e-01
3.021079472139999780e+02 9.370927429909999828e-01
3.021260215050000397e+02 9.372647875270000428e-01
3.021440957969999772e+02 9.374444544669999768e-01
3.021621700879999821e+02 9.376486037540000540e-01
3.021802443789999870e+02 9.382080736460000070e-01
3.021983186710000382e+02 9.389020666080000188e-01
3.022163929619999863e+02 9.393259441060000103e-01
3.022344672529999912e+02 9.396768595309999972e-01
3.022525415439999961e+02 9.400072562269999876e-01
3.022706158359999904e+02 9.402889136069999543e-01
3.022886901269999953e+02 9.403195140369999816e-01
3.023067644180000002e+02 9.397728155819999873e-01
3.023248387099999945e+02 9.390993948389999568e-01
3.023429130009999994e+02 9.387796111630000162e-01
3.023609872920000043e+02 9.387201921990000475e-01
3.023790615839999987e+02 9.387497342520000343e-01
3.023971358750000036e+02 9.388384971650000077e-01
3.024152101660000085e+02 9.389588450829999822e-01
3.024332844570000134e+02 9.388874462170000434e-01
3.024513587490000077e+02 9.386756210750000218e-01
3.024694330400000126e+02 9.383883179080000358e-01
3.024875073310000175e+02 9.379569512019999555e-01
3.025055816230000119e+02 9.373581515150000154e-01
3.025236559139999599e+02 9.367455169889999933e-01
3.025417302050000217e+02 9.364351776539999728e-01
3.025598044970000160e+02 9.362618576929999659e-01
3.025778787880000209e+02 9.360232921209999946e-01
3.025959530789999690e+02 9.357585116719999707e-01
3.026140273699999739e+02 9.354965897360000282e-01
3.026321016620000250e+02 9.351682504989999867e-01
3.026501759530000299e+02 9.348888151909999777e-01
3.026682502439999780e+02 9.343350625809999643e-01
3.026863245359999723e+02 9.337004637539999541e-01
3.027043988270000341e+02 9.334495455719999946e-01
3.027224731180000390e+02 9.334537027960000399e-01
3.027405474099999765e+02 9.333882095600000151e-01
3.027586217009999814e+02 9.331271284459999871e-01
3.027766959919999863e+02 9.328339681520000370e-01
3.027947702829999912e+02 9.327550944279999756e-01
3.028128445749999855e+02 9.331317676250000526e-01
3.028309188659999904e+02 9.337930664129999725e-01
3.028489931569999953e+02 9.342763937050000411e-01
3.028670674489999897e+02 9.346889662170000390e-01
3.028851417399999946e+02 9.350749712610000319e-01
3.029032160309999995e+02 9.354014254939999606e-01
3.029212903229999938e+02 9.357374845160000287e-01
3.029393646139999987e+02 9.360532774390000199e-01
3.029574389050000036e+02 9.360848340180000227e-01
3.029755131960000085e+02 9.360518836360000039e-01
3.029935874880000028e+02 9.360337702440000296e-01
3.030116617790000078e+02 9.362964096189999585e-01
3.030297360700000127e+02 9.368027803520000418e-01
3.030478103620000070e+02 9.374008596289999939e-01
3.030658846530000119e+02 9.381689836559999884e-01
3.030839589440000168e+02 9.392314826980000531e-01
3.031020332360000111e+02 9.404412664319999893e-01
3.031201075269999592e+02 9.416426707530000106e-01
3.031381818180000209e+02 9.427379054550000248e-01
3.031562561090000258e+02 9.435451332750000031e-01
3.031743304010000202e+02 9.440209554840000017e-01
3.031924046919999682e+02 9.441800690320000244e-01
3.032104789829999731e+02 9.441364930990000515e-01
3.032285532750000243e+02 9.439081880740000097e-01
3.032466275660000292e+02 9.437328818179999690e-01
3.032647018569999773e+02 9.437863025999999600e-01
3.032827761489999716e+02 9.439953138219999706e-01
3.033008504400000334e+02 9.441548999409999920e-01
3.033189247310000383e+02 9.439748492470000363e-01
3.033369990219999863e+02 9.435361352879999552e-01
3.033550733139999807e+02 9.430842273309999468e-01
3.033731476049999856e+02 9.424224010170000332e-01
3.033912218959999905e+02 9.416556961290000194e-01
3.034092961879999848e+02 9.409340195890000258e-01
3.034273704789999897e+02 9.400825500099999621e-01
3.034454447699999946e+02 9.393294790030000119e-01
3.034635190619999889e+02 9.388458139590000195e-01
3.034815933529999938e+02 9.382891547410000532e-01
3.034996676439999987e+02 9.375226711240000066e-01
3.035177419350000037e+02 9.366433425810000157e-01
3.035358162269999980e+02 9.356319345060000181e-01
3.035538905180000029e+02 9.345483059820000049e-01
3.035719648090000078e+02 9.335478208209999629e-01
3.035900391010000021e+02 9.325839218379999851e-01
3.036081133920000070e+02 9.317564227169999880e-01
3.036261876830000119e+02 9.312498385340000073e-01
3.036442619750000063e+02 9.310700399019999907e-01
3.036623362660000112e+02 9.313652277030000093e-01
3.036804105570000161e+02 9.324790497949999590e-01
3.036984848480000210e+02 9.341689793940000097e-01
3.037165591399999585e+02 9.362505533330000018e-01
3.037346334310000202e+02 9.386239178299999875e-01
3.037527077220000251e+02 9.410478947020000096e-01
3.037707820140000194e+02 9.433492245360000084e-01
3.037888563049999675e+02 9.455294253370000179e-01
3.038069305959999724e+02 9.477899591199999696e-01
3.038250048880000236e+02 9.501361843600000245e-01
3.038430791790000285e+02 9.524637517890000016e-01
3.038611534699999766e+02 9.547787631080000281e-01
3.038792277609999815e+02 9.572556479570000221e-01
3.038973020530000326e+02 9.598079834599999582e-01
3.039153763440000375e+02 9.624472561289999506e-01
3.039334506349999856e+02 9.652485619549999729e-01
3.039515249269999799e+02 9.680523666279999828e-01
3.039695992179999848e+02 9.708408980449999559e-01
3.039876735089999897e+02 9.737748825019999499e-01
3.040057478009999841e+02 9.767949611730000203e-01
3.040238220919999890e+02 9.797699837340000384e-01
3.040418963829999939e+02 9.826815745450000472e-01
3.040599706739999988e+02 9.854966750729999836e-01
3.040780449659999931e+02 9.880434439690000126e-01
3.040961192569999980e+02 9.904880747019999543e-01
3.041141935480000029e+02 9.927068090320000371e-01
3.041322678399999972e+02 9.946245510460000050e-01
3.041503421310000022e+02 9.963462920229999575e-01
3.041684164220000071e+02 9.977679095010000276e-01
3.041864907140000014e+02 9.986448241249999969e-01
3.042045650050000063e+02 9.990661369500000166e-01
3.042226392960000112e+02 9.992571381229999883e-01
3.042407135869999593e+02 9.993683894820000191e-01
3.042587878790000104e+02 9.994512084850000200e-01
3.042768621700000153e+02 9.995211578889999782e-01
3.042949364610000202e+02 9.995830343889999803e-01
3.043130107529999577e+02 9.996386610749999901e-01
3.043310850440000195e+02 9.996890832839999685e-01
3.043491593350000244e+02 9.997349585139999606e-01
3.043672336270000187e+02 9.997769790620000263e-01
3.043853079179999668e+02 9.998157767740000201e-01
3.044033822089999717e+02 9.998517732549999648e-01
3.044214565000000334e+02 9.998853350930000383e-01
3.044395307920000278e+02 9.999166804689999521e-01
3.044576050829999758e+02 9.999370837150000080e-01
3.044756793739999807e+02 9.999443149560000021e-01
3.044937536660000319e+02 9.999511338419999618e-01
3.045118279570000368e+02 9.999575888170000315e-01
3.045299022479999849e+02 9.999637073510000418e-01
3.045479765399999792e+02 9.999695205869999493e-01
3.045660508309999841e+02 9.999750552489999889e-01
3.045841251219999890e+02 9.999803315349999888e-01
3.046021994129999939e+02 9.999853738420000360e-01
3.046202737049999882e+02 9.999901900680000510e-01
3.046383479959999931e+02 9.999947669990000287e-01
3.046564222869999981e+02 9.999991485039999572e-01
3.046744965789999924e+02 1.000000000000000000e+00
3.046925708699999973e+02 1.000000000000000000e+00
3.047106451610000022e+02 1.000000000000000000e+00
3.047287194529999965e+02 1.000000000000000000e+00
3.047467937440000014e+02 1.000000000000000000e+00
3.047648680350000063e+02 1.000000000000000000e+00
3.047829423260000112e+02 1.000000000000000000e+00
3.048010166180000056e+02 1.000000000000000000e+00
3.048190909090000105e+02 1.000000000000000000e+00
3.048371651999999585e+02 1.000000000000000000e+00
3.048552394920000097e+02 1.000000000000000000e+00
3.048733137830000146e+02 1.000000000000000000e+00
3.048913880740000195e+02 1.000000000000000000e+00
3.049094623659999570e+02 1.000000000000000000e+00
3.049275366570000187e+02 1.000000000000000000e+00
3.049456109480000237e+02 1.000000000000000000e+00
3.049636852390000286e+02 1.000000000000000000e+00
3.049817595309999660e+02 1.000000000000000000e+00
3.049998338219999710e+02 1.000000000000000000e+00
3.050179081130000327e+02 1.000000000000000000e+00
3.050359824050000270e+02 1.000000000000000000e+00
3.050540566959999751e+02 1.000000000000000000e+00
3.050721309869999800e+02 1.000000000000000000e+00
3.050902052790000312e+02 1.000000000000000000e+00
3.051082795700000361e+02 1.000000000000000000e+00
3.051263538609999841e+02 1.000000000000000000e+00
3.051444281519999890e+02 1.000000000000000000e+00
3.051625024439999834e+02 1.000000000000000000e+00
3.051805767350000451e+02 1.000000000000000000e+00
3.051986510259999932e+02 1.000000000000000000e+00
3.052167253179999875e+02 1.000000000000000000e+00
3.052347996089999924e+02 1.000000000000000000e+00
3.052528738999999973e+02 1.000000000000000000e+00
3.052709481919999916e+02 1.000000000000000000e+00
3.052890224829999966e+02 1.000000000000000000e+00
3.053070967740000015e+02 1.000000000000000000e+00
3.053251710650000064e+02 1.000000000000000000e+00
3.053432453570000007e+02 1.000000000000000000e+00
3.053613196480000056e+02 1.000000000000000000e+00
3.053793939390000105e+02 1.000000000000000000e+00
3.053974682310000048e+02 1.000000000000000000e+00
3.054155425220000097e+02 1.000000000000000000e+00
3.054336168129999578e+02 1.000000000000000000e+00
3.054516911050000090e+02 1.000000000000000000e+00
3.054697653960000139e+02 1.000000000000000000e+00
3.054878396870000188e+02 1.000000000000000000e+00
3.055059139779999668e+02 1.000000000000000000e+00
3.055239882700000180e+02 1.000000000000000000e+00
3.055420625610000229e+02 1.000000000000000000e+00
3.055601368520000278e+02 1.000000000000000000e+00
3.055782111439999653e+02 1.000000000000000000e+00
3.055962854349999702e+02 1.000000000000000000e+00
3.056143597260000320e+02 1.000000000000000000e+00
3.056324340180000263e+02 1.000000000000000000e+00
3.056505083089999744e+02 1.000000000000000000e+00
3.056685825999999793e+02 1.000000000000000000e+00
3.056866568909999842e+02 1.000000000000000000e+00
3.057047311830000353e+02 1.000000000000000000e+00
3.057228054739999834e+02 1.000000000000000000e+00
3.057408797649999883e+02 1.000000000000000000e+00
3.057589540569999826e+02 1.000000000000000000e+00
3.057770283480000444e+02 1.000000000000000000e+00
3.057951026389999925e+02 1.000000000000000000e+00
3.058131769309999868e+02 1.000000000000000000e+00
3.058312512219999917e+02 1.000000000000000000e+00
3.058493255129999966e+02 1.000000000000000000e+00
3.058673998040000015e+02 1.000000000000000000e+00
3.058854740959999958e+02 1.000000000000000000e+00
3.059035483870000007e+02 1.000000000000000000e+00
3.059216226780000056e+02 1.000000000000000000e+00
3.059396969700000000e+02 1.000000000000000000e+00
3.059577712610000049e+02 1.000000000000000000e+00
3.059758455520000098e+02 1.000000000000000000e+00
3.059939198440000041e+02 1.000000000000000000e+00
3.060119941350000090e+02 1.000000000000000000e+00
3.060300684259999571e+02 1.000000000000000000e+00
3.060481427170000188e+02 1.000000000000000000e+00
3.060662170090000131e+02 1.000000000000000000e+00
3.060842913000000181e+02 1.000000000000000000e+00
3.061023655909999661e+02 1.000000000000000000e+00
3.061204398830000173e+02 1.000000000000000000e+00
3.061385141740000222e+02 1.000000000000000000e+00
3.061565884650000271e+02 1.000000000000000000e+00
3.061746627569999646e+02 1.000000000000000000e+00
3.061927370479999695e+02 1.000000000000000000e+00
3.062108113390000312e+02 1.000000000000000000e+00
3.062288856300000361e+02 1.000000000000000000e+00
3.062469599219999736e+02 1.000000000000000000e+00
3.062650342129999785e+02 1.000000000000000000e+00
3.062831085039999834e+02 1.000000000000000000e+00
3.063011827960000346e+02 1.000000000000000000e+00
3.063192570869999827e+02 1.000000000000000000e+00
3.063373313779999876e+02 1.000000000000000000e+00
3.063554056699999819e+02 1.000000000000000000e+00
3.063734799610000437e+02 1.000000000000000000e+00
3.063915542519999917e+02 1.000000000000000000e+00
3.064096285429999966e+02 1.000000000000000000e+00
3.064277028349999910e+02 1.000000000000000000e+00
3.064457771259999959e+02 1.000000000000000000e+00
3.064638514170000008e+02 1.000000000000000000e+00
3.064819257089999951e+02 1.000000000000000000e+00
3.065000000000000000e+02 1.000000000000000000e+00
