# Wavelength (Nm)     Mean
2.906349999999999909e+02 8.046786799999999795e-01
2.907360508310000000e+02 8.111270519550000113e-01
2.908371016620000091e+02 8.106713675269999753e-01
2.909381524930000182e+02 8.094116674189999472e-01
2.910392033239999705e+02 8.110113174980000394e-01
2.911402541539999902e+02 8.118232061190000515e-01
2.912413049849999993e+02 8.153449276830000425e-01
2.913423558160000084e+02 8.212614602350000181e-01
2.914434066469999607e+02 8.245978705959999822e-01
2.915444574780000266e+02 8.234410372139999712e-01
2.916455083089999789e+02 8.250118933919999842e-01
2.917465591399999880e+02 8.240083405379999837e-01
2.918476099709999971e+02 8.228709656310000398e-01
2.919486608020000062e+02 8.269568061880000487e-01
2.920497116319999691e+02 8.275361656109999631e-01
2.921507624629999782e+02 8.261707802640000375e-01
2.922518132940000442e+02 8.297291319649999775e-01
2.923528641249999964e+02 8.331294980160000030e-01
2.924539149560000055e+02 8.342330287979999870e-01
2.925549657870000146e+02 8.391057616029999888e-01
2.926560166180000238e+02 8.412830684459999819e-01
2.927570674489999760e+02 8.383566476249999511e-01
2.928581182799999851e+02 8.363238255910000474e-01
2.929591691100000048e+02 8.348331064520000400e-01
2.930602199410000139e+02 8.317315727270000458e-01
2.931612707719999662e+02 8.310902373899999862e-01
2.932623216030000322e+02 8.327028480739999683e-01
2.933633724339999844e+02 8.359332317890000308e-01
2.934644232649999935e+02 8.338664547999999899e-01
2.935654740960000026e+02 8.366385899710000462e-01
2.936665249270000118e+02 8.369536364809999629e-01
2.937675757580000209e+02 8.310335793940000215e-01
2.938686265879999837e+02 8.240673349170000161e-01
2.939696774189999928e+02 8.233462454840000389e-01
2.940707282500000019e+02 8.180335018769999689e-01
2.941717790810000110e+02 8.163257072920000468e-01
2.942728299120000202e+02 8.176463423459999769e-01
2.943738807430000293e+02 8.194596370279999542e-01
2.944749315739999815e+02 8.218223518670000338e-01
2.945759824049999906e+02 8.211113129910000419e-01
2.946770332359999998e+02 8.231714989830000162e-01
2.947780840660000194e+02 8.251606073120000273e-01
2.948791348969999717e+02 8.290718075659999631e-01
2.949801857280000377e+02 8.271489460119999526e-01
2.950812365589999899e+02 8.298092967739999493e-01
2.951822873899999990e+02 8.296616546630000144e-01
2.952833382210000082e+02 8.281831150539999964e-01
2.953843890520000173e+02 8.280752861000000298e-01
2.954854398829999695e+02 8.290169469210000308e-01
2.955864907139999787e+02 8.283549035480000100e-01
2.956875415439999983e+02 8.267403754450000086e-01
2.957885923750000075e+02 8.307298017890000219e-01
2.958896432059999597e+02 8.333205440469999559e-01
2.959906940370000257e+02 8.363831882500000203e-01
2.960917448679999779e+02 8.423738329030000527e-01
2.961927956989999871e+02 8.495788609679999492e-01
2.962938465299999962e+02 8.523899311050000538e-01
2.963948973610000053e+02 8.490779050729999611e-01
2.964959481920000144e+02 8.469122429719999623e-01
2.965969990219999772e+02 8.439069257669999935e-01
2.966980498530000432e+02 8.453585790030000435e-01
2.967991006839999955e+02 8.481117597170000355e-01
2.969001515150000046e+02 8.476031121210000352e-01
2.970012023460000137e+02 8.500175969209999849e-01
2.971022531770000228e+02 8.475835336460000313e-01
2.972033040079999751e+02 8.398663567740000113e-01
2.973043548389999842e+02 8.384477019349999560e-01
2.974054056699999933e+02 8.397578182310000416e-01
2.975064565000000130e+02 8.356869218379999742e-01
2.976075073309999652e+02 8.389110812900000269e-01
2.977085581620000312e+02 8.413297559339999454e-01
2.978096089929999835e+02 8.350727848000000231e-01
2.979106598239999926e+02 8.374662842229999571e-01
2.980117106550000017e+02 8.432194802150000390e-01
2.981127614860000108e+02 8.444066003129999665e-01
2.982138123170000199e+02 8.459380575070000186e-01
2.983148631479999722e+02 8.504206677610000042e-01
2.984159139779999919e+02 8.495955193549999951e-01
2.985169648090000010e+02 8.462270401170000067e-01
2.986180156400000101e+02 8.445618013979999672e-01
2.987190664710000192e+02 8.437657236950000250e-01
2.988201173020000283e+02 8.435377238419999868e-01
2.989211681329999806e+02 8.481742326490000483e-01
2.990222189639999897e+02 8.502966116029999633e-01
2.991232697949999988e+02 8.489881767739999585e-01
2.992243206260000079e+02 8.491015308989999788e-01
2.993253714569999602e+02 8.478127618959999667e-01
2.994264222870000367e+02 8.425878656299999880e-01
2.995274731179999890e+02 8.389168615050000000e-01
2.996285239489999981e+02 8.397307998919999461e-01
2.997295747800000072e+02 8.342667124339999685e-01
2.998306256110000163e+02 8.332123291890000116e-01
2.999316764419999686e+02 8.314562555029999524e-01
3.000327272729999777e+02 8.350719709089999832e-01
3.001337781040000436e+02 8.406081627660000333e-01
3.002348289349999959e+02 8.430973156400000112e-01
3.003358797649999588e+02 8.475322601170000025e-01
3.004369305960000247e+02 8.506499060019999670e-01
3.005379814270000338e+02 8.525831132650000255e-01
3.006390322579999861e+02 8.505985793550000507e-01
3.007400830889999952e+02 8.565388339299999654e-01
3.008411339200000043e+02 8.500569948780000162e-01
3.009421847510000134e+02 8.523404173899999936e-01
3.010432355819999657e+02 8.508783683870000392e-01
3.011442864130000316e+02 8.476570238120000322e-01
3.012453372429999945e+02 8.448714418180000019e-01
3.013463880740000036e+02 8.507910973510000030e-01
3.014474389050000127e+02 8.497969524730000224e-01
3.015484897360000218e+02 8.486723164810000553e-01
3.016495405669999741e+02 8.521304516130000506e-01
3.017505913979999832e+02 8.559457172040000339e-01
3.018516422289999923e+02 8.583913161289999927e-01
3.019526930600000014e+02 8.580929330890000317e-01
3.020537438910000105e+02 8.595932453960000164e-01
3.021547947210000302e+02 8.551501297069999952e-01
3.022558455519999825e+02 8.492090152879999687e-01
3.023568963829999916e+02 8.498949675370000012e-01
3.024579472140000007e+02 8.500989198239999878e-01
3.025589980450000098e+02 8.460430423949999446e-01
3.026600488760000189e+02 8.468751351909999947e-01
3.027610997069999712e+02 8.501541723459999922e-01
3.028621505380000372e+02 8.448464412899999720e-01
3.029632013689999894e+02 8.430364968819999971e-01
3.030642521990000091e+02 8.470362575950000084e-01
3.031653030300000182e+02 8.481298842419999762e-01
3.032663538610000273e+02 8.467364764610000316e-01
3.033674046919999796e+02 8.494021402050000447e-01
3.034684555229999887e+02 8.517359981619999632e-01
3.035695063539999978e+02 8.510448725999999464e-01
3.036705571850000069e+02 8.506593649270000057e-01
3.037716080159999592e+02 8.525360255520000319e-01
3.038726588470000252e+02 8.565828803909999456e-01
3.039737096769999880e+02 8.585804848389999577e-01
3.040747605079999971e+02 8.639560294039999588e-01
3.041758113390000062e+02 8.674374643209999958e-01
3.042768621700000153e+02 8.683587397069999492e-01
3.043779130009999676e+02 8.671268244280000426e-01
3.044789638319999767e+02 8.655400768330000494e-01
3.045800146630000427e+02 8.624655023170000323e-01
3.046810654939999949e+02 8.633212315930000047e-01
3.047821163250000041e+02 8.618972759630000313e-01
3.048831671550000237e+02 8.661787508499999566e-01
3.049842179860000329e+02 8.713632997560000204e-01
3.050852688169999851e+02 8.792324079569999729e-01
3.051863196479999942e+02 8.818427878010000054e-01
3.052873704790000033e+02 8.850860020140000062e-01
3.053884213100000125e+02 8.804104369890000115e-01
3.054894721409999647e+02 8.777677922579999459e-01
3.055905229720000307e+02 8.749083868229999839e-01
3.056915738029999829e+02 8.727931408410000147e-01
3.057926246330000026e+02 8.707123980650000039e-01
3.058936754640000117e+02 8.716234502049999833e-01
3.059947262950000209e+02 8.718749485829999646e-01
3.060957771259999731e+02 8.679781203519999488e-01
3.061968279569999822e+02 8.668250576339999736e-01
3.062978787879999913e+02 8.655629672729999724e-01
3.063989296190000005e+02 8.631553906450000202e-01
3.064999804500000096e+02 8.620426901659999919e-01
3.066010312810000187e+02 8.610175255819999540e-01
3.067020821109999815e+02 8.625354821699999786e-01
3.068031329419999906e+02 8.653387141060000509e-01
3.069041837729999997e+02 8.690986535089999521e-01
3.070052346040000089e+02 8.703631278300000274e-01
3.071062854350000180e+02 8.722406466469999620e-01
3.072073362659999702e+02 8.680634660410000425e-01
3.073083870970000362e+02 8.649253064520000533e-01
3.074094379279999885e+02 8.622533182889999814e-01
3.075104887589999976e+02 8.596675913389999479e-01
3.076115395890000173e+02 8.575762352200000382e-01
3.077125904200000264e+02 8.592132107719999690e-01
3.078136412509999786e+02 8.605560802639999896e-01
3.079146920819999877e+02 8.638518943699999841e-01
3.080157429129999969e+02 8.638666892180000279e-01
3.081167937440000060e+02 8.641219603319999498e-01
3.082178445749999582e+02 8.669131409379999820e-01
3.083188954060000242e+02 8.687721849849999733e-01
3.084199462370000333e+02 8.673191145159999671e-01
3.085209970669999962e+02 8.672048472729999569e-01
3.086220478980000053e+02 8.692335317399999539e-01
3.087230987290000144e+02 8.675312412900000325e-01
3.088241495599999666e+02 8.659414733720000035e-01
3.089252003909999758e+02 8.651208027369999831e-01
3.090262512220000417e+02 8.657559693349999863e-01
3.091273020529999940e+02 8.622084127269999954e-01
3.092283528840000031e+02 8.621528673899999662e-01
3.093294037150000122e+02 8.604325501659999542e-01
3.094304545450000319e+02 8.574124590909999455e-01
3.095315053759999842e+02 8.553829578489999808e-01
3.096325562069999933e+02 8.570895331569999831e-01
3.097336070380000024e+02 8.603296139589999836e-01
3.098346578690000115e+02 8.616260038420000544e-01
3.099357086999999638e+02 8.596629764030000453e-01
3.100367595310000297e+02 8.580054132550000157e-01
3.101378103619999820e+02 8.566608993740000288e-01
3.102388611929999911e+02 8.502438571749999507e-01
3.103399120230000108e+02 8.492134168910000502e-01
3.104409628540000199e+02 8.509847244970000224e-01
3.105420136849999722e+02 8.564279339589999651e-01
3.106430645159999813e+02 8.595293361289999545e-01
3.107441153469999904e+02 8.621258130790000473e-01
3.108451661779999995e+02 8.660489724540000323e-01
3.109462170090000086e+02 8.717982923749999502e-01
3.110472678400000177e+02 8.733797624439999518e-01
3.111483186710000268e+02 8.785801199020000229e-01
3.112493695009999897e+02 8.862108943700000019e-01
3.113504203319999988e+02 8.887847181819999998e-01
3.114514711630000079e+02 8.887858882110000192e-01
3.115525219940000170e+02 8.866245529620000454e-01
3.116535728249999693e+02 8.826882628250000140e-01
3.117546236560000352e+02 8.798217729030000100e-01
3.118556744869999875e+02 8.809432207330000209e-01
3.119567253179999966e+02 8.841285939390000070e-01
3.120577761490000057e+02 8.909541009189999583e-01
3.121588269790000254e+02 8.919309243399999865e-01
3.122598778099999777e+02 8.896435154349999763e-01
3.123609286409999868e+02 8.849892329420000481e-01
3.124619794719999959e+02 8.820962371849999650e-01
3.125630303030000050e+02 8.741261806060000028e-01
3.126640811339999573e+02 8.799401895499999737e-01
3.127651319650000232e+02 8.825873299119999515e-01
3.128661827960000323e+02 8.861421472039999747e-01
3.129672336269999846e+02 8.903340904990000304e-01
3.130682844570000043e+02 8.940367060999999671e-01
3.131693352880000134e+02 8.904766211929999731e-01
3.132703861190000225e+02 8.870622131180000425e-01
3.133714369499999748e+02 8.799612426389999964e-01
3.134724877810000407e+02 8.765896427660000434e-01
3.135735386119999930e+02 8.787766582599999543e-01
3.136745894430000021e+02 8.805952385919999514e-01
3.137756402740000112e+02 8.879493482110000224e-01
3.138766911050000203e+02 8.951682799710000138e-01
3.139777419349999832e+02 8.951452619349999917e-01
3.140787927659999923e+02 8.922713748480000095e-01
3.141798435970000014e+02 8.905913326690000353e-01
3.142808944280000105e+02 8.881482396480000485e-01
3.143819452589999628e+02 8.867091195309999563e-01
3.144829960900000287e+02 8.844775547900000090e-01
3.145840469209999810e+02 8.849881940760000454e-01
3.146850977519999901e+02 8.838348048880000363e-01
3.147861485829999992e+02 8.834533904789999559e-01
3.148871994130000189e+02 8.859964801170000515e-01
3.149882502439999712e+02 8.880467182989999486e-01
3.150893010749999803e+02 8.854674007530000113e-01
3.151903519059999894e+02 8.833419697950000149e-01
3.152914027369999985e+02 8.830446686709999549e-01
3.153924535680000076e+02 8.801418589830000139e-01
3.154935043990000167e+02 8.800600566280000203e-01
3.155945552300000259e+02 8.838988783969999874e-01
3.156956060609999781e+02 8.867296654549999824e-01
3.157966568909999978e+02 8.871835612320000397e-01
3.158977077220000069e+02 8.878928991400000248e-01
3.159987585530000160e+02 8.864250810170000161e-01
3.160998093839999683e+02 8.849075534020000022e-01
3.162008602150000343e+02 8.859949686019999993e-01
3.163019110459999865e+02 8.853886100679999593e-01
3.164029618769999956e+02 8.863903612319999903e-01
3.165040127080000047e+02 8.872541199610000096e-01
3.166050635390000139e+02 8.864971689539999922e-01
3.167061143699999661e+02 8.836130261000000319e-01
3.168071651999999858e+02 8.830453879959999641e-01
3.169082160309999949e+02 8.827711133429999579e-01
3.170092668620000040e+02 8.840497212319999853e-01
3.171103176929999563e+02 8.859374602249999731e-01
3.172113685240000223e+02 8.885589390620000083e-01
3.173124193550000314e+02 8.887172245159999928e-01
3.174134701859999836e+02 8.904970624829999792e-01
3.175145210169999928e+02 8.908411651609999815e-01
3.176155718480000019e+02 8.888319456890000358e-01
3.177166226780000216e+02 8.856443148779999941e-01
3.178176735089999738e+02 8.803228604110000521e-01
3.179187243400000398e+02 8.771942575950000265e-01
3.180197751709999920e+02 8.755874999020000216e-01
3.181208260020000012e+02 8.748134267449999557e-01
3.182218768330000103e+02 8.785429792379999547e-01
3.183229276640000194e+02 8.826512163049999860e-01
3.184239784949999716e+02 8.802668058060000300e-01
3.185250293259999808e+02 8.759959295310000282e-01
3.186260801560000004e+02 8.708229180840000305e-01
3.187271309870000096e+02 8.647717166470000327e-01
3.188281818179999618e+02 8.613960072730000306e-01
3.189292326490000278e+02 8.636065713289999835e-01
3.190302834799999800e+02 8.673845721409999543e-01
3.191313343109999892e+02 8.709649551320000072e-01
3.192323851419999983e+02 8.735129911829999649e-01
3.193334359730000074e+02 8.768341477129999451e-01
3.194344868040000165e+02 8.739612995890000402e-01
3.195355376339999793e+02 8.739557740860000035e-01
3.196365884650000453e+02 8.736318750539999733e-01
3.197376392959999976e+02 8.734834992379999496e-01
3.198386901270000067e+02 8.707007791009999664e-01
3.199397409580000158e+02 8.695120276050000152e-01
3.200407917890000249e+02 8.670334036360000107e-01
3.201418426199999772e+02 8.713797785339999491e-01
3.202428934509999863e+02 8.749959602929999747e-01
3.203439442819999954e+02 8.802885898240000451e-01
3.204449951120000151e+02 8.894909342329999635e-01
3.205460459429999673e+02 8.916695532649999700e-01
3.206470967740000333e+02 8.867398445159999643e-01
3.207481476049999856e+02 8.826189367550000275e-01
3.208491984359999947e+02 8.777640845749999920e-01
3.209502492670000038e+02 8.699076794129999568e-01
3.210513000980000129e+02 8.654684019749999679e-01
3.211523509290000220e+02 8.654588295309999513e-01
3.212534017599999743e+02 8.660012392960000360e-01
3.213544525899999940e+02 8.667503720229999820e-01
3.214555034210000031e+02 8.677279531770000220e-01
3.215565542519999553e+02 8.712440504399999730e-01
3.216576050830000213e+02 8.711876939589999758e-01
3.217586559140000304e+02 8.722247646240000041e-01
3.218597067449999827e+02 8.761187913200000343e-01
3.219607575759999918e+02 8.815109821209999863e-01
3.220618084070000009e+02 8.833651570670000286e-01
3.221628592380000100e+02 8.847113578590000138e-01
3.222639100679999729e+02 8.843392234019999965e-01
3.223649608990000388e+02 8.809333994529999767e-01
3.224660117299999911e+02 8.765342000589999572e-01
3.225670625610000002e+02 8.729354571849999855e-01
3.226681133920000093e+02 8.718867145649999983e-01
3.227691642230000184e+02 8.699124648970000262e-01
3.228702150539999707e+02 8.687618036559999757e-01
3.229712658849999798e+02 8.689532595890000488e-01
3.230723167159999889e+02 8.678221873310000278e-01
3.231733675460000086e+02 8.665495919350000298e-01
3.232744183769999609e+02 8.644228745449999973e-01
3.233754692080000268e+02 8.599184224629999873e-01
3.234765200389999791e+02 8.551689594920000026e-01
3.235775708699999882e+02 8.596409990810000012e-01
3.236786217009999973e+02 8.639962163050000088e-01
3.237796725320000064e+02 8.679462840080000019e-01
3.238807233630000155e+02 8.713278070769999717e-01
3.239817741939999678e+02 8.706893322580000483e-01
3.240828250240000443e+02 8.704989711049999634e-01
3.241838758549999966e+02 8.701022027470000086e-01
3.242849266860000057e+02 8.701793371260000409e-01
3.243859775170000148e+02 8.722607983190000525e-01
3.244870283480000239e+02 8.752592364610000120e-01
3.245880791789999762e+02 8.731157098530000216e-01
3.246891300099999853e+02 8.697024990620000340e-01
3.247901808409999944e+02 8.680645890420000121e-01
3.248912316720000035e+02 8.624237095600000291e-01
3.249922825019999664e+02 8.589667522089999840e-01
3.250933333330000323e+02 8.592208733330000126e-01
3.251943841639999846e+02 8.622272114960000122e-01
3.252954349949999937e+02 8.618023622479999979e-01
3.253964858260000028e+02 8.665556300200000228e-01
3.254975366570000119e+02 8.726325842819999679e-01
3.255985874880000210e+02 8.717068389830000541e-01
3.256996383189999733e+02 8.697551694039999948e-01
3.258006891500000393e+02 8.699709167450000447e-01
3.259017399800000021e+02 8.720490456889999908e-01
3.260027908110000112e+02 8.725575884849999797e-01
3.261038416420000203e+02 8.740884340760000093e-01
3.262048924730000294e+02 8.741808697849999810e-01
3.263059433039999817e+02 8.749936688949999652e-01
3.264069941349999908e+02 8.710451935480000296e-01
3.265080449659999999e+02 8.717400652000000250e-01
3.266090957970000090e+02 8.748642245159999886e-01
3.267101466279999613e+02 8.738437181820000177e-01
3.268111974580000378e+02 8.724229705670000223e-01
3.269122482889999901e+02 8.744176947609999528e-01
3.270132991199999992e+02 8.718502625809999573e-01
3.271143499510000083e+02 8.682095921019999940e-01
3.272154007820000174e+02 8.666146334409999819e-01
3.273164516129999697e+02 8.636833896769999797e-01
3.274175024439999788e+02 8.618133454059999643e-01
3.275185532750000448e+02 8.565905723950000272e-01
3.276196041059999970e+02 8.564943613490000329e-01
3.277206549359999599e+02 8.591673653760000251e-01
3.278217057670000258e+02 8.597030349459999776e-01
3.279227565979999781e+02 8.599395753670000531e-01
3.280238074289999872e+02 8.692436611139999769e-01
3.281248582599999963e+02 8.792403751320000405e-01
3.282259090910000054e+02 8.903591145450000521e-01
3.283269599220000146e+02 9.025719059819999890e-01
3.284280107529999668e+02 9.142460519349999704e-01
3.285290615840000328e+02 9.203967981820000421e-01
3.286301124139999956e+02 9.204192408700000438e-01
3.287311632450000047e+02 9.192947475860000495e-01
3.288322140760000138e+02 9.198653331089999829e-01
3.289332649070000230e+02 9.187235219549999554e-01
3.290343157379999752e+02 9.157216706740000101e-01
3.291353665689999843e+02 9.132152858650000038e-01
3.292364173999999934e+02 9.148150709779999668e-01
3.293374682310000026e+02 9.146662607040000337e-01
3.294385190619999548e+02 9.147472481820000390e-01
3.295395698920000314e+02 9.170679006449999893e-01
3.296406207229999836e+02 9.206085076340000395e-01
3.297416715539999927e+02 9.209335794130000252e-01
3.298427223850000019e+02 9.212627927569999597e-01
3.299437732160000110e+02 9.223412038320000228e-01
3.300448240470000201e+02 9.169606456300000152e-01
3.301458748779999723e+02 9.104415099510000386e-01
3.302469257090000383e+02 9.055710118180000379e-01
3.303479765399999906e+02 9.034332020530000396e-01
3.304490273700000103e+02 9.029065077810000117e-01
3.305500782010000194e+02 9.082746436559999692e-01
3.306511290320000285e+02 9.128153712900000105e-01
3.307521798629999807e+02 9.110389736659999516e-01
3.308532306939999899e+02 9.101401191589999495e-01
3.309542815249999990e+02 9.063432014660000036e-01
3.310553323560000081e+02 9.046196625810000169e-01
3.311563831869999603e+02 9.041612425999999703e-01
3.312574340180000263e+02 9.060383902640000153e-01
3.313584848479999891e+02 9.087714369699999573e-01
3.314595356789999983e+02 9.140206403809999491e-01
3.315605865100000074e+02 9.112966295009999884e-01
3.316616373410000165e+02 9.069083779859999916e-01
3.317626881719999687e+02 9.091161369889999566e-01
3.318637390029999779e+02 9.083251410849999541e-01
3.319647898340000438e+02 9.052570856499999596e-01
3.320658406649999961e+02 9.070729939780000084e-01
3.321668914960000052e+02 9.124976286799999503e-01
3.322679423260000249e+02 9.120141313880000267e-01
3.323689931570000340e+02 9.116781566570000273e-01
3.324700439879999863e+02 9.120686052199999949e-01
3.325710948189999954e+02 9.130233141739999558e-01
3.326721456500000045e+02 9.110824306060000266e-01
3.327731964810000136e+02 9.122656606450000316e-01
3.328742473119999659e+02 9.137038865590000336e-01
3.329752981430000318e+02 9.161660105769999785e-01
3.330763489739999841e+02 9.157291115250000280e-01
3.331773998040000038e+02 9.166204099510000258e-01
3.332784506350000129e+02 9.158543935480000231e-01
3.333795014660000220e+02 9.142030307920000487e-01
3.334805522969999743e+02 9.141898424140000312e-01
3.335816031279999834e+02 9.145525634600000231e-01
3.336826539589999925e+02 9.173987412020000454e-01
3.337837047900000016e+02 9.192504741350000508e-01
3.338847556210000107e+02 9.197630034020000123e-01
3.339858064520000198e+02 9.181116748390000248e-01
3.340868572830000289e+02 9.161824052389999640e-01
3.341879081129999918e+02 9.115039066860000094e-01
3.342889589440000009e+02 9.078826516129999691e-01
3.343900097750000100e+02 9.066622681329999933e-01
3.344910606060000191e+02 9.068735393939999501e-01
3.345921114369999714e+02 9.036430065689999847e-01
3.346931622680000373e+02 9.045459494819999557e-01
3.347942130989999896e+02 9.059876264909999533e-01
3.348952639299999987e+02 9.074305031379999997e-01
3.349963147610000078e+02 9.087054271159999974e-01
3.350973655910000275e+02 9.154884127960000173e-01
3.351984164219999798e+02 9.204699287390000206e-01
3.352994672529999889e+02 9.215136315049999860e-01
3.354005180839999980e+02 9.205989235579999930e-01
3.355015689150000071e+02 9.193151181519999549e-01
3.356026197459999594e+02 9.153385533529999618e-01
3.357036705770000253e+02 9.120237169699999535e-01
3.358047214079999776e+02 9.094219346630000311e-01
3.359057722389999867e+02 9.088816901170000406e-01
3.360068230690000064e+02 9.068695271550000214e-01
3.361078739000000155e+02 9.067075337240000366e-01
3.362089247309999678e+02 9.043695511829999978e-01
3.363099755619999769e+02 9.054638484360000295e-01
3.364110263930000428e+02 9.044004949559999451e-01
3.365120772239999951e+02 9.073674521800000337e-01
3.366131280550000042e+02 9.102642865300000219e-01
3.367141788860000133e+02 9.131393048389999656e-01
3.368152297170000224e+02 9.124554423459999564e-01
3.369162805469999853e+02 9.118323672629999876e-01
3.370173313779999944e+02 9.117351234020000250e-01
3.371183822090000035e+02 9.117848759919999768e-01
3.372194330400000126e+02 9.115169312809999758e-01
3.373204838709999649e+02 9.160339899999999647e-01
3.374215347020000308e+02 9.195748603319999770e-01
3.375225855329999831e+02 9.167983450929999556e-01
3.376236363639999922e+02 9.153190545449999549e-01
3.377246871950000013e+02 9.143016292179999560e-01
3.378257380250000210e+02 9.089842733920000528e-01
3.379267888559999733e+02 9.084238719649999627e-01
3.380278396869999824e+02 9.103110805670000527e-01
3.381288905179999915e+02 9.086099851519999770e-01
3.382299413490000006e+02 9.099910414080000232e-01
3.383309921800000097e+02 9.120894112609999604e-01
3.384320430110000189e+02 9.073686079570000285e-01
3.385330938420000280e+02 9.071860736069999875e-01
3.386341446729999802e+02 9.054497191010000279e-01
3.387351955029999999e+02 9.018340688270000127e-01
3.388362463340000090e+02 8.990974648089999910e-01
3.389372971650000181e+02 9.027985357869999783e-01
3.390383479959999704e+02 9.024028472339999940e-01
3.391393988270000364e+02 9.073098122870000282e-01
3.392404496579999886e+02 9.104417485829999768e-01
3.393415004889999977e+02 9.133700579369999906e-01
3.394425513200000069e+02 9.131525513779999992e-01
3.395436021510000160e+02 9.133910791399999507e-01
3.396446529809999788e+02 9.113055163440000328e-01
3.397457038119999879e+02 9.108220990319999544e-01
3.398467546429999970e+02 9.082668266079999553e-01
3.399478054740000061e+02 9.041426219649999485e-01
3.400488563049999584e+02 9.005201157179999472e-01
3.401499071360000244e+02 8.980772694530000377e-01
3.402509579670000335e+02 8.987073587489999849e-01
3.403520087979999857e+02 9.025163402639999610e-01
3.404530596289999949e+02 9.073099031279999727e-01
3.405541104590000145e+02 9.100215605960000342e-01
3.406551612899999668e+02 9.103439464520000080e-01
3.407562121209999759e+02 9.073833760609999466e-01
3.408572629520000419e+02 9.048432189049999685e-01
3.409583137829999941e+02 9.025252697069999774e-01
3.410593646140000033e+02 9.028225434209999900e-01
3.411604154450000124e+02 9.039338257379999630e-01
3.412614662760000215e+02 9.067238342519999827e-01
3.413625171069999737e+02 9.052893589249999540e-01
3.414635679369999934e+02 9.051560435190000309e-01
3.415646187680000025e+02 9.028956141060000551e-01
3.416656695990000117e+02 9.023078549359999645e-01
3.417667204299999639e+02 8.984317190320000313e-01
3.418677712610000299e+02 8.979572994719999812e-01
3.419688220919999821e+02 9.006426763829999960e-01
3.420698729229999913e+02 9.011826424629999499e-01
3.421709237540000004e+02 9.004791996480000504e-01
3.422719745850000095e+02 9.006016890710000222e-01
3.423730254149999723e+02 8.997411299119999484e-01
3.424740762459999814e+02 8.955239773019999516e-01
3.425751270769999905e+02 8.976799911139999866e-01
3.426761779079999997e+02 8.967811746820000263e-01
3.427772287390000088e+02 8.976478241640000189e-01
3.428782795700000179e+02 8.973396346240000154e-01
3.429793304010000270e+02 8.972050025119999717e-01
3.430803812319999793e+02 8.961884745449999468e-01
3.431814320629999884e+02 8.987142792769999833e-01
3.432824828930000081e+02 9.003851225019999793e-01
3.433835337240000172e+02 9.018980146330000114e-01
3.434845845549999694e+02 9.043015011530000091e-01
3.435856353860000354e+02 9.023984279279999576e-01
3.436866862169999877e+02 9.025224765980000008e-01
3.437877370479999968e+02 9.068106719449999797e-01
3.438887878790000059e+02 9.113391963639999593e-01
3.439898387100000150e+02 9.098064370970000425e-01
3.440908895409999673e+02 9.136993837729999735e-01
3.441919403709999870e+02 9.142715689150000546e-01
3.442929912019999961e+02 9.117303114370000072e-01
3.443940420330000052e+02 9.077095402249999445e-01
3.444950928639999574e+02 9.119516431480000351e-01
3.445961436950000234e+02 9.102091851319999982e-01
3.446971945260000325e+02 9.081443219350000540e-01
3.447982453569999848e+02 9.069419191199999952e-01
3.448992961879999939e+02 9.080884002929999754e-01
3.450003470190000030e+02 9.050132421990000342e-01
3.451013978490000227e+02 9.045503148389999470e-01
3.452024486799999750e+02 9.017720028450000314e-01
3.453034995110000409e+02 8.995402525900000335e-01
3.454045503419999932e+02 8.990120068910000262e-01
3.455056011730000023e+02 8.990083281520000469e-01
3.456066520040000114e+02 8.989427547020000242e-01
3.457077028350000205e+02 9.028631951910000009e-01
3.458087536659999728e+02 9.041048937240000472e-01
3.459098044969999819e+02 9.015166782800000389e-01
3.460108553270000016e+02 8.988612576050000191e-01
3.461119061580000107e+02 8.986354112609999945e-01
3.462129569889999630e+02 8.996649012899999853e-01
3.463140078200000289e+02 9.022670457279999834e-01
3.464150586509999812e+02 9.050643569209999573e-01
3.465161094819999903e+02 9.080979192960000335e-01
3.466171603129999994e+02 9.060557026200000141e-01
3.467182111440000085e+02 9.048404619940000337e-01
3.468192619750000176e+02 9.014534333629999896e-01
3.469203128049999805e+02 9.013402360309999972e-01
3.470213636359999896e+02 9.012574209089999622e-01
3.471224144669999987e+02 8.988423753669999572e-01
3.472234652980000078e+02 8.910973971160000007e-01
3.473245161290000169e+02 8.911255870969999604e-01
3.474255669600000260e+02 8.899941954150000223e-01
3.475266177909999783e+02 8.877213302830000430e-01
3.476276686219999874e+02 8.934192375949999709e-01
3.477287194529999965e+02 9.016903619160000494e-01
3.478297702830000162e+02 9.058783607039999630e-01
3.479308211139999685e+02 9.066808067449999564e-01
3.480318719450000344e+02 9.074966673409999851e-01
3.481329227759999867e+02 9.056051333140000548e-01
3.482339736069999958e+02 9.038916945449999574e-01
3.483350244380000049e+02 9.006939254939999584e-01
3.484360752690000140e+02 8.976559747310000059e-01
3.485371260999999663e+02 8.965880446330000142e-01
3.486381769309999754e+02 8.953275813590000354e-01
3.487392277609999951e+02 8.917085109290000533e-01
3.488402785920000042e+02 8.893302781230000287e-01
3.489413294229999565e+02 8.918906513780000545e-01
3.490423802540000224e+02 8.930200764129999635e-01
3.491434310850000315e+02 8.910491594720000297e-01
3.492444819159999838e+02 8.900216322480000164e-01
3.493455327469999929e+02 8.925781713589999722e-01
3.494465835780000020e+02 8.926369072730000465e-01
3.495476344090000111e+02 8.938587926879999479e-01
3.496486852389999740e+02 9.001756663340000353e-01
3.497497360700000399e+02 9.069917258059999599e-01
3.498507869009999922e+02 9.037597677909999794e-01
3.499518377320000013e+02 8.987949301080000453e-01
3.500528885630000104e+02 8.905794609380000004e-01
3.501539393940000195e+02 8.896142787880000347e-01
3.502549902249999718e+02 8.889254429330000207e-01
3.503560410559999809e+02 8.902321045750000161e-01
3.504570918869999900e+02 8.932225195009999563e-01
3.505581427170000097e+02 8.990517189050000191e-01
3.506591935479999620e+02 8.995689209680000076e-01
3.507602443790000279e+02 8.984558474099999525e-01
3.508612952099999802e+02 8.960155427660000393e-01
3.509623460409999893e+02 8.964400790619999615e-01
3.510633968719999984e+02 8.936260276340000086e-01
3.511644477030000076e+02 8.899719575760000057e-01
3.512654985340000167e+02 8.943144351609999543e-01
3.513665493649999689e+02 8.976437244179999997e-01
3.514676001960000349e+02 9.007011772730000310e-01
3.515686510259999977e+02 9.049193085040000417e-01
3.516697018570000068e+02 9.028885179569999808e-01
3.517707526880000160e+02 8.969625969890000494e-01
3.518718035190000251e+02 8.942393078889999680e-01
3.519728543499999773e+02 8.918011014660000013e-01
3.520739051809999864e+02 8.899231487290000242e-01
3.521749560119999956e+02 8.882436931380000011e-01
3.522760068430000047e+02 8.881412780249999805e-01
3.523770576739999569e+02 8.904055408990000364e-01
3.524781085040000335e+02 8.895331880939999492e-01
3.525791593349999857e+02 8.885807842230000198e-01
3.526802101659999948e+02 8.923997895309999651e-01
3.527812609970000040e+02 8.950744776539999448e-01
3.528823118280000131e+02 8.918875537629999961e-01
3.529833626590000222e+02 8.975359877420000521e-01
3.530844134899999744e+02 8.987249324930000061e-01
3.531854643210000404e+02 8.966748113000000409e-01
3.532865151519999927e+02 8.921712709089999471e-01
3.533875659819999555e+02 8.948627778890000384e-01
3.534886168130000215e+02 8.926897249359999620e-01
3.535896676440000306e+02 8.955333536459999522e-01
3.536907184749999828e+02 8.970410842520000205e-01
3.537917693059999920e+02 8.990964237540000070e-01
3.538928201370000011e+02 8.970276428450000283e-01
3.539938709680000102e+02 8.946028909680000529e-01
3.540949217989999624e+02 8.917142034410000528e-01
3.541959726300000284e+02 8.942025237930000259e-01
3.542970234599999912e+02 8.924255110259999846e-01
3.543980742910000004e+02 8.938243217400000384e-01
3.544991251220000095e+02 8.954713933919999924e-01
3.546001759530000186e+02 8.959213913200000379e-01
3.547012267839999708e+02 8.928968663830000319e-01
3.548022776149999800e+02 8.968771924139999907e-01
3.549033284459999891e+02 8.983171260119999779e-01
3.550043792769999982e+02 8.975666273510000126e-01
3.551054301080000073e+02 8.944222616129999803e-01
3.552064809380000270e+02 8.941502761289999990e-01
3.553075317689999792e+02 8.884806715349999884e-01
3.554085825999999884e+02 8.818642155429999852e-01
3.555096334309999975e+02 8.760483707039999901e-01
3.556106842620000066e+02 8.741570461580000506e-01
3.557117350930000157e+02 8.725571965589999923e-01
3.558127859239999680e+02 8.741008238120000495e-01
3.559138367550000339e+02 8.768455557769999631e-01
3.560148875859999862e+02 8.843054684650000219e-01
3.561159384160000059e+02 8.892920565980000358e-01
3.562169892470000150e+02 8.879615193550000063e-01
3.563180400780000241e+02 8.908573373899999481e-01
3.564190909089999764e+02 8.935187672729999475e-01
3.565201417399999855e+02 8.910467929419999544e-01
3.566211925709999946e+02 8.874721315150000400e-01
3.567222434020000037e+02 8.898999444570000472e-01
3.568232942329999560e+02 8.878142311629999561e-01
3.569243450640000219e+02 8.854425338219999997e-01
3.570253958939999848e+02 8.868791468619999785e-01
3.571264467249999939e+02 8.901160569399999556e-01
3.572274975560000030e+02 8.894385947999999820e-01
3.573285483870000121e+02 8.890089845159999671e-01
3.574295992180000212e+02 8.877264939000000243e-01
3.575306500489999735e+02 8.862777894529999534e-01
3.576317008800000394e+02 8.856546242230000088e-01
3.577327517109999917e+02 8.862892299319999889e-01
3.578338025420000008e+02 8.883224673899999813e-01
3.579348533720000205e+02 8.888393513200000262e-01
3.580359042030000296e+02 8.895234913780000197e-01
3.581369550339999819e+02 8.879952157870000251e-01
3.582380058649999910e+02 8.848683219940000066e-01
3.583390566960000001e+02 8.859099797260000519e-01
3.584401075270000092e+02 8.857770455910000118e-01
3.585411583579999615e+02 8.858456164810000200e-01
3.586422091890000274e+02 8.851124396680000173e-01
3.587432600199999797e+02 8.838802488860000306e-01
3.588443108499999994e+02 8.816707564219999904e-01
3.589453616810000085e+02 8.810707430690000175e-01
3.590464125120000176e+02 8.757585522190000082e-01
3.591474633429999699e+02 8.772823970380000391e-01
3.592485141739999790e+02 8.817225976539999621e-01
3.593495650050000449e+02 8.833007589350000410e-01
3.594506158359999972e+02 8.872204446329999827e-01
3.595516666670000063e+02 8.906578066670000071e-01
3.596527174980000154e+02 8.916569071159999860e-01
3.597537683279999783e+02 8.912338295599999682e-01
3.598548191589999874e+02 8.863282450239999832e-01
3.599558699899999965e+02 8.792020212609999996e-01
3.600569208210000056e+02 8.774888835780000340e-01
3.601579716520000147e+02 8.741699119750000468e-01
3.602590224829999670e+02 8.746142156209999463e-01
3.603600733140000330e+02 8.757509742229999672e-01
3.604611241449999852e+02 8.817310965000000333e-01
3.605621749759999943e+02 8.890299654640000382e-01
3.606632258060000140e+02 8.903850458059999751e-01
3.607642766370000231e+02 8.868358407040000113e-01
3.608653274679999754e+02 8.919117389049999733e-01
3.609663782989999845e+02 8.889628390620000209e-01
3.610674291299999936e+02 8.821629123559999730e-01
3.611684799610000027e+02 8.813759055619999616e-01
3.612695307919999550e+02 8.825875712020000430e-01
3.613705816230000210e+02 8.828126941249999637e-01
3.614716324540000301e+02 8.868557143299999890e-01
3.615726832839999929e+02 8.926044429909999467e-01
3.616737341150000020e+02 8.938258359139999998e-01
3.617747849460000111e+02 8.915545256989999556e-01
3.618758357770000202e+02 8.864213167159999962e-01
3.619768866079999725e+02 8.852922491979999808e-01
3.620779374390000385e+02 8.838313053180000267e-01
3.621789882699999907e+02 8.836902978299999711e-01
3.622800391009999998e+02 8.887203948190000036e-01
3.623810899320000090e+02 8.873617917199999594e-01
3.624821407620000286e+02 8.882118199999999852e-01
3.625831915929999809e+02 8.862147238030000373e-01
3.626842424239999900e+02 8.859385993939999926e-01
3.627852932549999991e+02 8.823098956299999518e-01
3.628863440860000082e+02 8.820738298920000053e-01
3.629873949169999605e+02 8.782148718079999528e-01
3.630884457480000265e+02 8.762503769499999651e-01
3.631894965789999787e+02 8.744405506550000373e-01
3.632905474099999878e+02 8.748833366960000468e-01
3.633915982400000075e+02 8.780729689149999739e-01
3.634926490710000166e+02 8.770997369309999625e-01
3.635936999019999689e+02 8.780609294619999838e-01
3.636947507329999780e+02 8.821335713200000317e-01
3.637958015640000440e+02 8.811798213979999961e-01
3.638968523949999962e+02 8.800358270770000102e-01
3.639979032260000054e+02 8.795898135480000324e-01
3.640989540570000145e+02 8.772599543300000358e-01
3.642000048880000236e+02 8.722615434999999584e-01
3.643010557179999864e+02 8.706139783580000291e-01
3.644021065489999955e+02 8.724023343790000551e-01
3.645031573800000047e+02 8.731145191010000195e-01
3.646042082110000138e+02 8.733439608209999649e-01
3.647052590419999660e+02 8.739803958159999553e-01
3.648063098730000320e+02 8.739484700490000035e-01
3.649073607039999843e+02 8.727605291500000195e-01
3.650084115349999934e+02 8.748050864519999470e-01
3.651094623660000025e+02 8.793756825809999622e-01
3.652105131960000222e+02 8.848918265980000308e-01
3.653115640269999744e+02 8.897988953080000485e-01
3.654126148579999835e+02 8.891742681619999589e-01
3.655136656889999927e+02 8.915560266859999805e-01
3.656147165200000018e+02 8.911954638419999908e-01
3.657157673510000109e+02 8.882332327859999710e-01
3.658168181820000200e+02 8.907406100000000437e-01
3.659178690130000291e+02 8.938274242820000159e-01
3.660189198439999814e+02 8.940812852589999915e-01
3.661199706740000011e+02 8.971988291500000434e-01
3.662210215050000102e+02 8.949644653760000512e-01
3.663220723360000193e+02 8.893645862760000131e-01
3.664231231669999715e+02 8.831487760699999745e-01
3.665241739980000375e+02 8.791867088170000066e-01
3.666252248289999898e+02 8.756448863829999762e-01
3.667262756599999989e+02 8.757798432259999988e-01
3.668273264910000080e+02 8.771116399709999456e-01
3.669283773220000171e+02 8.817983688170000223e-01
3.670294281519999799e+02 8.819955640469999691e-01
3.671304789829999891e+02 8.816553168720000500e-01
3.672315298139999982e+02 8.849327881130000240e-01
3.673325806450000073e+02 8.833890077420000209e-01
3.674336314759999595e+02 8.770190405279999490e-01
3.675346823070000255e+02 8.762166337440000508e-01
3.676357331379999778e+02 8.743268546329999724e-01
3.677367839689999869e+02 8.699351071749999997e-01
3.678378347999999960e+02 8.719897296090000083e-01
3.679388856300000157e+02 8.772953249270000198e-01
3.680399364609999679e+02 8.783255514369999739e-01
3.681409872919999771e+02 8.807400139779999471e-01
3.682420381230000430e+02 8.796836630500000087e-01
3.683430889539999953e+02 8.770712483089999623e-01
3.684441397850000044e+02 8.773360635479999781e-01
3.685451906160000135e+02 8.776221583579999486e-01
3.686462414470000226e+02 8.714053725810000373e-01
3.687472922779999749e+02 8.718129688950000400e-01
3.688483431089999840e+02 8.766215076540000428e-01
3.689493939390000037e+02 8.767470575760000218e-01
3.690504447700000128e+02 8.748102354350000276e-01
3.691514956009999651e+02 8.761232760699999567e-01
3.692525464320000310e+02 8.778741093449999866e-01
3.693535972629999833e+02 8.704856672920000538e-01
3.694546480939999924e+02 8.694579372430000230e-01
3.695556989250000015e+02 8.710399047310000142e-01
3.696567497560000106e+02 8.765692683189999501e-01
3.697578005870000197e+02 8.803663374779999717e-01
3.698588514169999826e+02 8.883454703619999560e-01
3.699599022479999917e+02 8.921916869399999506e-01
3.700609530790000008e+02 8.902576490029999734e-01
3.701620039100000099e+02 8.840318899710000178e-01
3.702630547410000190e+02 8.783367187189999870e-01
3.703641055720000281e+02 8.741079470379999883e-01
3.704651564029999804e+02 8.708059895890000179e-01
3.705662072339999895e+02 8.724077309290000359e-01
3.706672580649999986e+02 8.785774370969999802e-01
3.707683088950000183e+02 8.800858514570000235e-01
3.708693597259999706e+02 8.815494589150000282e-01
3.709704105570000365e+02 8.828375295010000290e-01
3.710714613879999888e+02 8.803098935680000459e-01
3.711725122189999979e+02 8.738087654349999678e-01
3.712735630500000070e+02 8.761200486510000163e-01
3.713746138810000161e+02 8.715854001759999470e-01
3.714756647119999684e+02 8.676462499410000362e-01
3.715767155429999775e+02 8.656881026980000060e-01
3.716777663729999972e+02 8.710587595600000066e-01
3.717788172040000063e+02 8.723406268819999809e-01
3.718798680349999586e+02 8.793662664219999980e-01
3.719809188660000245e+02 8.817430424829999502e-01
3.720819696970000336e+02 8.835343539390000389e-01
3.721830205279999859e+02 8.813048412320000358e-01
3.722840713589999950e+02 8.776800360219999542e-01
3.723851221900000041e+02 8.744055269599999569e-01
3.724861730210000133e+02 8.739707753959999881e-01
3.725872238509999761e+02 8.757330084650000179e-01
3.726882746820000420e+02 8.711631923949999523e-01
3.727893255129999943e+02 8.698224756600000385e-01
3.728903763440000034e+02 8.666670276340000534e-01
3.729914271750000125e+02 8.658832650829999533e-01
3.730924780060000217e+02 8.667951596770000489e-01
3.731935288369999739e+02 8.717255504590000204e-01
3.732945796679999830e+02 8.728947646039999508e-01
3.733956304989999921e+02 8.740280532549999926e-01
3.734966813290000118e+02 8.717296796090000521e-01
3.735977321599999641e+02 8.650153471949999506e-01
3.736987829910000301e+02 8.645671200590000494e-01
3.737998338219999823e+02 8.669775061969999808e-01
3.739008846529999914e+02 8.672157110749999509e-01
3.740019354840000005e+02 8.707200316130000450e-01
3.741029863150000097e+02 8.807897609579999898e-01
3.742040371460000188e+02 8.827612249849999815e-01
3.743050879769999710e+02 8.821657394130000274e-01
3.744061388069999907e+02 8.869876484259999749e-01
3.745071896379999998e+02 8.817880492670000514e-01
3.746082404690000089e+02 8.757976866859999987e-01
3.747092913000000181e+02 8.749991716520000296e-01
3.748103421310000272e+02 8.724462799219999676e-01
3.749113929619999794e+02 8.693205527270000399e-01
3.750124437929999885e+02 8.736019403710000297e-01
3.751134946239999977e+02 8.719671202150000022e-01
3.752145454550000068e+02 8.677210272730000451e-01
3.753155962849999696e+02 8.627034785430000019e-01
3.754166471160000356e+02 8.570192497949999932e-01
3.755176979469999878e+02 8.567662603229999618e-01
3.756187487779999969e+02 8.616527262559999789e-01
3.757197996090000061e+02 8.624930187779999979e-01
3.758208504400000152e+02 8.654595474489999996e-01
3.759219012709999674e+02 8.721533155230000167e-01
3.760229521019999765e+02 8.728891957969999726e-01
3.761240029330000425e+02 8.689720043399999927e-01
3.762250537630000053e+02 8.705514688169999626e-01
3.763261045939999576e+02 8.700527418669999902e-01
3.764271554250000236e+02 8.665140381229999855e-01
3.765282062560000327e+02 8.649723433139999695e-01
3.766292570869999849e+02 8.646950131380000126e-01
3.767303079179999941e+02 8.622274082699999953e-01
3.768313587490000032e+02 8.652818037730000134e-01
3.769324095800000123e+02 8.694276880739999491e-01
3.770334604109999646e+02 8.703179672140000100e-01
3.771345112410000411e+02 8.740347938610000256e-01
3.772355620719999933e+02 8.752089590220000215e-01
3.773366129030000025e+02 8.737052448390000281e-01
3.774376637340000116e+02 8.664974480939999779e-01
3.775387145650000207e+02 8.627369470969999954e-01
3.776397653959999730e+02 8.540772068619999491e-01
3.777408162269999821e+02 8.492119744670000303e-01
3.778418670579999912e+02 8.510060599609999832e-01
3.779429178890000003e+02 8.555562861579999456e-01
3.780439687189999631e+02 8.605840717299999554e-01
3.781450195500000291e+02 8.700224150440000193e-01
3.782460703809999814e+02 8.773630367739999603e-01
3.783471212119999905e+02 8.755721466670000064e-01
3.784481720429999996e+02 8.734131404299999568e-01
3.785492228740000087e+02 8.696116866859999739e-01
3.786502737050000178e+02 8.647788051999999448e-01
3.787513245359999701e+02 8.643267593160000040e-01
3.788523753670000360e+02 8.648344717889999700e-01
3.789534261969999989e+02 8.638516964129999698e-01
3.790544770280000080e+02 8.648665509870000490e-01
3.791555278590000171e+02 8.657305715840000193e-01
3.792565786900000262e+02 8.617997503619999611e-01
3.793576295209999785e+02 8.628990022189999554e-01
3.794586803519999876e+02 8.686114472139999654e-01
3.795597311829999967e+02 8.715200619349999789e-01
3.796607820140000058e+02 8.776197084650000368e-01
3.797618328449999581e+02 8.837678596479999760e-01
3.798628836750000346e+02 8.867886419939999820e-01
3.799639345059999869e+02 8.825709468329999696e-01
3.800649853369999960e+02 8.790515913199999920e-01
3.801660361680000051e+02 8.731688610259999983e-01
3.802670869990000142e+02 8.674120541940000262e-01
3.803681378299999665e+02 8.588068268040000008e-01
3.804691886609999756e+02 8.569694649460000146e-01
3.805702394920000415e+02 8.546199786410000332e-01
3.806712903229999938e+02 8.528534632259999748e-01
3.807723411529999566e+02 8.491747936660000162e-01
3.808733919840000226e+02 8.508776308500000107e-01
3.809744428150000317e+02 8.548395549270000338e-01
3.810754936459999840e+02 8.547686383970000135e-01
3.811765444769999931e+02 8.540129839200000239e-01
3.812775953080000022e+02 8.580222402930000047e-01
3.813786461390000113e+02 8.593437665490000210e-01
3.814796969699999636e+02 8.578558569699999969e-01
3.815807478010000295e+02 8.615222814080000235e-01
3.816817986309999924e+02 8.615829567739999861e-01
3.817828494620000015e+02 8.623750341939999675e-01
3.818839002930000106e+02 8.591681368910000227e-01
3.819849511240000197e+02 8.592981296970000349e-01
3.820860019549999720e+02 8.577832245940000266e-01
3.821870527859999811e+02 8.592422045449999990e-01
3.822881036169999902e+02 8.552397920040000212e-01
3.823891544479999993e+02 8.573811204110000084e-01
3.824902052790000084e+02 8.548332824050000056e-01
3.825912561090000281e+02 8.542166859919999577e-01
3.826923069399999804e+02 8.570328356990000174e-01
3.827933577709999895e+02 8.609488043699999871e-01
3.828944086019999986e+02 8.620555849459999864e-01
3.829954594330000077e+02 8.647892422089999975e-01
3.830965102640000168e+02 8.650710970089999785e-01
3.831975610949999691e+02 8.629058533719999868e-01
3.832986119260000351e+02 8.595721895989999473e-01
3.833996627569999873e+02 8.579087740180000310e-01
3.835007135870000070e+02 8.584941546040000260e-01
3.836017644180000161e+02 8.595194048880000492e-01
3.837028152490000252e+02 8.590686448680000531e-01
3.838038660799999775e+02 8.606432772140000242e-01
3.839049169109999866e+02 8.576229279960000396e-01
3.840059677419999957e+02 8.534790725809999756e-01
3.841070185730000048e+02 8.490558491299999844e-01
3.842080694039999571e+02 8.497055624729999979e-01
3.843091202350000231e+02 8.500110021700000296e-01
3.844101710649999859e+02 8.532671087190000225e-01
3.845112218959999950e+02 8.555080515149999787e-01
3.846122727270000041e+02 8.557220336359999679e-01
3.847133235580000132e+02 8.524853626980000154e-01
3.848143743890000223e+02 8.535357338219999868e-01
3.849154252199999746e+02 8.540593203520000509e-01
3.850164760510000406e+02 8.528214028449999651e-01
3.851175268819999928e+02 8.481317767739999791e-01
3.852185777130000019e+02 8.434571061290000449e-01
3.853196285430000216e+02 8.422535517110000258e-01
3.854206793740000307e+02 8.420088794529999587e-01
3.855217302049999830e+02 8.434763353669999519e-01
3.856227810359999921e+02 8.516443026100000147e-01
3.857238318670000012e+02 8.588062226389999720e-01
3.858248826980000104e+02 8.608145813490000187e-01
3.859259335289999626e+02 8.619407456109999810e-01
3.860269843600000286e+02 8.616412150240000400e-01
3.861280351909999808e+02 8.633471635189999827e-01
3.862290860219999900e+02 8.615460975269999544e-01
3.863301368520000096e+02 8.592080403520000464e-01
3.864311876830000188e+02 8.575935379469999953e-01
3.865322385139999710e+02 8.580089460019999503e-01
3.866332893449999801e+02 8.511170894820000443e-01
3.867343401759999892e+02 8.529968436949999511e-01
3.868353910069999984e+02 8.540262124830000356e-01
3.869364418380000075e+02 8.498409666670000417e-01
3.870374926690000166e+02 8.518053729029999577e-01
3.871385435000000257e+02 8.585941312020000105e-01
3.872395943299999885e+02 8.591635028149999798e-01
3.873406451609999976e+02 8.583410458060000137e-01
3.874416959920000068e+02 8.607423955430000273e-01
3.875427468230000159e+02 8.595155790220000425e-01
3.876437976539999681e+02 8.572659199409999875e-01
3.877448484850000341e+02 8.554779248480000042e-01
3.878458993159999864e+02 8.525368266570000353e-01
3.879469501469999955e+02 8.498108264520000121e-01
3.880480009780000046e+02 8.458824992669999876e-01
3.881490518080000243e+02 8.441003817009999910e-01
3.882501026389999765e+02 8.450455178589999505e-01
3.883511534699999856e+02 8.489666017989999647e-01
3.884522043009999948e+02 8.509856312900000441e-01
3.885532551320000039e+02 8.522993341939999468e-01
3.886543059629999561e+02 8.508995382209999514e-01
3.887553567940000221e+02 8.518529861000000425e-01
3.888564076250000312e+02 8.733099422579999604e-01
3.889574584559999835e+02 9.039837646730000120e-01
3.890585092860000032e+02 9.341297774779999674e-01
3.891595601170000123e+02 9.653930497949999578e-01
3.892606109480000214e+02 9.927573280839999681e-01
3.893616617789999736e+02 9.983595598629999568e-01
3.894627126100000396e+02 9.989406852790000402e-01
3.895637634409999919e+02 9.993255212899999629e-01
3.896648142720000010e+02 9.996111290520000026e-01
3.897658651030000101e+02 9.998249917889999727e-01
3.898669159340000192e+02 9.999784028050000551e-01
3.899679667639999820e+02 9.999816630690000485e-01
3.900690175949999912e+02 9.999839423170000519e-01
3.901700684260000003e+02 9.999855810950000201e-01
3.902711192570000094e+02 9.999886980550000137e-01
3.903721700879999617e+02 9.999918651029999772e-01
3.904732209190000276e+02 9.999947437439999920e-01
3.905742717499999799e+02 9.999973225220000206e-01
3.906753225809999890e+02 9.999996770969999949e-01
3.907763734119999981e+02 1.000000000000000000e+00
3.908774242420000178e+02 1.000000000000000000e+00
3.909784750729999701e+02 1.000000000000000000e+00
3.910795259039999792e+02 1.000000000000000000e+00
3.911805767350000451e+02 1.000000000000000000e+00
3.912816275659999974e+02 1.000000000000000000e+00
3.913826783970000065e+02 1.000000000000000000e+00
3.914837292280000156e+02 1.000000000000000000e+00
3.915847800590000247e+02 1.000000000000000000e+00
3.916858308899999770e+02 1.000000000000000000e+00
3.917868817199999967e+02 1.000000000000000000e+00
3.918879325510000058e+02 1.000000000000000000e+00
3.919889833820000149e+02 1.000000000000000000e+00
3.920900342129999672e+02 1.000000000000000000e+00
3.921910850440000331e+02 1.000000000000000000e+00
3.922921358749999854e+02 1.000000000000000000e+00
3.923931867059999945e+02 1.000000000000000000e+00
3.924942375370000036e+02 1.000000000000000000e+00
3.925952883680000127e+02 1.000000000000000000e+00
3.926963391979999756e+02 1.000000000000000000e+00
3.927973900289999847e+02 1.000000000000000000e+00
3.928984408599999938e+02 1.000000000000000000e+00
3.929994916910000029e+02 1.000000000000000000e+00
3.931005425219999552e+02 1.000000000000000000e+00
3.932015933530000211e+02 1.000000000000000000e+00
3.933026441840000302e+02 1.000000000000000000e+00
3.934036950149999825e+02 1.000000000000000000e+00
3.935047458459999916e+02 1.000000000000000000e+00
3.936057966760000113e+02 1.000000000000000000e+00
3.937068475070000204e+02 1.000000000000000000e+00
3.938078983379999727e+02 1.000000000000000000e+00
3.939089491690000386e+02 1.000000000000000000e+00
3.940099999999999909e+02 1.000000000000000000e+00
