# Wavelength (Nm)     Mean
2.916770000000000209e+02 2.894022800000000117e-01
2.918258885629999781e+02 2.898539604109999779e-01
2.919747771259999922e+02 2.915914121639999745e-01
2.921236656890000063e+02 2.909106581059999752e-01
2.922725542520000204e+02 2.926755933019999922e-01
2.924214428149999776e+02 2.929995051029999908e-01
2.925703313779999917e+02 2.958950194960000002e-01
2.927192199410000057e+02 2.972846253959999796e-01
2.928681085040000198e+02 2.971014972789999820e-01
2.930169970670000339e+02 2.982234061879999731e-01
2.931658856299999911e+02 2.963451892080000150e-01
2.933147741939999946e+02 3.008614595479999765e-01
2.934636627570000087e+02 3.009451739119999858e-01
2.936125513200000228e+02 3.027531909969999879e-01
2.937614398829999800e+02 3.019129914020000083e-01
2.939103284459999941e+02 3.054660225510000271e-01
2.940592170090000081e+02 3.092006863339999967e-01
2.942081055720000222e+02 3.099912653899999926e-01
2.943569941350000363e+02 3.108122827920000164e-01
2.945058826979999935e+02 3.067055419879999856e-01
2.946547712610000076e+02 3.056629028150000260e-01
2.948036598239999648e+02 3.059930736659999817e-01
2.949525483869999789e+02 3.077183788389999952e-01
2.951014369499999930e+02 3.116458021349999830e-01
2.952503255130000070e+02 3.137509371960000015e-01
2.953992140760000211e+02 3.128226179470000035e-01
2.955481026389999784e+02 3.164987949790000199e-01
2.956969912019999924e+02 3.201888114490000214e-01
2.958458797650000065e+02 3.258527305100000215e-01
2.959947683280000206e+02 3.286622212259999731e-01
2.961436568909999778e+02 3.277008085629999901e-01
2.962925454549999813e+02 3.279247365449999840e-01
2.964414340179999954e+02 3.261133004219999854e-01
2.965903225810000094e+02 3.257029927100000277e-01
2.967392111440000235e+02 3.282726174080000114e-01
2.968880997069999808e+02 3.306864761000000152e-01
2.970369882699999948e+02 3.307762109679999729e-01
2.971858768330000089e+02 3.340990483699999847e-01
2.973347653960000230e+02 3.350481113550000112e-01
2.974836539589999802e+02 3.364781889790000036e-01
2.976325425219999943e+02 3.397149306739999930e-01
2.977814310850000084e+02 3.401615548040000103e-01
2.979303196480000224e+02 3.410578069090000053e-01
2.980792082110000365e+02 3.421419313899999870e-01
2.982280967739999937e+02 3.432336656769999772e-01
2.983769853370000078e+02 3.466494113779999831e-01
2.985258738999999650e+02 3.506639172430000007e-01
2.986747624629999791e+02 3.529481930849999727e-01
2.988236510259999932e+02 3.519491660760000196e-01
2.989725395890000073e+02 3.523289349090000244e-01
2.991214281520000213e+02 3.499583868619999816e-01
2.992703167159999680e+02 3.509695126740000060e-01
2.994192052790000389e+02 3.509717092790000104e-01
2.995680938419999961e+02 3.508418499000000024e-01
2.997169824050000102e+02 3.517579440349999920e-01
2.998658709679999674e+02 3.556478458060000070e-01
3.000147595309999815e+02 3.570886159000000171e-01
3.001636480939999956e+02 3.595646161409999930e-01
3.003125366570000097e+02 3.627001284160000227e-01
3.004614252200000237e+02 3.658979378769999791e-01
3.006103137829999810e+02 3.712982180759999973e-01
3.007592023459999950e+02 3.716400582400000152e-01
3.009080909090000091e+02 3.703591187270000029e-01
3.010569794720000232e+02 3.701533310849999814e-01
3.012058680349999804e+02 3.674333760290000028e-01
3.013547565979999945e+02 3.735493252079999937e-01
3.015036451610000086e+02 3.769012890969999918e-01
3.016525337240000226e+02 3.828139703699999785e-01
3.018014222870000367e+02 3.831085776540000265e-01
3.019503108499999939e+02 3.839422045040000175e-01
3.020991994130000080e+02 3.888484938419999870e-01
3.022480879769999547e+02 3.886714264989999945e-01
3.023969765400000256e+02 3.887423832610000241e-01
3.025458651029999828e+02 3.926382625220000144e-01
3.026947536659999969e+02 3.932375881410000162e-01
3.028436422290000110e+02 3.988436692430000208e-01
3.029925307919999682e+02 4.002749975009999850e-01
3.031414193550000391e+02 3.989512638709999948e-01
3.032903079179999963e+02 4.031724206160000046e-01
3.034391964810000104e+02 4.005138168090000006e-01
3.035880850439999676e+02 4.062748027979999899e-01
3.037369736069999817e+02 4.088326886220000067e-01
3.038858621699999958e+02 4.128801882700000037e-01
3.040347507330000099e+02 4.155842967160000012e-01
3.041836392960000239e+02 4.160658659590000252e-01
3.043325278589999812e+02 4.207373892790000069e-01
3.044814164219999952e+02 4.206544243229999869e-01
3.046303049850000093e+02 4.195205855010000207e-01
3.047791935480000234e+02 4.183554261290000076e-01
3.049280821109999806e+02 4.183511643749999731e-01
3.050769706739999947e+02 4.232670926800000122e-01
3.052258592379999982e+02 4.260842944750000139e-01
3.053747478010000123e+02 4.258485987389999949e-01
3.055236363640000263e+02 4.223419800000000057e-01
3.056725249269999836e+02 4.240875079940000236e-01
3.058214134899999976e+02 4.308163805160000193e-01
3.059703020529999549e+02 4.392968470849999973e-01
3.061191906160000258e+02 4.399614672609999944e-01
3.062680791789999830e+02 4.392048604689999802e-01
3.064169677419999971e+02 4.322746521290000143e-01
3.065658563050000112e+02 4.330569510669999844e-01
3.067147448679999684e+02 4.314129362110000199e-01
3.068636334310000393e+02 4.364475790790000032e-01
3.070125219939999965e+02 4.366458523749999765e-01
3.071614105570000106e+02 4.377165807510000062e-01
3.073102991199999678e+02 4.351444577599999919e-01
3.074591876829999819e+02 4.386450231790000043e-01
3.076080762459999960e+02 4.383117319879999974e-01
3.077569648090000101e+02 4.406170845449999818e-01
3.079058533720000241e+02 4.432441188969999946e-01
3.080547419349999814e+02 4.463463645810000213e-01
3.082036304990000417e+02 4.474976850440000042e-01
3.083525190619999989e+02 4.461458143170000112e-01
3.085014076250000130e+02 4.460488746629999723e-01
3.086502961879999702e+02 4.427996489850000161e-01
3.087991847509999843e+02 4.452924089740000202e-01
3.089480733139999984e+02 4.481358216190000077e-01
3.090969618770000125e+02 4.514585457240000155e-01
3.092458504400000265e+02 4.575045037539999804e-01
3.093947390029999838e+02 4.550814463230000162e-01
3.095436275659999978e+02 4.608482970380000099e-01
3.096925161289999551e+02 4.630589840000000068e-01
3.098414046920000260e+02 4.654054401109999906e-01
3.099902932549999832e+02 4.660129556600000056e-01
3.101391818179999973e+02 4.655558245449999966e-01
3.102880703810000114e+02 4.652044586279999727e-01
3.104369589439999686e+02 4.669022069789999785e-01
3.105858475070000395e+02 4.639612145690000244e-01
3.107347360699999967e+02 4.632349260999999996e-01
3.108836246330000108e+02 4.626167611499999999e-01
3.110325131959999680e+02 4.621403306799999888e-01
3.111814017600000284e+02 4.690489858770000020e-01
3.113302903229999856e+02 4.727849325810000169e-01
3.114791788859999997e+02 4.742709359530000168e-01
3.116280674490000138e+02 4.748012110559999832e-01
3.117769560119999710e+02 4.732162586040000174e-01
3.119258445750000419e+02 4.782236402700000277e-01
3.120747331379999991e+02 4.823938017830000091e-01
3.122236217010000132e+02 4.805887507330000030e-01
3.123725102639999704e+02 4.744298839300000181e-01
3.125213988269999845e+02 4.742799200880000177e-01
3.126702873899999986e+02 4.775612500529999860e-01
3.128191759530000127e+02 4.868836531849999871e-01
3.129680645160000267e+02 4.977691090320000011e-01
3.131169530789999840e+02 5.016202004280000404e-01
3.132658416419999980e+02 5.001287866039999530e-01
3.134147302049999553e+02 4.933553117889999950e-01
3.135636187680000262e+02 4.905561662399999800e-01
3.137125073309999834e+02 4.883138421409999874e-01
3.138613958939999975e+02 4.953876325039999751e-01
3.140102844570000116e+02 5.006808316769999490e-01
3.141591730210000151e+02 5.034371905919999834e-01
3.143080615840000291e+02 5.063584670559999612e-01
3.144569501469999864e+02 5.004714802349999880e-01
3.146058387100000004e+02 4.976676963230000084e-01
3.147547272729999577e+02 4.996162730909999850e-01
3.149036158360000286e+02 5.082771683640000537e-01
3.150525043989999858e+02 5.179048995780000109e-01
3.152013929619999999e+02 5.230225937539999537e-01
3.153502815250000140e+02 5.231994843399999651e-01
3.154991700879999712e+02 5.260362581349999900e-01
3.156480586510000421e+02 5.238251331850000136e-01
3.157969472139999993e+02 5.260599257539999574e-01
3.159458357770000134e+02 5.277052206450000282e-01
3.160947243399999707e+02 5.265114361939999821e-01
3.162436129029999847e+02 5.273040393550000315e-01
3.163925014659999988e+02 5.278683251200000370e-01
3.165413900290000129e+02 5.290156401640000450e-01
3.166902785920000269e+02 5.311739788860000422e-01
3.168391671549999842e+02 5.356185439180000118e-01
3.169880557179999983e+02 5.411262673369999776e-01
3.171369442820000017e+02 5.426677418530000407e-01
3.172858328450000158e+02 5.497987086860000039e-01
3.174347214079999731e+02 5.457149045750000482e-01
3.175836099709999871e+02 5.484581144569999900e-01
3.177324985340000012e+02 5.441813109559999750e-01
3.178813870970000153e+02 5.440743268390000331e-01
3.180302756600000293e+02 5.491481652199999841e-01
3.181791642229999866e+02 5.544903883580000192e-01
3.183280527860000007e+02 5.593038529380000012e-01
3.184769413489999579e+02 5.570899830500000149e-01
3.186258299120000288e+02 5.574991447389999744e-01
3.187747184749999860e+02 5.594759747799999960e-01
3.189236070380000001e+02 5.637817053370000053e-01
3.190724956010000142e+02 5.689043416419999888e-01
3.192213841639999714e+02 5.752822546739999598e-01
3.193702727270000423e+02 5.831459572730000041e-01
3.195191612899999996e+02 5.909121634839999970e-01
3.196680498530000136e+02 5.951089474780000277e-01
3.198169384159999709e+02 5.963712237649999581e-01
3.199658269789999849e+02 5.923152182819999556e-01
3.201147155429999884e+02 5.939829214189999984e-01
3.202636041060000025e+02 5.952328552140000451e-01
3.204124926690000166e+02 6.031418840469999765e-01
3.205613812319999738e+02 6.090407176069999595e-01
3.207102697950000447e+02 6.176660231320000305e-01
3.208591583580000020e+02 6.251183073489999797e-01
3.210080469210000160e+02 6.268587286219999832e-01
3.211569354839999733e+02 6.230633738709999703e-01
3.213058240469999873e+02 6.179650871440000026e-01
3.214547126100000014e+02 6.112002959410000047e-01
3.216036011730000155e+02 6.190081527740000089e-01
3.217524897360000296e+02 6.288326774600000446e-01
3.219013782989999868e+02 6.372119737829999853e-01
3.220502668620000009e+02 6.443157074130000384e-01
3.221991554249999581e+02 6.445766820649999618e-01
3.223480439880000290e+02 6.501094815660000137e-01
3.224969325509999862e+02 6.485327041409999493e-01
3.226458211140000003e+02 6.499670239300000540e-01
3.227947096770000144e+02 6.502776956129999730e-01
3.229435982399999716e+02 6.532602609090000234e-01
3.230924868040000320e+02 6.581585549909999555e-01
3.232413753669999892e+02 6.604974742870000082e-01
3.233902639300000033e+02 6.674484113780000394e-01
3.235391524929999605e+02 6.642879593899999602e-01
3.236880410560000314e+02 6.661925571260000067e-01
3.238369296189999886e+02 6.673875943989999726e-01
3.239858181820000027e+02 6.671700094550000459e-01
3.241347067450000168e+02 6.681860318179999592e-01
3.242835953079999740e+02 6.749719104750000476e-01
3.244324838710000449e+02 6.780424909029999503e-01
3.245813724340000022e+02 6.851673788859999892e-01
3.247302609970000162e+02 6.865647974370000517e-01
3.248791495599999735e+02 6.919430378890000233e-01
3.250280381229999875e+02 6.896733792550000519e-01
3.251769266860000016e+02 6.917587340649999916e-01
3.253258152490000157e+02 6.842177786509999748e-01
3.254747038120000298e+02 6.849961316010000356e-01
3.256235923749999870e+02 6.929975345450000157e-01
3.257724809380000011e+02 7.008814047039999551e-01
3.259213695009999583e+02 7.111500245980000301e-01
3.260702580650000186e+02 7.130701567739999858e-01
3.262191466279999759e+02 7.194635911729999611e-01
3.263680351909999899e+02 7.226191792380000090e-01
3.265169237540000040e+02 7.250666063809999562e-01
3.266658123170000181e+02 7.317106002700000111e-01
3.268147008800000322e+02 7.313659812020000262e-01
3.269635894429999894e+02 7.291023011139999843e-01
3.271124780060000035e+02 7.287456137829999570e-01
3.272613665689999607e+02 7.330819958480000453e-01
3.274102551320000316e+02 7.428947506040000093e-01
3.275591436949999888e+02 7.458201363519999516e-01
3.277080322580000029e+02 7.457171136129999711e-01
3.278569208210000170e+02 7.494600090909999679e-01
3.280058093839999742e+02 7.506893848500000299e-01
3.281546979470000451e+02 7.630477619240000342e-01
3.283035865100000024e+02 7.578086836070000443e-01
3.284524750730000164e+02 7.547329853259999721e-01
3.286013636359999737e+02 7.491106372729999796e-01
3.287502521989999877e+02 7.521059333259999535e-01
3.288991407620000018e+02 7.535287923750000338e-01
3.290480293260000053e+02 7.588443015010000181e-01
3.291969178890000194e+02 7.491117628390000505e-01
3.293458064519999766e+02 7.533296716130000181e-01
3.294946950149999907e+02 7.532640537600000519e-01
3.296435835780000048e+02 7.574052835889999447e-01
3.297924721410000188e+02 7.558634650090000351e-01
3.299413607039999761e+02 7.497866738299999723e-01
3.300902492669999901e+02 7.530167302350000424e-01
3.302391378300000042e+02 7.611241968330000329e-01
3.303880263930000183e+02 7.637980292379999980e-01
3.305369149560000324e+02 7.580092447980000259e-01
3.306858035189999896e+02 7.511890921289999801e-01
3.308346920820000037e+02 7.482160185920000428e-01
3.309835806449999609e+02 7.478400996130000200e-01
3.311324692080000318e+02 7.491600873310000352e-01
3.312813577709999890e+02 7.497144383989999827e-01
3.314302463340000031e+02 7.492567790619999446e-01
3.315791348970000172e+02 7.507718466570000304e-01
3.317280234599999744e+02 7.525040292669999964e-01
3.318769120230000453e+02 7.554644661060000432e-01
3.320258005869999920e+02 7.617848837299999731e-01
3.321746891500000061e+02 7.662822779529999684e-01
3.323235777129999633e+02 7.650779828739999733e-01
3.324724662759999774e+02 7.688039828680000021e-01
3.326213548389999914e+02 7.690746996130000124e-01
3.327702434020000055e+02 7.671727403870000073e-01
3.329191319650000196e+02 7.641183474020000199e-01
3.330680205279999768e+02 7.679357361580000374e-01
3.332169090909999909e+02 7.698062436360000316e-01
3.333657976540000050e+02 7.712565713960000124e-01
3.335146862170000190e+02 7.714034841879999771e-01
3.336635747799999763e+02 7.692298188799999714e-01
3.338124633429999903e+02 7.750792553669999529e-01
3.339613519060000044e+02 7.753041706390000343e-01
3.341102404690000185e+02 7.695334929270000179e-01
3.342591290320000326e+02 7.647293417420000239e-01
3.344080175949999898e+02 7.635723759179999792e-01
3.345569061580000039e+02 7.657343121990000112e-01
3.347057947209999611e+02 7.705556832729999472e-01
3.348546832840000320e+02 7.719690666799999823e-01
3.350035718479999787e+02 7.796929799409999529e-01
3.351524604109999927e+02 7.831336536599999842e-01
3.353013489740000068e+02 7.879015279180000553e-01
3.354502375370000209e+02 7.818314263929999619e-01
3.355991261000000350e+02 7.788769733139999651e-01
3.357480146629999922e+02 7.727293184050000319e-01
3.358969032260000063e+02 7.736538423230000516e-01
3.360457917889999635e+02 7.716052877129999654e-01
3.361946803519999776e+02 7.762271432139999927e-01
3.363435689149999916e+02 7.759252218419999680e-01
3.364924574780000057e+02 7.731811842350000408e-01
3.366413460410000198e+02 7.790771631670000419e-01
3.367902346039999770e+02 7.821101266279999464e-01
3.369391231669999911e+02 7.890544152670000422e-01
3.370880117300000052e+02 7.889437838480000131e-01
3.372369002930000192e+02 7.825229897650000099e-01
3.373857888559999765e+02 7.818673740179999943e-01
3.375346774189999906e+02 7.877903422580000425e-01
3.376835659820000046e+02 7.948869547210000164e-01
3.378324545450000187e+02 8.033089990909999534e-01
3.379813431090000222e+02 8.040269413720000369e-01
3.381302316719999794e+02 8.076267503809999582e-01
3.382791202349999935e+02 8.065158903229999732e-01
3.384280087980000076e+02 8.083113552080000153e-01
3.385768973610000216e+02 8.082405197069999492e-01
3.387257859239999789e+02 8.014031281819999908e-01
3.388746744869999930e+02 7.977898130089999817e-01
3.390235630500000070e+02 7.824330561000000239e-01
3.391724516130000211e+02 7.808165347100000098e-01
3.393213401760000352e+02 7.781797461820000317e-01
3.394702287389999924e+02 7.793762539470000528e-01
3.396191173020000065e+02 7.775375440649999748e-01
3.397680058649999637e+02 7.726102570089999899e-01
3.399168944279999778e+02 7.743287795479999458e-01
3.400657829909999919e+02 7.856639711789999980e-01
3.402146715540000059e+02 7.970038629619999870e-01
3.403635601170000200e+02 7.976077616540000470e-01
3.405124486799999772e+02 7.931610853670000294e-01
3.406613372429999913e+02 7.909722107450000150e-01
3.408102258060000054e+02 7.907666560649999621e-01
3.409591143700000089e+02 7.916361828269999901e-01
3.411080029329999661e+02 7.879165696480000536e-01
3.412568914959999802e+02 7.876563580059999792e-01
3.414057800589999943e+02 7.874625394549999990e-01
3.415546686220000083e+02 7.851083626389999681e-01
3.417035571850000224e+02 7.787025551670000434e-01
3.418524457479999796e+02 7.852034179710000172e-01
3.420013343109999937e+02 7.927784742819999897e-01
3.421502228740000078e+02 8.050554509439999951e-01
3.422991114370000219e+02 8.124307128619999707e-01
3.424479999999999791e+02 8.140173440000000316e-01
3.425968885629999932e+02 8.141934707450000364e-01
3.427457771260000072e+02 8.132036015250000416e-01
3.428946656890000213e+02 8.123066896299999673e-01
3.430435542520000354e+02 8.117558399880000497e-01
3.431924428149999926e+02 8.053998195249999492e-01
3.433413313780000067e+02 7.996924215840000016e-01
3.434902199409999639e+02 7.973400533140000412e-01
3.436391085039999780e+02 8.028103535949999703e-01
3.437879970669999921e+02 8.103680034489999517e-01
3.439368856300000061e+02 8.190677632839999944e-01
3.440857741940000096e+02 8.206071963230000543e-01
3.442346627569999669e+02 8.139131910260000158e-01
3.443835513200000378e+02 8.035058329269999522e-01
3.445324398829999950e+02 8.047153265569999547e-01
3.446813284460000091e+02 8.033149059240000112e-01
3.448302170089999663e+02 8.052441163169999916e-01
3.449791055719999804e+02 8.076604140180000391e-01
3.451279941349999945e+02 8.129386542049999997e-01
3.452768826980000085e+02 8.180873419180000328e-01
3.454257712610000226e+02 8.100807733610000394e-01
3.455746598239999798e+02 8.057817948559999888e-01
3.457235483869999939e+02 8.032802187099999935e-01
3.458724369500000080e+02 8.024553634959999959e-01
3.460213255130000221e+02 8.008822241290000088e-01
3.461702140759999793e+02 8.027356364629999463e-01
3.463191026389999934e+02 8.122918758589999788e-01
3.464679912020000074e+02 8.092181643700000482e-01
3.466168797650000215e+02 8.105342253720000389e-01
3.467657683280000356e+02 8.061786236660000160e-01
3.469146568909999928e+02 8.062221577949999496e-01
3.470635454549999963e+02 8.075479176359999789e-01
3.472124340180000104e+02 7.991332299119999760e-01
3.473613225810000245e+02 8.042191893550000303e-01
3.475102111439999817e+02 8.038575778300000030e-01
3.476590997069999958e+02 8.091730690149999683e-01
3.478079882700000098e+02 8.111274053260000283e-01
3.479568768329999671e+02 8.070927664220000075e-01
3.481057653960000380e+02 8.056412565510000512e-01
3.482546539589999952e+02 8.019557048150000034e-01
3.484035425220000093e+02 7.965047536070000156e-01
3.485524310849999665e+02 7.909313169330000060e-01
3.487013196479999806e+02 7.914645160119999634e-01
3.488502082109999947e+02 8.015071579410000258e-01
3.489990967740000087e+02 8.034882984519999827e-01
3.491479853370000228e+02 8.019196685920000345e-01
3.492968738999999800e+02 7.981019645750000446e-01
3.494457624629999941e+02 7.970618521410000046e-01
3.495946510260000082e+02 7.991436276479999545e-01
3.497435395890000223e+02 8.024584265449999920e-01
3.498924281519999795e+02 8.008917003279999447e-01
3.500413167159999830e+02 8.146506115780000057e-01
3.501902052789999971e+02 8.272518825810000198e-01
3.503390938420000111e+02 8.402219222169999835e-01
3.504879824050000252e+02 8.485958082110000023e-01
3.506368709679999824e+02 8.429142145810000208e-01
3.507857595309999965e+02 8.433721065810000361e-01
3.509346480940000106e+02 8.335734459820000053e-01
3.510835366570000247e+02 8.295385665219999760e-01
3.512324252199999819e+02 8.295896925160000102e-01
3.513813137829999960e+02 8.294452231790000463e-01
3.515302023460000100e+02 8.310931604339999446e-01
3.516790909089999673e+02 8.316835818179999507e-01
3.518279794720000382e+02 8.403696275430000417e-01
3.519768680349999954e+02 8.421471515780000194e-01
3.521257565980000095e+02 8.441420406799999832e-01
3.522746451609999667e+02 8.376346443869999714e-01
3.524235337239999808e+02 8.315172396190000370e-01
3.525724222869999949e+02 8.250736360349999465e-01
3.527213108500000089e+02 8.203620606389999681e-01
3.528701994130000230e+02 8.187016843279999456e-01
3.530190879769999697e+02 8.232490844630000471e-01
3.531679765400000406e+02 8.256560086799999976e-01
3.533168651029999978e+02 8.336305892840000231e-01
3.534657536660000119e+02 8.333806689849999616e-01
3.536146422289999691e+02 8.338360083110000209e-01
3.537635307919999832e+02 8.349535679530000198e-01
3.539124193549999973e+02 8.330337006450000414e-01
3.540613079180000113e+02 8.291795951670000164e-01
3.542101964810000254e+02 8.246872613610000124e-01
3.543590850439999826e+02 8.251098314489999641e-01
3.545079736069999967e+02 8.278913998710000222e-01
3.546568621700000108e+02 8.311567122580000300e-01
3.548057507330000249e+02 8.304738022869999625e-01
3.549546392959999821e+02 8.308863562229999999e-01
3.551035278589999962e+02 8.340780481520000400e-01
3.552524164220000102e+02 8.400272919650000336e-01
3.554013049849999675e+02 8.394142862169999830e-01
3.555501935480000384e+02 8.389147171609999676e-01
3.556990821109999956e+02 8.299788394489999721e-01
3.558479706740000097e+02 8.214390037069999595e-01
3.559968592379999563e+02 8.160727277420000148e-01
3.561457478010000273e+02 8.133706086219999465e-01
3.562946363639999845e+02 8.157223565450000269e-01
3.564435249269999986e+02 8.237254423809999837e-01
3.565924134900000126e+02 8.331718401169999622e-01
3.567413020529999699e+02 8.389837668270000437e-01
3.568901906160000408e+02 8.383633696190000428e-01
3.570390791789999980e+02 8.332707864399999664e-01
3.571879677420000121e+02 8.321370206449999474e-01
3.573368563049999693e+02 8.286059691610000444e-01
3.574857448679999834e+02 8.322069487979999458e-01
3.576346334309999975e+02 8.227849123170000167e-01
3.577835219940000115e+02 8.163215636010000553e-01
3.579324105570000256e+02 8.166934762109999690e-01
3.580812991199999828e+02 8.189133731090000312e-01
3.582301876829999969e+02 8.242345189440000164e-01
3.583790762460000110e+02 8.159105557179999746e-01
3.585279648090000251e+02 8.054043547329999830e-01
3.586768533719999823e+02 8.066601922170000272e-01
3.588257419349999964e+02 8.097108460649999895e-01
3.589746304989999999e+02 8.188268722460000371e-01
3.591235190620000139e+02 8.234009147799999928e-01
3.592724076250000280e+02 8.240853078480000482e-01
3.594212961879999852e+02 8.195668443400000447e-01
3.595701847509999993e+02 8.150159327920000196e-01
3.597190733139999566e+02 8.171729560229999967e-01
3.598679618770000275e+02 8.164512996480000062e-01
3.600168504399999847e+02 8.137057919769999925e-01
3.601657390029999988e+02 8.096144714249999819e-01
3.603146275660000128e+02 8.127209477889999478e-01
3.604635161289999701e+02 8.179422765160000441e-01
3.606124046920000410e+02 8.229786870969999502e-01
3.607612932549999982e+02 8.224278786690000231e-01
3.609101818180000123e+02 8.137177756360000069e-01
3.610590703809999695e+02 8.080143367450000058e-01
3.612079589439999836e+02 8.055399326690000361e-01
3.613568475069999977e+02 8.062478365399999847e-01
3.615057360700000118e+02 8.126936695719999548e-01
3.616546246330000258e+02 8.142093745039999941e-01
3.618035131959999831e+02 8.154024661109999794e-01
3.619524017600000434e+02 8.158685102820000257e-01
3.621012903230000006e+02 8.086192225810000522e-01
3.622501788860000147e+02 8.121932167269999558e-01
3.623990674489999719e+02 8.122797880700000084e-01
3.625479560119999860e+02 8.181660274080000406e-01
3.626968445750000001e+02 8.188156387570000305e-01
3.628457331380000142e+02 8.172438166280000527e-01
3.629946217010000282e+02 8.119225791549999904e-01
3.631435102639999855e+02 8.081139261880000424e-01
3.632923988269999995e+02 8.032873910029999509e-01
3.634412873899999568e+02 8.021532219410000275e-01
3.635901759530000277e+02 8.011390184159999928e-01
3.637390645159999849e+02 8.057070369030000512e-01
3.638879530789999990e+02 8.093354728449999591e-01
3.640368416420000131e+02 8.152135768149999517e-01
3.641857302049999703e+02 8.144397561759999515e-01
3.643346187680000412e+02 8.118808015249999732e-01
3.644835073309999984e+02 8.099141978060000469e-01
3.646323958940000125e+02 8.062574887679999636e-01
3.647812844569999697e+02 8.079502753080000099e-01
3.649301730210000301e+02 8.112081944929999677e-01
3.650790615839999873e+02 8.159244045750000396e-01
3.652279501470000014e+02 8.215303983870000382e-01
3.653768387100000155e+02 8.246289175480000511e-01
3.655257272729999727e+02 8.249093803639999667e-01
3.656746158360000436e+02 8.161479361169999835e-01
3.658235043990000008e+02 8.054064917600000095e-01
3.659723929620000149e+02 8.043354933840000109e-01
3.661212815249999721e+02 8.073642060350000316e-01
3.662701700879999862e+02 8.152035292789999721e-01
3.664190586510000003e+02 8.137264499820000552e-01
3.665679472140000144e+02 8.033349911439999769e-01
3.667168357770000284e+02 8.007978217479999605e-01
3.668657243399999857e+02 7.989621090209999554e-01
3.670146129029999997e+02 8.025133385160000410e-01
3.671635014659999570e+02 8.052442497949999778e-01
3.673123900290000279e+02 7.987320031669999931e-01
3.674612785919999851e+02 8.013300346980000155e-01
3.676101671549999992e+02 7.981670766159999486e-01
3.677590557180000133e+02 8.039084799650000335e-01
3.679079442820000168e+02 8.084032509849999881e-01
3.680568328450000308e+02 8.113288998240000272e-01
3.682057214079999881e+02 8.078717002519999468e-01
3.683546099710000021e+02 8.056983376299999833e-01
3.685034985339999594e+02 8.053096393309999712e-01
3.686523870970000303e+02 8.023222716129999599e-01
3.688012756599999875e+02 8.022073118770000066e-01
3.689501642230000016e+02 8.047574860289999910e-01
3.690990527860000157e+02 8.177492402760000445e-01
3.692479413489999729e+02 8.359533271079999661e-01
3.693968299120000438e+02 8.599896972489999847e-01
3.695457184750000010e+02 8.760508426390000158e-01
3.696946070380000151e+02 8.743725647860000061e-01
3.698434956009999723e+02 8.735367306739999504e-01
3.699923841639999864e+02 8.695079019410000276e-01
3.701412727270000005e+02 8.716778941820000348e-01
3.702901612900000146e+02 8.732213309680000313e-01
3.704390498530000286e+02 8.759721882230000478e-01
3.705879384159999859e+02 8.757084536539999631e-01
3.707368269789999999e+02 8.741615576069999838e-01
3.708857155430000034e+02 8.779884194310000334e-01
3.710346041060000175e+02 8.804535594719999914e-01
3.711834926689999747e+02 8.863117188739999541e-01
3.713323812319999888e+02 8.816295370910000040e-01
3.714812697950000029e+02 8.729220309620000506e-01
3.716301583580000170e+02 8.677943547209999720e-01
3.717790469210000310e+02 8.643912343990000080e-01
3.719279354839999883e+02 8.668204099349999803e-01
3.720768240470000023e+02 8.693697368089999822e-01
3.722257126099999596e+02 8.664739272960000349e-01
3.723746011730000305e+02 8.637114476420000297e-01
3.725234897359999877e+02 8.637690413490000108e-01
3.726723782990000018e+02 8.655443481879999679e-01
3.728212668620000159e+02 8.616350875430000000e-01
3.729701554249999731e+02 8.605726894190000031e-01
3.731190439880000440e+02 8.583207320000000307e-01
3.732679325510000012e+02 8.621073313779999969e-01
3.734168211140000153e+02 8.679453097599999500e-01
3.735657096769999725e+02 8.633366347099999949e-01
3.737145982399999866e+02 8.595495667570000053e-01
3.738634868039999901e+02 8.527718318650000517e-01
3.740123753670000042e+02 8.542909686799999847e-01
3.741612639300000183e+02 8.540688843989999723e-01
3.743101524929999755e+02 8.552686173019999893e-01
3.744590410559999896e+02 8.564346964279999641e-01
3.746079296190000036e+02 8.614772454779999755e-01
3.747568181820000177e+02 8.670657909090000448e-01
3.749057067449999749e+02 8.712207537599999663e-01
3.750545953079999890e+02 8.704549596770000397e-01
3.752034838710000031e+02 8.708398541940000070e-01
3.753523724340000172e+02 8.689104564280000220e-01
3.755012609970000312e+02 8.677130931380000467e-01
3.756501495599999885e+02 8.727147330910000056e-01
3.757990381230000025e+02 8.799261004220000348e-01
3.759479266859999598e+02 8.847211896479999504e-01
3.760968152490000307e+02 8.824046630849999850e-01
3.762457038119999879e+02 8.753785347800000505e-01
3.763945923750000020e+02 8.625264840120000498e-01
3.765434809380000161e+02 8.558432398530000373e-01
3.766923695009999733e+02 8.537120507209999820e-01
3.768412580650000336e+02 8.569499255479999800e-01
3.769901466279999909e+02 8.594448300879999891e-01
3.771390351910000049e+02 8.584343773489999663e-01
3.772879237539999622e+02 8.531957690210000278e-01
3.774368123170000331e+02 8.535582852490000150e-01
3.775857008799999903e+02 8.604249801640000417e-01
3.777345894430000044e+02 8.640131412610000394e-01
3.778834780060000185e+02 8.636065661470000432e-01
3.780323665689999757e+02 8.631006589209999635e-01
3.781812551319999898e+02 8.727959884929999967e-01
3.783301436950000038e+02 8.753987945100000223e-01
3.784790322580000179e+02 8.727167251609999621e-01
3.786279208209999751e+02 8.664251792260000418e-01
3.787768093839999892e+02 8.655891102989999863e-01
3.789256979470000033e+02 8.641021574310000508e-01
3.790745865100000174e+02 8.654457985689999466e-01
3.792234750730000314e+02 8.641527785629999903e-01
3.793723636359999887e+02 8.640333596360000312e-01
3.795212521990000027e+02 8.651470142760000481e-01
3.796701407619999600e+02 8.690854936420000509e-01
3.798190293260000203e+02 8.691957392789999570e-01
3.799679178889999775e+02 8.669021062759999507e-01
3.801168064519999916e+02 8.607309498709999618e-01
3.802656950150000057e+02 8.525392292900000335e-01
3.804145835780000198e+02 8.565075219179999477e-01
3.805634721410000338e+02 8.575753166799999772e-01
3.807123607039999911e+02 8.638994573310000424e-01
3.808612492670000051e+02 8.599342510030000275e-01
3.810101378299999624e+02 8.628609839059999675e-01
3.811590263930000333e+02 8.582478828859999576e-01
3.813079149559999905e+02 8.659995632320000025e-01
3.814568035190000046e+02 8.702661327270000413e-01
3.816056920820000187e+02 8.744025791380000134e-01
3.817545806449999759e+02 8.778230442579999515e-01
3.819034692079999900e+02 8.708176171849999481e-01
3.820523577710000040e+02 8.683000541469999556e-01
3.822012463340000181e+02 8.589277999709999944e-01
3.823501348969999754e+02 8.585440859709999595e-01
3.824990234599999894e+02 8.582266642579999827e-01
3.826479120230000035e+02 8.640769176300000520e-01
3.827968005870000070e+02 8.649875837299999537e-01
3.829456891500000211e+02 8.614970109089999939e-01
3.830945777129999783e+02 8.577015333140000086e-01
3.832434662759999924e+02 8.568479529500000469e-01
3.833923548390000065e+02 8.572282755479999627e-01
3.835412434020000205e+02 8.592161403520000018e-01
3.836901319649999778e+02 8.580030051029999827e-01
3.838390205279999918e+02 8.548404010910000128e-01
3.839879090910000059e+02 8.573147374549999755e-01
3.841367976540000200e+02 8.525717192020000335e-01
3.842856862170000340e+02 8.542438867620000265e-01
3.844345747799999913e+02 8.548854973609999464e-01
3.845834633430000054e+02 8.581567917360000131e-01
3.847323519059999626e+02 8.608984533489999480e-01
3.848812404690000335e+02 8.600853794130000063e-01
3.850301290319999907e+02 8.591824289030000061e-01
3.851790175950000048e+02 8.575677702049999684e-01
3.853279061580000189e+02 8.562572231320000338e-01
3.854767947209999761e+02 8.526543391549999962e-01
3.856256832839999902e+02 8.490936375009999759e-01
3.857745718479999937e+02 8.498242650259999476e-01
3.859234604110000078e+02 8.548614720230000019e-01
3.860723489739999650e+02 8.582122498830000445e-01
3.862212375369999791e+02 8.600546226280000317e-01
3.863701260999999931e+02 8.539979627679999963e-01
3.865190146630000072e+02 8.512599140650000118e-01
3.866679032260000213e+02 8.474131241939999448e-01
3.868167917889999785e+02 8.497605932789999983e-01
3.869656803519999926e+02 8.556989251959999931e-01
3.871145689150000067e+02 8.593085342399999771e-01
3.872634574780000207e+02 8.656644709909999680e-01
3.874123460409999780e+02 8.573342836359999497e-01
3.875612346039999920e+02 8.533151170670000285e-01
3.877101231670000061e+02 8.525116175600000457e-01
3.878590117300000202e+02 8.529549436359999959e-01
3.880079002930000343e+02 8.601120403169999484e-01
3.881567888559999915e+02 8.578658940760000018e-01
3.883056774190000056e+02 8.560252149679999922e-01
3.884545659819999628e+02 8.510104226860000232e-01
3.886034545450000337e+02 8.477153218180000227e-01
3.887523431089999804e+02 8.441105656890000031e-01
3.889012316719999944e+02 8.489244445160000208e-01
3.890501202350000085e+02 8.480707464400000228e-01
3.891990087980000226e+02 8.482166617709999690e-01
3.893478973610000367e+02 8.483524136360000023e-01
3.894967859239999939e+02 8.461056022289999978e-01
3.896456744870000080e+02 8.482531544570000026e-01
3.897945630499999652e+02 8.481252241169999762e-01
3.899434516129999793e+02 8.457351864519999651e-01
3.900923401759999933e+02 8.427601777130000471e-01
3.902412287390000074e+02 8.417702791729999579e-01
3.903901173020000215e+02 8.512196076829999791e-01
3.905390058649999787e+02 8.569710287270000393e-01
3.906878944279999928e+02 8.641971692200000055e-01
3.908367829910000069e+02 8.583086848209999786e-01
3.909856715540000209e+02 8.526972332200000171e-01
3.911345601169999782e+02 8.459633300879999540e-01
3.912834486799999922e+02 8.460440291499999876e-01
3.914323372430000063e+02 8.469129703229999473e-01
3.915812258060000204e+02 8.539961598709999713e-01
3.917301143700000239e+02 8.505810934430000358e-01
3.918790029329999811e+02 8.524783970670000155e-01
3.920278914959999952e+02 8.526575902869999446e-01
3.921767800590000093e+02 8.512345724569999605e-01
3.923256686220000233e+02 8.488286163339999746e-01
3.924745571849999806e+02 8.485399973020000264e-01
3.926234457479999946e+02 8.508637940759999907e-01
3.927723343110000087e+02 8.533659069790000551e-01
3.929212228739999659e+02 8.483436096359999734e-01
3.930701114370000369e+02 8.447426575369999524e-01
3.932189999999999941e+02 8.455993419999999761e-01
3.933678885630000082e+02 8.487741948970000117e-01
3.935167771259999654e+02 8.495183662819999482e-01
3.936656656889999795e+02 8.450058509790000505e-01
3.938145542519999935e+02 8.391833605920000494e-01
3.939634428150000076e+02 8.411512758360000230e-01
3.941123313780000217e+02 8.422710075070000135e-01
3.942612199409999789e+02 8.427246458770000226e-01
3.944101085039999930e+02 8.451543171440000224e-01
3.945589970670000071e+02 8.476457244339999919e-01
3.947078856300000211e+02 8.521840441410000189e-01
3.948567741939999678e+02 8.563939974190000193e-01
3.950056627569999819e+02 8.519946099709999610e-01
3.951545513199999959e+02 8.474863612899999898e-01
3.953034398830000100e+02 8.435079092020000280e-01
3.954523284460000241e+02 8.420123931380000259e-01
3.956012170089999813e+02 8.404030430790000450e-01
3.957501055719999954e+02 8.418814984750000452e-01
3.958989941350000095e+02 8.453498144400000136e-01
3.960478826980000235e+02 8.437005729740000293e-01
3.961967712609999808e+02 8.421610144279999544e-01
3.963456598239999948e+02 8.387091846330000378e-01
3.964945483870000089e+02 8.399233739999999449e-01
3.966434369499999661e+02 8.453095262290000189e-01
3.967923255130000371e+02 8.457789836829999741e-01
3.969412140759999943e+02 8.499653074020000476e-01
3.970901026390000084e+02 8.477026346329999962e-01
3.972389912019999656e+02 8.439697426629999555e-01
3.973878797649999797e+02 8.394193790030000102e-01
3.975367683279999937e+02 8.370112553549999834e-01
3.976856568910000078e+02 8.394629268269999667e-01
3.978345454550000113e+02 8.431866272729999778e-01
3.979834340179999685e+02 8.401568110620000196e-01
3.981323225810000395e+02 8.366571176770000173e-01
3.982812111439999967e+02 8.294094168560000035e-01
3.984300997070000108e+02 8.282201695249999940e-01
3.985789882699999680e+02 8.277117992379999789e-01
3.987278768329999821e+02 8.325593645750000160e-01
3.988767653959999961e+02 8.296451698010000042e-01
3.990256539590000102e+02 8.328275371379999514e-01
3.991745425220000243e+02 8.241460933780000442e-01
3.993234310849999815e+02 8.312734219349999787e-01
3.994723196479999956e+02 8.340026119710000074e-01
3.996212082110000097e+02 8.385020334310000489e-01
3.997700967740000237e+02 8.403649410969999956e-01
3.999189853369999810e+02 8.399912561169999847e-01
4.000678738999999950e+02 8.332197458940000523e-01
4.002167624630000091e+02 8.363036535840000507e-01
4.003656510259999664e+02 8.366324356830000530e-01
4.005145395890000373e+02 8.441369505339999524e-01
4.006634281519999945e+02 8.483546861409999584e-01
4.008123167159999980e+02 8.481447416420000440e-01
4.009612052789999552e+02 8.471178303930000375e-01
4.011100938420000261e+02 8.421431787569999550e-01
4.012589824049999834e+02 8.432953801110000258e-01
4.014078709679999974e+02 8.373543250320000242e-01
4.015567595310000115e+02 8.381547569210000548e-01
4.017056480939999688e+02 8.355882255840000328e-01
4.018545366570000397e+02 8.292229715190000405e-01
4.020034252199999969e+02 8.282464248330000389e-01
4.021523137830000110e+02 8.281183339880000549e-01
4.023012023459999682e+02 8.347121423459999967e-01
4.024500909089999823e+02 8.277717907270000230e-01
4.025989794719999963e+02 8.216280252550000052e-01
4.027478680350000104e+02 8.119487340650000107e-01
4.028967565980000245e+02 8.235493168330000335e-01
4.030456451609999817e+02 8.323426619349999500e-01
4.031945337239999958e+02 8.435808749330000467e-01
4.033434222870000099e+02 8.413284442990000001e-01
4.034923108500000239e+02 8.404290771500000368e-01
4.036411994129999812e+02 8.402916681059999782e-01
4.037900879769999847e+02 8.411150894429999525e-01
4.039389765399999987e+02 8.405370011030000033e-01
4.040878651030000128e+02 8.399789141469999887e-01
4.042367536660000269e+02 8.391888712199999656e-01
4.043856422289999841e+02 8.354195476719999958e-01
4.045345307919999982e+02 8.313415411440000513e-01
4.046834193549999554e+02 8.252295807739999933e-01
4.048323079180000263e+02 8.224586072670000414e-01
4.049811964809999836e+02 8.196650223460000273e-01
4.051300850439999977e+02 8.175784168680000352e-01
4.052789736070000117e+02 8.242927987679999902e-01
4.054278621699999690e+02 8.243155227159999487e-01
4.055767507330000399e+02 8.360188028620000322e-01
4.057256392959999971e+02 8.407030406509999887e-01
4.058745278590000112e+02 8.408699302519999641e-01
4.060234164219999684e+02 8.381725387680000194e-01
4.061723049849999825e+02 8.375518323399999687e-01
4.063211935479999966e+02 8.318765083870000021e-01
4.064700821110000106e+02 8.342071825450000366e-01
4.066189706740000247e+02 8.282917402639999871e-01
4.067678592379999714e+02 8.270230801760000139e-01
4.069167478010000423e+02 8.223581965749999778e-01
4.070656363639999995e+02 8.231236549089999688e-01
4.072145249270000136e+02 8.208939765749999617e-01
4.073634134899999708e+02 8.242736164110000541e-01
4.075123020529999849e+02 8.283676643990000033e-01
4.076611906159999990e+02 8.356345411500000209e-01
4.078100791790000130e+02 8.384408831849999855e-01
4.079589677420000271e+02 8.337924135480000443e-01
4.081078563049999843e+02 8.204930206920000302e-01
4.082567448679999984e+02 8.201606160119999656e-01
4.084056334309999556e+02 8.243252041640000138e-01
4.085545219940000266e+02 8.320089945219999450e-01
4.087034105569999838e+02 8.341894817949999652e-01
4.088522991199999979e+02 8.356668650090000039e-01
4.090011876830000119e+02 8.356821312019999670e-01
4.091500762459999692e+02 8.421300095949999509e-01
4.092989648090000401e+02 8.390486659239999589e-01
4.094478533719999973e+02 8.355878849500000261e-01
4.095967419350000114e+02 8.311317222580000275e-01
4.097456304989999580e+02 8.334159156010000347e-01
4.098945190620000290e+02 8.319676074549999800e-01
4.100434076249999862e+02 8.270516944629999756e-01
4.101922961880000003e+02 8.237390688390000548e-01
4.103411847510000143e+02 8.273388861699999541e-01
4.104900733139999716e+02 8.356718969499999927e-01
4.106389618770000425e+02 8.376845415370000048e-01
4.107878504399999429e+02 8.333138887680000551e-01
4.109367390030000138e+02 8.334234673549999473e-01
4.110856275660000279e+02 8.265651404049999540e-01
4.112345161289999851e+02 8.291636445159999980e-01
4.113834046919999992e+02 8.278471261880000487e-01
4.115322932549999564e+02 8.175229664990000256e-01
4.116811818180000273e+02 8.155451276359999557e-01
4.118300703810000414e+02 8.139577998239999612e-01
4.119789589439999986e+02 8.180355941639999573e-01
4.121278475070000127e+02 8.264940925870000177e-01
4.122767360699999699e+02 8.231782267160000499e-01
4.124256246329999840e+02 8.333001886799999980e-01
4.125745131960000549e+02 8.389939212550000525e-01
4.127234017600000016e+02 8.393812382990000209e-01
4.128722903230000156e+02 8.251528248389999876e-01
4.130211788859999729e+02 8.146362923750000151e-01
4.131700674489999869e+02 8.097221712200000088e-01
4.133189560120000579e+02 8.089926923050000385e-01
4.134678445749999582e+02 8.159055858360000357e-01
4.136167331380000292e+02 8.109794592489999454e-01
4.137656217009999864e+02 8.073449858179999605e-01
4.139145102640000005e+02 8.109202194960000165e-01
4.140633988270000145e+02 8.151633592020000041e-01
4.142122873899999718e+02 8.247367293259999510e-01
4.143611759530000427e+02 8.244128306389999494e-01
4.145100645159999431e+02 8.286407550969999702e-01
4.146589530790000140e+02 8.257246298999999512e-01
4.148078416420000281e+02 8.270816273669999719e-01
4.149567302049999853e+02 8.186932811439999735e-01
4.151056187679999994e+02 8.182977076130000249e-01
4.152545073309999566e+02 8.208853446449999591e-01
4.154033958940000275e+02 8.306612968800000107e-01
4.155522844570000416e+02 8.308102166449999881e-01
4.157011730209999882e+02 8.316064243399999834e-01
4.158500615840000023e+02 8.265074142349999597e-01
4.159989501469999595e+02 8.187762327269999529e-01
4.161478387099999736e+02 8.142919904519999585e-01
4.162967272730000445e+02 8.142351316360000313e-01
4.164456158360000018e+02 8.162883202049999731e-01
4.165945043990000158e+02 8.219438689269999987e-01
4.167433929619999731e+02 8.203203803749999912e-01
4.168922815249999871e+02 8.265222880350000523e-01
4.170411700880000581e+02 8.331155514960000286e-01
4.171900586509999584e+02 8.396324574189999446e-01
4.173389472140000294e+02 8.385421919819999736e-01
4.174878357769999866e+02 8.266155228270000155e-01
4.176367243400000007e+02 8.220365848149999710e-01
4.177856129030000147e+02 8.133709908389999965e-01
4.179345014659999720e+02 8.122827933720000448e-01
4.180833900290000429e+02 8.062183574660000129e-01
4.182322785919999433e+02 8.054267021230000489e-01
4.183811671550000142e+02 8.075515012899999734e-01
4.185300557180000283e+02 8.093452619240000256e-01
4.186789442819999749e+02 8.155927707919999881e-01
4.188278328449999890e+02 8.186332008090000389e-01
4.189767214079999462e+02 8.231999593080000510e-01
4.191256099710000171e+02 8.234644699240000199e-01
4.192744985340000312e+02 8.194796868620000119e-01
4.194233870969999884e+02 8.113985825809999497e-01
4.195722756600000025e+02 8.077197290209999769e-01
4.197211642229999597e+02 8.071238355840000267e-01
4.198700527859999738e+02 8.100370086329999886e-01
4.200189413490000447e+02 8.097129323170000337e-01
4.201678299120000020e+02 8.189374367159999446e-01
4.203167184750000160e+02 8.214431937539999895e-01
4.204656070379999733e+02 8.208272922460000398e-01
4.206144956009999873e+02 8.148788297889999477e-01
4.207633841640000583e+02 8.102141440119999816e-01
4.209122727269999586e+02 8.103324381819999589e-01
4.210611612900000296e+02 8.151133032259999522e-01
4.212100498529999868e+02 8.202872657769999520e-01
4.213589384160000009e+02 8.195335746630000306e-01
4.215078269790000149e+02 8.197522711089999525e-01
4.216567155429999616e+02 8.149143194129999657e-01
4.218056041060000325e+02 8.177008018239999565e-01
4.219544926689999329e+02 8.172669475889999813e-01
4.221033812320000038e+02 8.132849700650000013e-01
4.222522697950000179e+02 8.135348962459999500e-01
4.224011583579999751e+02 8.165611765689999579e-01
4.225500469209999892e+02 8.215599690439999714e-01
4.226989354839999464e+02 8.289099987739999564e-01
4.228478240470000173e+02 8.320450121639999530e-01
4.229967126100000314e+02 8.323873580699999719e-01
4.231456011729999886e+02 8.277037571259999726e-01
4.232944897360000027e+02 8.254578624399999676e-01
4.234433782989999600e+02 8.179128019939999605e-01
4.235922668619999740e+02 8.108573072610000265e-01
4.237411554250000449e+02 8.013102159299999583e-01
4.238900439880000022e+02 7.923366456889999743e-01
4.240389325510000162e+02 7.870064312490000491e-01
4.241878211139999735e+02 7.899523962290000423e-01
4.243367096769999876e+02 7.962045939349999824e-01
4.244855982400000585e+02 8.006895234780000425e-01
4.246344868039999483e+02 8.030398513780000469e-01
4.247833753670000192e+02 8.009788124569999779e-01
4.249322639300000333e+02 7.949772526099999626e-01
4.250811524929999905e+02 7.961873286980000186e-01
4.252300410560000046e+02 7.990828903459999966e-01
4.253789296189999618e+02 8.100982035779999979e-01
4.255278181820000327e+02 8.241407650909999827e-01
4.256767067449999331e+02 8.193871742930000091e-01
4.258255953080000040e+02 8.098715536539999871e-01
4.259744838710000181e+02 7.933766630320000512e-01
4.261233724339999753e+02 7.891196294429999591e-01
4.262722609969999894e+02 7.979061513780000281e-01
4.264211495599999466e+02 8.043123561989999892e-01
4.265700381230000175e+02 8.119090972379999771e-01
4.267189266860000316e+02 8.102052090439999521e-01
4.268678152489999889e+02 8.035065332840000130e-01
4.270167038120000029e+02 8.028148384750000144e-01
4.271655923749999602e+02 7.978638209210000554e-01
4.273144809379999742e+02 8.057302834839999983e-01
4.274633695010000451e+02 8.084949212609999769e-01
4.276122580649999918e+02 8.138956032259999640e-01
4.277611466280000059e+02 8.108825615250000451e-01
4.279100351910000199e+02 8.058723217709999886e-01
4.280589237539999772e+02 8.017183679299999532e-01
4.282078123170000481e+02 8.047936456069999522e-01
4.283567008799999485e+02 8.046132646629999829e-01
4.285055894430000194e+02 8.052735804930000185e-01
4.286544780060000335e+02 8.047690129379999613e-01
4.288033665689999907e+02 8.065572382400000295e-01
4.289522551320000048e+02 8.049447582350000019e-01
4.291011436949999620e+02 7.978847494430000298e-01
4.292500322580000329e+02 7.953323239999999794e-01
4.293989208209999333e+02 7.991312617360000203e-01
4.295478093840000042e+02 8.068395356890000203e-01
4.296966979470000183e+02 8.090921105220000298e-01
4.298455865099999755e+02 8.080698853369999712e-01
4.299944750729999896e+02 8.091711978179999543e-01
4.301433636359999468e+02 8.067800859999999519e-01
4.302922521990000178e+02 8.061798479530000172e-01
4.304411407620000318e+02 8.022326616249999542e-01
4.305900293259999785e+02 7.934915845159999925e-01
4.307389178889999926e+02 8.008262496360000204e-01
4.308878064520000635e+02 7.998551769030000091e-01
4.310366950149999639e+02 8.053963998530000445e-01
4.311855835780000348e+02 8.047230054189999926e-01
4.313344721409999920e+02 8.067846129619999918e-01
4.314833607040000061e+02 8.019177885279999973e-01
4.316322492670000202e+02 7.972662412080000482e-01
4.317811378299999774e+02 7.919176805750000048e-01
4.319300263930000483e+02 7.913743581230000546e-01
4.320789149559999487e+02 7.897138849849999476e-01
4.322278035190000196e+02 7.937593187270000072e-01
4.323766920820000337e+02 7.951686733139999852e-01
4.325255806449999909e+02 8.066343850970000284e-01
4.326744692080000050e+02 8.071232899239999536e-01
4.328233577709999622e+02 8.018378573309999924e-01
4.329722463340000331e+02 8.020363854430000439e-01
4.331211348969999335e+02 7.951225377649999704e-01
4.332700234600000044e+02 7.907451197889999728e-01
4.334189120230000185e+02 7.827267862229999595e-01
4.335678005869999652e+02 7.752377278009999761e-01
4.337166891499999792e+02 7.812954457830000310e-01
4.338655777130000502e+02 7.883317520350000551e-01
4.340144662760000074e+02 7.949545070969999960e-01
4.341633548390000215e+02 7.966529287739999576e-01
4.343122434019999787e+02 7.922582960999999813e-01
4.344611319649999928e+02 7.888147404690000197e-01
4.346100205280000637e+02 7.854811069210000385e-01
4.347589090909999641e+02 7.851019730910000494e-01
4.349077976540000350e+02 7.841743443690000204e-01
4.350566862169999922e+02 7.912888812899999680e-01
4.352055747800000063e+02 7.885225760820000485e-01
4.353544633430000204e+02 7.891473998939999568e-01
4.355033519059999776e+02 7.834173180119999857e-01
4.356522404690000485e+02 7.816676969970000055e-01
4.358011290319999489e+02 7.850331287099999722e-01
4.359500175950000198e+02 7.876337019469999978e-01
4.360989061580000339e+02 7.879200783990000234e-01
4.362477947209999911e+02 7.918673576770000055e-01
4.363966832840000052e+02 7.918705316249999848e-01
4.365455718479999518e+02 7.915062173019999925e-01
4.366944604110000228e+02 7.875533421229999886e-01
4.368433489740000368e+02 7.843365235660000323e-01
4.369922375369999941e+02 7.866452232549999701e-01
4.371411261000000081e+02 7.909640779590000337e-01
4.372900146629999654e+02 7.966813607620000237e-01
4.374389032259999794e+02 8.166856788390000066e-01
4.375877917890000504e+02 8.705630362640000008e-01
4.377366803520000076e+02 9.315836837069999543e-01
4.378855689150000217e+02 9.857484067449999721e-01
4.380344574779999789e+02 9.983045790619999860e-01
4.381833460409999930e+02 9.994869717480000526e-01
4.383322346040000639e+02 9.999670860179999954e-01
4.384811231669999643e+02 9.999929026799999621e-01
4.386300117300000352e+02 9.999964801640000012e-01
4.387789002929999924e+02 9.999980912020000057e-01
4.389277888560000065e+02 9.999991267329999545e-01
4.390766774190000206e+02 9.999998667099999627e-01
4.392255659819999778e+02 1.000000000000000000e+00
4.393744545450000487e+02 1.000000000000000000e+00
4.395233431089999385e+02 1.000000000000000000e+00
4.396722316720000094e+02 1.000000000000000000e+00
4.398211202350000235e+02 1.000000000000000000e+00
4.399700087979999807e+02 1.000000000000000000e+00
4.401188973609999948e+02 1.000000000000000000e+00
4.402677859239999520e+02 1.000000000000000000e+00
4.404166744870000230e+02 1.000000000000000000e+00
4.405655630500000370e+02 1.000000000000000000e+00
4.407144516129999943e+02 1.000000000000000000e+00
4.408633401760000083e+02 1.000000000000000000e+00
4.410122287389999656e+02 1.000000000000000000e+00
4.411611173019999796e+02 1.000000000000000000e+00
4.413100058650000506e+02 1.000000000000000000e+00
4.414588944280000078e+02 1.000000000000000000e+00
4.416077829910000219e+02 1.000000000000000000e+00
4.417566715539999791e+02 1.000000000000000000e+00
4.419055601169999932e+02 1.000000000000000000e+00
4.420544486800000641e+02 1.000000000000000000e+00
4.422033372429999645e+02 1.000000000000000000e+00
4.423522258060000354e+02 1.000000000000000000e+00
4.425011143699999820e+02 1.000000000000000000e+00
4.426500029329999961e+02 1.000000000000000000e+00
4.427988914960000102e+02 1.000000000000000000e+00
4.429477800589999674e+02 1.000000000000000000e+00
4.430966686220000383e+02 1.000000000000000000e+00
4.432455571849999387e+02 1.000000000000000000e+00
4.433944457480000096e+02 1.000000000000000000e+00
4.435433343110000237e+02 1.000000000000000000e+00
4.436922228739999809e+02 1.000000000000000000e+00
4.438411114369999950e+02 1.000000000000000000e+00
4.439899999999999523e+02 1.000000000000000000e+00
