# Wavelength (Nm)     Mean
2.921150000000000091e+02 1.717772200000000082e-01
2.922878983379999909e+02 1.768981726780000097e-01
2.924607966760000295e+02 1.792226345060000114e-01
2.926336950150000007e+02 1.769225315840000090e-01
2.928065933530000393e+02 1.759732436560000057e-01
2.929794916910000211e+02 1.768755061289999930e-01
2.931523900290000029e+02 1.773804470379999887e-01
2.933252883680000309e+02 1.798050892570000059e-01
2.934981867059999558e+02 1.775347139590000012e-01
2.936710850439999945e+02 1.783929259819999891e-01
2.938439833819999762e+02 1.783203466280000038e-01
2.940168817200000149e+02 1.797725513979999967e-01
2.941897800589999861e+02 1.799316127270000065e-01
2.943626783969999678e+02 1.807637693739999885e-01
2.945355767350000065e+02 1.830372168520000009e-01
2.947084750729999882e+02 1.839730020819999867e-01
2.948813734120000163e+02 1.824054400979999990e-01
2.950542717499999981e+02 1.795162341840000064e-01
2.952271700879999798e+02 1.785388175950000100e-01
2.954000684260000185e+02 1.789399503419999982e-01
2.955729667640000002e+02 1.794891601760000011e-01
2.957458651030000283e+02 1.782648982399999971e-01
2.959187634410000101e+02 1.791867589249999948e-01
2.960916617789999918e+02 1.808686869789999929e-01
2.962645601170000305e+02 1.853092924929999885e-01
2.964374584560000017e+02 1.855788937149999984e-01
2.966103567940000403e+02 1.878417292469999889e-01
2.967832551320000221e+02 1.866429263340000089e-01
2.969561534700000038e+02 1.882008730399999941e-01
2.971290518079999856e+02 1.868878183869999987e-01
2.973019501469999568e+02 1.865883933140000117e-01
2.974748484849999954e+02 1.865025715149999930e-01
2.976477468229999772e+02 1.867477885430000040e-01
2.978206451610000158e+02 1.885748125810000064e-01
2.979935434999999870e+02 1.869546897749999881e-01
2.981664418379999688e+02 1.889544196680000010e-01
2.983393401760000074e+02 1.877535150150000109e-01
2.985122385139999892e+02 1.894423309680000056e-01
2.986851368520000278e+02 1.860518795699999950e-01
2.988580351909999990e+02 1.870534378589999991e-01
2.990309335289999808e+02 1.891180355429999960e-01
2.992038318670000194e+02 1.942825957179999952e-01
2.993767302050000012e+02 1.976010133140000125e-01
2.995496285430000398e+02 1.979206048390000083e-01
2.997225268820000110e+02 1.975012010749999936e-01
2.998954252199999928e+02 1.949090845750000023e-01
3.000683235580000314e+02 1.894643717599999999e-01
3.002412218959999564e+02 1.862904162850000100e-01
3.004141202350000412e+02 1.868320936360000073e-01
3.005870185729999662e+02 1.889001682500000001e-01
3.007599169110000048e+02 1.891609025419999923e-01
3.009328152489999866e+02 1.899833887390000031e-01
3.011057135869999684e+02 1.916083844570000139e-01
3.012786119259999964e+02 1.906991810360000039e-01
3.014515102639999782e+02 1.913171004689999954e-01
3.016244086020000168e+02 1.923320109680000112e-01
3.017973069399999986e+02 1.940718915930000066e-01
3.019702052789999698e+02 1.967673905569999881e-01
3.021431036170000084e+02 1.985388413489999893e-01
3.023160019549999902e+02 1.987926209970000135e-01
3.024889002930000288e+02 1.971869047510000084e-01
3.026617986310000106e+02 1.955401979860000028e-01
3.028346969699999818e+02 1.944450309090000051e-01
3.030075953080000204e+02 1.952388462759999943e-01
3.031804936460000022e+02 1.983391994329999908e-01
3.033533919840000408e+02 1.998619435969999913e-01
3.035262903230000120e+02 2.002628561289999942e-01
3.036991886609999938e+02 2.005250871360000076e-01
3.038720869990000324e+02 2.021978723850000048e-01
3.040449853369999573e+02 2.020588097949999884e-01
3.042178836749999959e+02 2.041182801370000077e-01
3.043907820139999671e+02 2.023911950929999926e-01
3.045636803520000058e+02 2.038671544869999908e-01
3.047365786899999875e+02 2.038321580839999869e-01
3.049094770279999693e+02 2.061693012320000018e-01
3.050823753669999974e+02 2.042833129620000021e-01
3.052552737049999791e+02 2.051063421310000134e-01
3.054281720430000178e+02 2.043808288170000098e-01
3.056010703809999995e+02 2.084512371259999997e-01
3.057739687189999813e+02 2.102971339390000138e-01
3.059468670580000094e+02 2.129030125709999999e-01
3.061197653959999911e+02 2.124378258650000129e-01
3.062926637340000298e+02 2.139486795409999975e-01
3.064655620720000115e+02 2.139347217400000001e-01
3.066384604109999827e+02 2.150755184460000080e-01
3.068113587490000214e+02 2.131348445940000058e-01
3.069842570870000031e+02 2.168757297849999988e-01
3.071571554250000418e+02 2.161618201759999969e-01
3.073300537629999667e+02 2.169073268820000122e-01
3.075029521019999947e+02 2.171916243989999995e-01
3.076758504400000334e+02 2.182016112609999892e-01
3.078487487779999583e+02 2.187971248289999893e-01
3.080216471159999969e+02 2.213812633430000121e-01
3.081945454549999681e+02 2.246152927270000099e-01
3.083674437930000067e+02 2.270473541539999862e-01
3.085403421309999885e+02 2.263245886609999979e-01
3.087132404689999703e+02 2.260083920529999957e-01
3.088861388070000089e+02 2.250359730990000029e-01
3.090590371459999801e+02 2.256887333819999897e-01
3.092319354840000187e+02 2.265759303229999966e-01
3.094048338220000005e+02 2.281763691789999993e-01
3.095777321599999823e+02 2.299105844969999979e-01
3.097506304990000103e+02 2.326988216130000120e-01
3.099235288369999921e+02 2.324428833630000080e-01
3.100964271750000307e+02 2.325946093650000102e-01
3.102693255130000125e+02 2.351007356600000042e-01
3.104422238509999943e+02 2.353742225609999905e-01
3.106151221900000223e+02 2.390435165979999943e-01
3.107880205280000041e+02 2.408092638999999868e-01
3.109609188660000427e+02 2.451811596089999989e-01
3.111338172039999677e+02 2.489350639779999985e-01
3.113067155429999957e+02 2.471251102049999981e-01
3.114796138809999775e+02 2.435753430010000053e-01
3.116525122189999593e+02 2.370729061390000059e-01
3.118254105569999979e+02 2.372562403809999887e-01
3.119983088949999797e+02 2.424262318869999933e-01
3.121712072340000077e+02 2.481493242520000087e-01
3.123441055719999895e+02 2.530006577710000037e-01
3.125170039099999713e+02 2.496148504890000064e-01
3.126899022480000099e+02 2.512953576540000178e-01
3.128628005869999811e+02 2.519347380349999943e-01
3.130356989250000197e+02 2.576965221509999737e-01
3.132085972630000015e+02 2.596089659429999807e-01
3.133814956009999833e+02 2.594512486219999747e-01
3.135543939390000219e+02 2.606985909089999942e-01
3.137272922779999931e+02 2.615411017989999753e-01
3.139001906160000317e+02 2.625934535780000134e-01
3.140730889540000135e+02 2.573673765200000241e-01
3.142459872919999953e+02 2.543378192860000220e-01
3.144188856300000339e+02 2.583792475660000032e-01
3.145917839690000051e+02 2.665445450930000182e-01
3.147646823070000437e+02 2.713454136460000110e-01
3.149375806449999686e+02 2.700470509680000242e-01
3.151104789830000072e+02 2.657816919259999855e-01
3.152833773219999784e+02 2.661560439299999747e-01
3.154562756599999602e+02 2.688775234599999897e-01
3.156291739979999988e+02 2.688820510170000233e-01
3.158020723359999806e+02 2.697192401960000208e-01
3.159749706740000192e+02 2.694805324630000221e-01
3.161478690129999904e+02 2.742935535680000037e-01
3.163207673509999722e+02 2.774710045359999877e-01
3.164936656890000108e+02 2.776591164810000012e-01
3.166665640269999926e+02 2.735080236460000203e-01
3.168394623660000207e+02 2.731614649460000210e-01
3.170123607040000024e+02 2.729478287980000029e-01
3.171852590419999842e+02 2.781929309289999930e-01
3.173581573800000228e+02 2.828917481039999737e-01
3.175310557180000046e+02 2.828711491500000008e-01
3.177039540570000327e+02 2.848353328450000110e-01
3.178768523950000144e+02 2.828375992180000020e-01
3.180497507329999962e+02 2.841572592669999731e-01
3.182226490709999780e+02 2.850202081920000241e-01
3.183955474100000060e+02 2.893249831959999741e-01
3.185684457480000447e+02 2.902796464519999953e-01
3.187413440859999696e+02 2.922932731180000188e-01
3.189142424240000082e+02 2.928587824239999859e-01
3.190871407619999900e+02 2.921238734900000189e-01
3.192600391009999612e+02 2.884044687000000273e-01
3.194329374389999998e+02 2.880553907230000155e-01
3.196058357769999816e+02 2.922515086799999939e-01
3.197787341150000202e+02 2.950858292469999977e-01
3.199516324539999914e+02 2.954507858059999825e-01
3.201245307919999732e+02 2.971861974489999891e-01
3.202974291300000118e+02 2.977293602930000116e-01
3.204703274679999936e+02 3.003142074979999743e-01
3.206432258060000322e+02 3.058872264520000051e-01
3.208161241450000034e+02 3.108433299319999787e-01
3.209890224829999852e+02 3.073126534899999762e-01
3.211619208210000238e+02 3.037700013490000073e-01
3.213348191590000056e+02 3.051447753270000174e-01
3.215077174980000336e+02 3.084420271650000211e-01
3.216806158360000154e+02 3.092832524340000111e-01
3.218535141739999972e+02 3.087087763049999878e-01
3.220264125119999790e+02 3.098300416229999854e-01
3.221993108499999607e+02 3.145656664809999836e-01
3.223722091889999888e+02 3.149321174979999860e-01
3.225451075269999706e+02 3.152036466670000148e-01
3.227180058650000092e+02 3.165260204109999753e-01
3.228909042029999910e+02 3.255604418279999801e-01
3.230638025419999622e+02 3.319099631090000058e-01
3.232367008800000008e+02 3.323130608209999837e-01
3.234095992179999826e+02 3.263554633819999995e-01
3.235824975560000212e+02 3.242972189639999891e-01
3.237553958940000030e+02 3.281429449850000180e-01
3.239282942329999742e+02 3.333009893939999913e-01
3.241011925710000128e+02 3.366687400980000189e-01
3.242740909089999946e+02 3.344783463639999788e-01
3.244469892470000332e+02 3.332674146240000024e-01
3.246198875860000044e+02 3.399014951520000216e-01
3.247927859239999862e+02 3.460471451029999979e-01
3.249656842620000248e+02 3.536020806060000132e-01
3.251385826000000066e+02 3.517679231090000136e-01
3.253114809380000452e+02 3.543542376250000125e-01
3.254843792770000164e+02 3.557701161290000025e-01
3.256572776149999981e+02 3.600620537440000213e-01
3.258301759529999799e+02 3.593654348390000197e-01
3.260030742909999617e+02 3.549333227170000105e-01
3.261759726299999897e+02 3.546536336459999994e-01
3.263488709679999715e+02 3.598843577420000051e-01
3.265217693060000101e+02 3.697287889740000222e-01
3.266946676439999919e+02 3.752676451999999996e-01
3.268675659819999737e+02 3.791703666860000155e-01
3.270404643210000017e+02 3.808550027570000163e-01
3.272133626589999835e+02 3.828364249269999853e-01
3.273862609970000221e+02 3.810640305870000022e-01
3.275591593350000039e+02 3.820128447700000263e-01
3.277320576739999751e+02 3.851226669500000255e-01
3.279049560120000137e+02 3.895932357770000021e-01
3.280778543499999955e+02 3.907452925709999914e-01
3.282507526880000341e+02 3.902417670969999808e-01
3.284236510260000159e+02 3.872475270379999723e-01
3.285965493649999871e+02 3.831983519259999915e-01
3.287694477030000257e+02 3.832607513290000045e-01
3.289423460410000075e+02 3.881489445749999878e-01
3.291152443789999893e+02 3.931053237930000055e-01
3.292881427169999711e+02 3.982976783380000052e-01
3.294610410559999991e+02 4.001665642519999788e-01
3.296339393939999809e+02 4.024780921209999973e-01
3.298068377319999627e+02 4.014020916620000268e-01
3.299797360700000013e+02 4.025576594720000068e-01
3.301526344089999725e+02 4.029313887100000047e-01
3.303255327470000111e+02 4.014184201170000188e-01
3.304984310849999929e+02 4.031917808209999898e-01
3.306713294229999747e+02 4.047153285239999954e-01
3.308442277610000133e+02 4.113597997949999807e-01
3.310171260999999845e+02 4.174376106159999877e-01
3.311900244380000231e+02 4.215393000000000057e-01
3.313629227760000049e+02 4.221073726299999773e-01
3.315358211139999867e+02 4.238200853669999990e-01
3.317087194530000147e+02 4.265508584159999894e-01
3.318816177909999965e+02 4.296635439000000001e-01
3.320545161290000351e+02 4.363682051610000001e-01
3.322274144670000169e+02 4.464059441639999792e-01
3.324003128049999987e+02 4.521764331179999874e-01
3.325732111440000267e+02 4.514779086799999841e-01
3.327461094820000085e+02 4.486959824830000221e-01
3.329190078199999903e+02 4.480017799120000199e-01
3.330919061579999720e+02 4.529448253369999788e-01
3.332648044970000001e+02 4.595359164810000063e-01
3.334377028349999819e+02 4.609132568520000195e-01
3.336106011729999636e+02 4.569040315540000008e-01
3.337834995110000023e+02 4.561877306939999821e-01
3.339563978489999840e+02 4.613456968820000004e-01
3.341292961880000121e+02 4.665507237539999741e-01
3.343021945259999939e+02 4.708613440180000054e-01
3.344750928639999756e+02 4.726621386309999839e-01
3.346479912020000143e+02 4.746733706449999812e-01
3.348208895409999855e+02 4.732938182010000272e-01
3.349937878790000241e+02 4.775248466670000136e-01
3.351666862170000059e+02 4.827755524339999993e-01
3.353395845549999876e+02 4.846213380839999862e-01
3.355124828930000263e+02 4.876080549949999843e-01
3.356853812319999975e+02 4.889899311440000229e-01
3.358582795700000361e+02 4.923127096770000266e-01
3.360311779080000179e+02 4.914758778100000169e-01
3.362040762459999996e+02 4.932224402350000036e-01
3.363769745850000277e+02 4.954361205380000133e-01
3.365498729230000095e+02 5.047399742129999867e-01
3.367227712609999912e+02 5.112940950730000544e-01
3.368956695989999730e+02 5.148363595110000412e-01
3.370685679370000116e+02 5.127671165789999819e-01
3.372414662759999828e+02 5.090532503810000220e-01
3.374143646139999646e+02 5.150339265690000445e-01
3.375872629520000032e+02 5.221611989829999523e-01
3.377601612899999850e+02 5.327618287099999961e-01
3.379330596290000130e+02 5.373903238320000275e-01
3.381059579669999948e+02 5.342501160610000355e-01
3.382788563049999766e+02 5.350593347209999795e-01
3.384517546430000152e+02 5.348172592669999670e-01
3.386246529809999970e+02 5.344073866280000251e-01
3.387975513200000250e+02 5.313696060999999471e-01
3.389704496580000068e+02 5.367514231279999493e-01
3.391433479959999886e+02 5.400525639100000053e-01
3.393162463340000272e+02 5.394434333719999586e-01
3.394891446729999984e+02 5.363935142519999921e-01
3.396620430110000370e+02 5.377134131180000276e-01
3.398349413490000188e+02 5.442726820819999700e-01
3.400078396870000006e+02 5.517826434999999474e-01
3.401807380249999824e+02 5.631368053759999714e-01
3.403536363640000104e+02 5.720449709089999724e-01
3.405265347019999922e+02 5.803736372240000385e-01
3.406994330399999740e+02 5.779267838120000222e-01
3.408723313780000126e+02 5.781051460410000509e-01
3.410452297169999838e+02 5.727823857670000240e-01
3.412181280549999656e+02 5.778522729720000362e-01
3.413910263930000042e+02 5.833955817010000322e-01
3.415639247309999860e+02 5.940571250539999903e-01
3.417368230690000246e+02 6.034653366959999987e-01
3.419097214079999958e+02 6.072142735479999498e-01
3.420826197459999776e+02 6.180867272529999568e-01
3.422555180840000162e+02 6.219101823260000383e-01
3.424284164219999980e+02 6.303685317299999591e-01
3.426013147610000260e+02 6.284125780249999460e-01
3.427742130990000078e+02 6.363981829910000387e-01
3.429471114369999896e+02 6.308346401169999673e-01
3.431200097750000282e+02 6.404351855519999637e-01
3.432929081130000100e+02 6.379865759730000141e-01
3.434658064520000380e+02 6.437281000000000253e-01
3.436387047900000198e+02 6.429099935780000497e-01
3.438116031280000016e+02 6.437550902440000167e-01
3.439845014659999833e+02 6.527287842519999828e-01
3.441573998039999651e+02 6.557337741740000281e-01
3.443302981429999932e+02 6.638283203520000120e-01
3.445031964809999749e+02 6.628608966569999872e-01
3.446760948190000136e+02 6.720253851420000535e-01
3.448489931569999953e+02 6.737235640659999802e-01
3.450218914959999665e+02 6.795243912020000332e-01
3.451947898340000052e+02 6.803421359919999967e-01
3.453676881719999869e+02 6.794958975270000145e-01
3.455405865100000256e+02 6.701076272139999679e-01
3.457134848480000073e+02 6.766687293940000236e-01
3.458863831869999785e+02 6.850561270970000338e-01
3.460592815250000172e+02 7.029059397650000429e-01
3.462321798629999989e+02 7.042090773219999988e-01
3.464050782010000376e+02 7.037724305179999806e-01
3.465779765400000088e+02 6.958918367159999674e-01
3.467508748779999905e+02 7.014827505180000200e-01
3.469237732160000292e+02 7.107989024440000136e-01
3.470966715540000109e+02 7.168840813200000328e-01
3.472695698919999927e+02 7.167449126880000021e-01
3.474424682310000208e+02 7.141745806260000329e-01
3.476153665690000025e+02 7.158269368909999653e-01
3.477882649069999843e+02 7.165316962069999684e-01
3.479611632449999661e+02 7.179381398830000371e-01
3.481340615839999941e+02 7.077414619059999579e-01
3.483069599219999759e+02 7.077192874679999468e-01
3.484798582600000145e+02 7.005631468040000032e-01
3.486527565979999963e+02 7.055043181819999898e-01
3.488256549359999781e+02 7.001007402829999560e-01
3.489985532750000061e+02 7.059134737829999562e-01
3.491714516129999879e+02 7.021567574189999661e-01
3.493443499510000265e+02 7.043916663150000534e-01
3.495172482890000083e+02 6.947747830110000411e-01
3.496901466279999795e+02 6.936862793550000461e-01
3.498630449660000181e+02 6.944812320230000502e-01
3.500359433039999999e+02 7.067550975759999687e-01
3.502088416420000385e+02 7.172929140470000187e-01
3.503817399800000203e+02 7.178721480349999906e-01
3.505546383189999915e+02 7.196470688470000265e-01
3.507275366570000301e+02 7.161824025220000500e-01
3.509004349949999551e+02 7.188581088369999650e-01
3.510733333329999937e+02 7.140037533330000352e-01
3.512462316720000217e+02 7.093731431669999532e-01
3.514191300100000035e+02 7.143794549359999690e-01
3.515920283479999853e+02 7.200420911529999968e-01
3.517649266859999670e+02 7.251395675070000379e-01
3.519378250240000057e+02 7.236621089439999599e-01
3.521107233629999769e+02 7.215271224439999687e-01
3.522836217010000155e+02 7.230319546329999625e-01
3.524565200389999973e+02 7.174935550150000063e-01
3.526294183769999790e+02 7.304691006550000365e-01
3.528023167160000071e+02 7.293087879180000233e-01
3.529752150539999889e+02 7.316667199999999927e-01
3.531481133920000275e+02 7.205599594329999968e-01
3.533210117300000093e+02 7.241218185629999526e-01
3.534939100679999910e+02 7.315571946629999545e-01
3.536668084070000191e+02 7.389209042419999651e-01
3.538397067450000009e+02 7.390457287980000123e-01
3.540126050830000395e+02 7.336481267350000168e-01
3.541855034210000213e+02 7.279747649069999715e-01
3.543584017599999925e+02 7.309154027859999792e-01
3.545313000980000311e+02 7.346625310650000129e-01
3.547041984359999560e+02 7.358274042029999684e-01
3.548770967739999946e+02 7.276979716129999831e-01
3.550499951119999764e+02 7.240372897850000378e-01
3.552228934510000045e+02 7.249165317689999499e-01
3.553957917889999862e+02 7.324695285040000448e-01
3.555686901269999680e+02 7.264193335869999490e-01
3.557415884650000066e+02 7.307090761390000466e-01
3.559144868039999778e+02 7.285525511439999713e-01
3.560873851420000165e+02 7.439342875559999957e-01
3.562602834799999982e+02 7.464482882699999822e-01
3.564331818179999800e+02 7.535424481820000020e-01
3.566060801560000186e+02 7.478069331960000010e-01
3.567789784949999898e+02 7.494092710749999942e-01
3.569518768330000285e+02 7.369558341349999875e-01
3.571247751710000102e+02 7.407955600879999603e-01
3.572976735089999920e+02 7.368294554640000271e-01
3.574705718480000201e+02 7.447365281819999794e-01
3.576434701860000018e+02 7.535555796089999925e-01
3.578163685240000405e+02 7.640637528539999668e-01
3.579892668620000222e+02 7.639385821699999912e-01
3.581621652000000040e+02 7.531760905180000520e-01
3.583350635390000321e+02 7.416109739980000226e-01
3.585079618769999570e+02 7.381467723460000130e-01
3.586808602149999956e+02 7.432992625809999865e-01
3.588537585529999774e+02 7.440689087780000266e-01
3.590266568910000160e+02 7.452751980649999775e-01
3.591995552299999872e+02 7.421619970970000368e-01
3.593724535679999690e+02 7.396103051610000145e-01
3.595453519060000076e+02 7.410576634309999910e-01
3.597182502439999894e+02 7.447616523360000018e-01
3.598911485830000174e+02 7.539711499410000073e-01
3.600640469209999992e+02 7.483149513779999706e-01
3.602369452589999810e+02 7.489614769789999515e-01
3.604098435970000196e+02 7.453748740960000063e-01
3.605827419350000014e+02 7.590244987099999951e-01
3.607556402740000294e+02 7.669044612509999803e-01
3.609285386120000112e+02 7.826237752979999795e-01
3.611014369499999930e+02 7.858745930210000452e-01
3.612743352880000316e+02 7.832879972339999997e-01
3.614472336270000028e+02 7.777282626979999947e-01
3.616201319650000414e+02 7.714276018479999664e-01
3.617930303029999664e+02 7.728684333330000378e-01
3.619659286410000050e+02 7.766176570580000105e-01
3.621388269789999867e+02 7.798148944870000321e-01
3.623117253179999580e+02 7.802987411930000228e-01
3.624846236559999966e+02 7.716518991399999861e-01
3.626575219939999783e+02 7.608344805569999814e-01
3.628304203320000170e+02 7.538219811140000060e-01
3.630033186709999882e+02 7.638373286020000430e-01
3.631762170089999699e+02 7.734945443990000058e-01
3.633491153470000086e+02 7.770423582400000084e-01
3.635220136849999903e+02 7.723309796289999918e-01
3.636949120230000290e+02 7.737168790030000132e-01
3.638678103620000002e+02 7.652683121209999939e-01
3.640407086999999819e+02 7.592901320720000236e-01
3.642136070380000206e+02 7.627531738999999700e-01
3.643865053760000023e+02 7.621272089249999659e-01
3.645594037150000304e+02 7.652695334510000169e-01
3.647323020530000122e+02 7.570163253370000289e-01
3.649052003909999939e+02 7.645884799409999877e-01
3.650780987290000326e+02 7.607336616130000451e-01
3.652509970669999575e+02 7.638646999999999521e-01
3.654238954060000424e+02 7.612497393839999793e-01
3.655967937439999673e+02 7.636832320630000392e-01
3.657696920820000059e+02 7.633358911730000473e-01
3.659425904199999877e+02 7.653183793550000225e-01
3.661154887589999589e+02 7.741973379369999630e-01
3.662883870969999975e+02 7.750813051610000448e-01
3.664612854349999793e+02 7.719561858060000059e-01
3.666341837730000179e+02 7.648645905569999570e-01
3.668070821109999997e+02 7.658800931379999843e-01
3.669799804499999709e+02 7.616951328450000114e-01
3.671528787880000095e+02 7.581580275760000376e-01
3.673257771259999913e+02 7.628013079769999649e-01
3.674986754640000299e+02 7.656056394820000000e-01
3.676715738030000011e+02 7.659120029329999912e-01
3.678444721409999829e+02 7.545910479180000241e-01
3.680173704790000215e+02 7.480847255129999818e-01
3.681902688170000033e+02 7.467224558060000517e-01
3.683631671550000419e+02 7.509503350149999701e-01
3.685360654940000131e+02 7.636786313979999630e-01
3.687089638319999949e+02 7.655341050049999652e-01
3.688818621700000335e+02 7.638804925809999924e-01
3.690547605079999585e+02 7.527065252789999494e-01
3.692276588470000434e+02 7.607053974580000322e-01
3.694005571849999683e+02 7.778355222870000363e-01
3.695734555230000069e+02 7.995920596769999777e-01
3.697463538609999887e+02 8.149550896580000092e-01
3.699192521989999705e+02 8.156826272139999778e-01
3.700921505379999985e+02 8.142229356989999500e-01
3.702650488759999803e+02 8.156908054150000531e-01
3.704379472140000189e+02 8.071755980650000550e-01
3.706108455520000007e+02 8.131181775660000222e-01
3.707837438909999719e+02 8.067523427170000261e-01
3.709566422290000105e+02 8.156226163049999922e-01
3.711295405669999923e+02 8.091997738999999745e-01
3.713024389050000309e+02 8.043210234800000080e-01
3.714753372430000127e+02 7.990164621109999699e-01
3.716482355819999839e+02 7.917129288469999526e-01
3.718211339200000225e+02 7.943646376540000054e-01
3.719940322580000043e+02 7.988308851609999817e-01
3.721669305960000429e+02 7.960900038320000149e-01
3.723398289350000141e+02 7.946148005469999553e-01
3.725127272729999959e+02 7.895528945449999947e-01
3.726856256109999777e+02 7.936525625120000038e-01
3.728585239489999594e+02 7.956998292860000266e-01
3.730314222869999981e+02 7.991257867740000354e-01
3.732043206259999693e+02 7.976980021309999502e-01
3.733772189640000079e+02 7.987642381920000423e-01
3.735501173019999896e+02 7.980318863340000179e-01
3.737230156399999714e+02 7.974853835870000518e-01
3.738959139780000100e+02 7.941808834410000184e-01
3.740688123169999812e+02 7.848597157479999531e-01
3.742417106550000199e+02 7.786013493060000012e-01
3.744146089930000016e+02 7.808684152000000545e-01
3.745875073309999834e+02 7.896011340180000282e-01
3.747604056700000115e+02 7.998134230690000512e-01
3.749333040079999932e+02 8.025192103420000223e-01
3.751062023460000319e+02 7.994125576249999643e-01
3.752791006840000136e+02 7.903969035190000492e-01
3.754519990219999954e+02 7.856150158060000166e-01
3.756248973610000235e+02 7.863430632840000545e-01
3.757977956990000052e+02 7.911068013980000480e-01
3.759706940370000439e+02 7.912753836170000055e-01
3.761435923749999688e+02 7.970217249269999638e-01
3.763164907139999968e+02 7.953369428740000302e-01
3.764893890519999786e+02 7.972990800879999895e-01
3.766622873899999604e+02 7.905305308500000239e-01
3.768351857279999990e+02 7.900834512609999916e-01
3.770080840659999808e+02 7.906078485040000103e-01
3.771809824050000088e+02 7.945575845160000039e-01
3.773538807429999906e+02 8.042844632840000507e-01
3.775267790809999724e+02 8.035462180450000380e-01
3.776996774190000110e+02 8.045197238710000143e-01
3.778725757579999822e+02 7.948400624239999601e-01
3.780454740960000208e+02 7.936427589440000485e-01
3.782183724340000026e+02 7.837208395310000242e-01
3.783912707719999844e+02 7.777997226199999670e-01
3.785641691100000230e+02 7.732216674780000298e-01
3.787370674489999942e+02 7.771751424630000127e-01
3.789099657870000328e+02 7.698859829230000340e-01
3.790828641250000146e+02 7.678413465300000240e-01
3.792557624629999964e+02 7.742402890620000422e-01
3.794286608020000244e+02 7.864001884850000401e-01
3.796015591400000062e+02 7.882379261290000105e-01
3.797744574780000448e+02 7.807784690910000158e-01
3.799473558159999698e+02 7.851213500000000511e-01
3.801202541540000084e+02 7.867117729620000111e-01
3.802931524929999796e+02 7.873281249850000441e-01
3.804660508309999614e+02 7.830071349170000250e-01
3.806389491690000000e+02 7.809927467349999652e-01
3.808118475069999818e+02 7.743445151910000046e-01
3.809847458460000098e+02 7.785953663439999506e-01
3.811576441839999916e+02 7.738557098730000083e-01
3.813305425219999734e+02 7.803845853080000339e-01
3.815034408600000120e+02 7.733628477420000369e-01
3.816763391979999938e+02 7.757249391589999821e-01
3.818492375370000218e+02 7.736485333139999643e-01
3.820221358750000036e+02 7.758513291890000163e-01
3.821950342129999854e+02 7.806353676049999635e-01
3.823679325510000240e+02 7.731460322290000242e-01
3.825408308899999952e+02 7.630464157770000533e-01
3.827137292280000338e+02 7.631170423069999487e-01
3.828866275660000156e+02 7.810602713780000483e-01
3.830595259039999974e+02 7.914819391199999776e-01
3.832324242419999791e+02 7.863569345449999970e-01
3.834053225810000072e+02 7.775435770969999494e-01
3.835782209189999890e+02 7.761985172830000446e-01
3.837511192569999707e+02 7.726398314169999892e-01
3.839240175950000094e+02 7.651333490909999480e-01
3.840969159339999806e+02 7.581294554349999881e-01
3.842698142719999623e+02 7.587414575369999525e-01
3.844427126100000010e+02 7.638294017300000238e-01
3.846156109479999827e+02 7.697702125709999788e-01
3.847885092860000213e+02 7.728089710169999682e-01
3.849614076249999925e+02 7.756322639299999544e-01
3.851343059629999743e+02 7.740124008900000074e-01
3.853072043010000129e+02 7.677499625810000339e-01
3.854801026389999947e+02 7.708436813200000293e-01
3.856530009780000228e+02 7.735250529029999988e-01
3.858258993160000045e+02 7.796925495409999796e-01
3.859987976539999863e+02 7.743154075660000357e-01
3.861716959920000249e+02 7.684104736460000140e-01
3.863445943300000067e+02 7.700665972629999745e-01
3.865174926690000348e+02 7.730099838999999751e-01
3.866903910070000165e+02 7.757013272730000075e-01
3.868632893449999983e+02 7.752928580350000320e-01
3.870361876829999801e+02 7.748479579470000100e-01
3.872090860220000081e+02 7.739368979570000473e-01
3.873819843599999899e+02 7.716137223850000337e-01
3.875548826979999717e+02 7.729170866279999608e-01
3.877277810360000103e+02 7.669901057279999712e-01
3.879006793739999921e+02 7.626135949760000088e-01
3.880735777129999633e+02 7.512972921989999886e-01
3.882464760510000019e+02 7.587990802830000270e-01
3.884193743889999837e+02 7.618610006060000384e-01
3.885922727270000223e+02 7.797228554549999746e-01
3.887651710650000041e+02 7.785170667059999605e-01
3.889380694039999753e+02 7.782085195800000355e-01
3.891109677420000139e+02 7.737123154839999906e-01
3.892838660799999957e+02 7.661780769499999533e-01
3.894567644180000343e+02 7.722941858849999841e-01
3.896296627570000055e+02 7.885478535779999465e-01
3.898025610949999873e+02 8.207973524930000098e-01
3.899754594330000259e+02 8.397105931089999808e-01
3.901483577710000077e+02 8.474066673900000346e-01
3.903212561089999895e+02 8.501286061680000117e-01
3.904941544480000175e+02 8.562076622290000216e-01
3.906670527859999993e+02 8.557236740470000047e-01
3.908399511239999811e+02 8.559688116910000311e-01
3.910128494619999628e+02 8.522845620429999602e-01
3.911857478009999909e+02 8.529531748969999549e-01
3.913586461389999727e+02 8.545529475859999780e-01
3.915315444770000113e+02 8.591586388469999447e-01
3.917044428149999931e+02 8.605633109679999837e-01
3.918773411529999748e+02 8.582045739000000451e-01
3.920502394920000029e+02 8.579544890219999997e-01
3.922231378299999847e+02 8.576339920229999469e-01
3.923960361680000233e+02 8.576017074189999922e-01
3.925689345060000051e+02 8.527307053570000184e-01
3.927418328449999763e+02 8.519866084460000488e-01
3.929147311830000149e+02 8.518282378489999696e-01
3.930876295209999967e+02 8.549740398730000246e-01
3.932605278590000353e+02 8.598679462170000232e-01
3.934334261970000171e+02 8.618713833629999543e-01
3.936063245359999883e+02 8.618115834799999764e-01
3.937792228740000269e+02 8.599817839590000457e-01
3.939521212120000087e+02 8.601805290909999568e-01
3.941250195499999904e+02 8.554615909970000320e-01
3.942979178890000185e+02 8.511592971850000522e-01
3.944708162270000003e+02 8.432963030500000290e-01
3.946437145649999820e+02 8.417905589049999859e-01
3.948166129029999638e+02 8.444879812900000227e-01
3.949895112410000024e+02 8.479436576340000364e-01
3.951624095799999736e+02 8.449411747999999722e-01
3.953353079180000123e+02 8.395082174189999469e-01
3.955082062559999940e+02 8.380282516320000097e-01
3.956811045939999758e+02 8.437901250439999723e-01
3.958540029330000038e+02 8.409767314370000246e-01
3.960269012709999856e+02 8.428049314169999695e-01
3.961997996090000242e+02 8.427327408500000505e-01
3.963726979470000060e+02 8.471861595890000096e-01
3.965455962849999878e+02 8.434860631180000068e-01
3.967184946240000158e+02 8.425305331179999691e-01
3.968913929619999976e+02 8.443592402049999723e-01
3.970642913000000362e+02 8.488460540369999752e-01
3.972371896380000180e+02 8.497294301659999993e-01
3.974100879769999892e+02 8.488477683870000456e-01
3.975829863150000278e+02 8.420727716810000318e-01
3.977558846530000096e+02 8.393263606059999660e-01
3.979287829909999914e+02 8.360506473609999878e-01
3.981016813289999732e+02 8.383023051610000165e-01
3.982745796680000012e+02 8.416865109190000416e-01
3.984474780059999830e+02 8.437892064519999513e-01
3.986203763439999648e+02 8.443849295699999979e-01
3.987932746820000034e+02 8.475810613099999946e-01
3.989661730209999746e+02 8.496825075659999449e-01
3.991390713590000132e+02 8.437744607620000226e-01
3.993119696969999950e+02 8.335822260609999645e-01
3.994848680349999768e+02 8.248587364810000544e-01
3.996577663730000154e+02 8.257348220229999702e-01
3.998306647119999866e+02 8.368317171260000187e-01
4.000035630500000252e+02 8.482706257769999647e-01
4.001764613880000070e+02 8.546912902250000110e-01
4.003493597259999888e+02 8.499827028540000162e-01
4.005222580650000168e+02 8.466130819349999559e-01
4.006951564029999986e+02 8.445380619260000055e-01
4.008680547410000372e+02 8.456894023659999871e-01
4.010409530790000190e+02 8.509855576539999689e-01
4.012138514170000008e+02 8.511706641449999777e-01
4.013867497560000288e+02 8.525293422480000327e-01
4.015596480940000106e+02 8.482903076250000174e-01
4.017325464319999924e+02 8.443479635480000134e-01
4.019054447699999741e+02 8.385912850829999599e-01
4.020783431090000022e+02 8.371812099709999844e-01
4.022512414469999840e+02 8.375747978490000190e-01
4.024241397849999657e+02 8.383310173119999931e-01
4.025970381230000044e+02 8.383905808799999582e-01
4.027699364609999861e+02 8.380155802830000500e-01
4.029428348000000142e+02 8.370080757969999841e-01
4.031157331379999960e+02 8.309151159819999632e-01
4.032886314759999777e+02 8.326565646729999770e-01
4.034615298140000164e+02 8.405109356109999874e-01
4.036344281519999981e+02 8.456548992379999685e-01
4.038073264910000262e+02 8.434715514570000350e-01
4.039802248290000080e+02 8.339894840079999927e-01
4.041531231669999897e+02 8.377101243989999446e-01
4.043260215050000284e+02 8.335337772040000148e-01
4.044989198439999996e+02 8.315478475069999487e-01
4.046718181820000382e+02 8.331783272730000078e-01
4.048447165200000200e+02 8.321553078300000239e-01
4.050176148580000017e+02 8.330428275860000120e-01
4.051905131959999835e+02 8.300320741350000198e-01
4.053634115349999547e+02 8.427451757580000091e-01
4.055363098729999933e+02 8.434198078200000337e-01
4.057092082109999751e+02 8.441247477419999701e-01
4.058821065490000137e+02 8.393808203229999876e-01
4.060550048879999849e+02 8.362997343110000203e-01
4.062279032259999667e+02 8.373994132259999779e-01
4.064008015640000053e+02 8.339208857280000498e-01
4.065736999019999871e+02 8.323887540180000544e-01
4.067465982400000257e+02 8.215950510259999451e-01
4.069194965789999969e+02 8.225845835089999891e-01
4.070923949169999787e+02 8.273751244379999870e-01
4.072652932550000173e+02 8.246571483579999695e-01
4.074381915929999991e+02 8.171328488560000158e-01
4.076110899320000271e+02 8.158956345940000521e-01
4.077839882700000089e+02 8.193018459819999544e-01
4.079568866079999907e+02 8.271739758360000527e-01
4.081297849460000293e+02 8.294447204299999488e-01
4.083026832840000111e+02 8.321518831669999505e-01
4.084755816230000391e+02 8.385842611339999753e-01
4.086484799610000209e+02 8.396390595499999554e-01
4.088213782990000027e+02 8.411020573609999662e-01
4.089942766369999845e+02 8.317611293550000173e-01
4.091671749759999557e+02 8.314871205670000265e-01
4.093400733139999943e+02 8.254252692379999701e-01
4.095129716519999761e+02 8.232577680739999737e-01
4.096858699900000147e+02 8.250283279279999604e-01
4.098587683280000533e+02 8.234233839300000302e-01
4.100316666669999677e+02 8.216042900000000149e-01
4.102045650050000631e+02 8.193486272919999758e-01
4.103774633429999881e+02 8.223773793840000179e-01
4.105503616809999698e+02 8.285762679570000122e-01
4.107232600199999979e+02 8.273258118770000502e-01
4.108961583579999797e+02 8.213053702050000515e-01
4.110690566960000183e+02 8.189091844870000081e-01
4.112419550339999432e+02 8.164799377910000322e-01
4.114148533720000387e+02 8.219507593549999491e-01
4.115877517109999530e+02 8.226510742129999887e-01
4.117606500489999917e+02 8.257106743109999814e-01
4.119335483869999734e+02 8.281096548390000089e-01
4.121064467250000121e+02 8.273726742229999820e-01
4.122793450639999833e+02 8.194321282500000025e-01
4.124522434020000219e+02 8.167736844280000241e-01
4.126251417400000037e+02 8.175148501469999829e-01
4.127980400780000423e+02 8.254724544279999909e-01
4.129709384159999672e+02 8.197422061000000371e-01
4.131438367550000521e+02 8.133370112709999988e-01
4.133167350929999770e+02 8.098257602539999933e-01
4.134896334310000157e+02 8.085466177129999599e-01
4.136625317689999974e+02 8.058396280740000028e-01
4.138354301080000255e+02 8.067109527960000248e-01
4.140083284460000073e+02 8.156752451609999843e-01
4.141812267839999322e+02 8.179620093260000502e-01
4.143541251220000277e+02 8.123977004500000376e-01
4.145270234599999526e+02 8.092225038710000318e-01
4.146999217989999806e+02 8.150647383769999976e-01
4.148728201369999624e+02 8.173804207920000175e-01
4.150457184750000010e+02 8.215546957179999943e-01
4.152186168129999828e+02 8.140254756989999674e-01
4.153915151520000109e+02 8.179473375760000220e-01
4.155644134899999926e+02 8.210527097649999995e-01
4.157373118280000313e+02 8.257030694620000055e-01
4.159102101659999562e+02 8.242365242129999769e-01
4.160831085040000517e+02 8.073447259820000221e-01
4.162560068429999660e+02 8.061517508209999905e-01
4.164289051810000046e+02 8.061413307139999596e-01
4.166018035189999864e+02 8.176331278009999481e-01
4.167747018570000250e+02 8.227940110850000544e-01
4.169476001959999962e+02 8.214558489540000341e-01
4.171204985340000349e+02 8.141209646920000154e-01
4.172933968720000166e+02 8.133764264909999486e-01
4.174662952100000552e+02 8.109918234599999831e-01
4.176391935479999802e+02 8.181343887099999934e-01
4.178120918870000651e+02 8.187566643600000527e-01
4.179849902249999900e+02 8.213410507820000372e-01
4.181578885629999718e+02 8.195859766569999483e-01
4.183307869010000104e+02 8.171122723749999484e-01
4.185036852389999922e+02 8.081353947799999604e-01
4.186765835780000202e+02 8.056604509970000105e-01
4.188494819159999452e+02 8.080862513590000296e-01
4.190223802540000406e+02 8.169085144569999679e-01
4.191952785919999656e+02 8.134537497949999585e-01
4.193681769309999936e+02 8.097057372039999645e-01
4.195410752689999754e+02 8.031052348389999818e-01
4.197139736070000140e+02 8.057110331090000521e-01
4.198868719449999958e+02 8.066265052790000389e-01
4.200597702830000344e+02 8.113768710459999811e-01
4.202326686220000056e+02 8.164110808210000014e-01
4.204055669600000442e+02 8.142568720720000375e-01
4.205784652979999692e+02 8.151809514169999771e-01
4.207513636360000646e+02 8.124929254549999591e-01
4.209242619749999790e+02 8.127691520430000427e-01
4.210971603130000176e+02 8.070615209579999894e-01
4.212700586509999994e+02 8.084281008210000286e-01
4.214429569889999811e+02 8.128180284949999557e-01
4.216158553270000198e+02 8.146737479769999846e-01
4.217887536659999341e+02 8.131468447209999617e-01
4.219616520040000296e+02 8.055001454939999528e-01
4.221345503419999545e+02 8.060828228149999886e-01
4.223074486799999931e+02 8.068021424629999716e-01
4.224803470189999643e+02 8.182791323660000282e-01
4.226532453570000030e+02 8.107850548780000111e-01
4.228261436949999847e+02 7.999607725220000409e-01
4.229990420330000234e+02 7.817304449459999693e-01
4.231719403710000051e+02 7.862710850930000328e-01
4.233448387100000332e+02 7.898578600000000227e-01
4.235177370479999581e+02 7.927051470579999926e-01
4.236906353860000536e+02 7.942333203320000035e-01
4.238635337239999785e+02 7.996451071550000345e-01
4.240364320630000066e+02 8.129080881329999730e-01
4.242093304009999883e+02 8.073032421600000452e-01
4.243822287390000270e+02 8.024223617600000358e-01
4.245551270770000087e+02 7.939443771259999671e-01
4.247280254149999337e+02 8.011807560700000552e-01
4.249009237540000186e+02 8.048002973310000030e-01
4.250738220919999435e+02 8.104959502440000074e-01
4.252467204299999821e+02 8.084932105380000511e-01
4.254196187679999639e+02 8.069547757180000058e-01
4.255925171069999919e+02 8.010084656789999702e-01
4.257654154449999737e+02 8.000698782799999798e-01
4.259383137830000123e+02 7.973284400590000542e-01
4.261112121209999941e+02 8.004814612120000339e-01
4.262841104590000327e+02 8.023635160700000046e-01
4.264570087979999471e+02 8.042475173019999479e-01
4.266299071360000426e+02 8.039167851709999590e-01
4.268028054739999675e+02 7.938476951320000419e-01
4.269757038120000061e+02 7.932627854549999524e-01
4.271486021509999773e+02 7.902296673119999504e-01
4.273215004890000159e+02 7.985038364319999582e-01
4.274943988269999977e+02 8.006203880350000190e-01
4.276672971650000363e+02 8.076200661879999743e-01
4.278401955030000181e+02 8.025350719839999813e-01
4.280130938420000462e+02 8.057748260410000363e-01
4.281859921799999711e+02 8.064463927270000276e-01
4.283588905180000665e+02 8.060319032060000444e-01
4.285317888559999915e+02 7.980074184159999806e-01
4.287046871950000195e+02 7.938277464130000238e-01
4.288775855330000013e+02 7.982519892860000521e-01
4.290504838709999831e+02 7.980990096769999820e-01
4.292233822090000217e+02 7.998183184560000436e-01
4.293962805469999466e+02 8.063141100980000253e-01
4.295691788860000315e+02 8.071129666280000281e-01
4.297420772239999565e+02 8.034628233630000116e-01
4.299149755619999951e+02 7.905837336459999865e-01
4.300878738999999769e+02 7.923301167449999793e-01
4.302607722390000049e+02 7.999604870380000454e-01
4.304336705769999867e+02 8.018178652490000058e-01
4.306065689150000253e+02 7.937062853959999664e-01
4.307794672530000071e+02 7.918283026300000360e-01
4.309523655910000457e+02 7.966141782800000293e-01
4.311252639299999601e+02 8.021279598530000055e-01
4.312981622680000555e+02 7.920615281520000384e-01
4.314710606059999805e+02 7.835789933329999624e-01
4.316439589440000191e+02 7.799629404690000545e-01
4.318168572829999903e+02 7.777759625119999853e-01
4.319897556210000289e+02 7.728503239880000208e-01
4.321626539590000107e+02 7.768976678300000271e-01
4.323355522969999356e+02 7.794611494230000437e-01
4.325084506350000311e+02 7.899360514859999904e-01
4.326813489739999454e+02 7.899329718480000428e-01
4.328542473119999840e+02 7.845031656990000268e-01
4.330271456499999658e+02 7.826514601370000435e-01
4.332000439880000044e+02 7.822318873019999952e-01
4.333729423259999862e+02 7.914019417990000305e-01
4.335458406650000143e+02 7.885517195890000552e-01
4.337187390029999960e+02 7.949067161289999905e-01
4.338916373410000347e+02 7.989814346239999532e-01
4.340645356789999596e+02 8.005989094619999635e-01
4.342374340180000445e+02 7.936855346329999561e-01
4.344103323559999694e+02 7.927876186510000034e-01
4.345832306940000080e+02 7.896484097749999487e-01
4.347561290319999898e+02 7.934471954840000008e-01
4.349290273700000284e+02 7.924562012220000007e-01
4.351019257089999996e+02 7.885120321799999887e-01
4.352748240470000383e+02 7.761618644869999750e-01
4.354477223850000200e+02 7.750565686410000321e-01
4.356206207229999450e+02 7.780239954059999796e-01
4.357935190619999730e+02 7.794274482109999624e-01
4.359664173999999548e+02 7.775958317109999962e-01
4.361393157379999934e+02 7.753478266669999730e-01
4.363122140759999752e+02 7.788170664219999928e-01
4.364851124140000138e+02 7.807754221310000409e-01
4.366580107529999850e+02 7.784615933330000237e-01
4.368309090910000236e+02 7.796325727270000394e-01
4.370038074289999486e+02 7.753940819260000117e-01
4.371767057670000440e+02 7.733530208800000194e-01
4.373496041059999584e+02 7.803085549270000199e-01
4.375225024439999970e+02 7.876628205469999866e-01
4.376954007819999788e+02 8.076004705279999918e-01
4.378682991200000174e+02 8.103162615250000256e-01
4.380411974579999992e+02 8.081764163539999490e-01
4.382140957970000272e+02 8.038862269790000292e-01
4.383869941350000090e+02 7.942716614960000365e-01
4.385598924730000476e+02 7.962786776339999539e-01
4.387327908109999726e+02 7.920603311930000112e-01
4.389056891500000575e+02 7.918098594719999994e-01
4.390785874879999824e+02 7.823755534999999872e-01
4.392514858260000210e+02 7.794922245359999780e-01
4.394243841640000028e+02 7.873999609380000209e-01
4.395972825019999846e+02 7.994603423660000541e-01
4.397701808410000126e+02 7.959037698440000197e-01
4.399430791789999375e+02 7.933006473310000306e-01
4.401159775170000330e+02 7.840653616620000266e-01
4.402888758549999579e+02 7.836085424830000479e-01
4.404617741939999860e+02 7.819679741939999928e-01
4.406346725319999678e+02 7.832160686219999945e-01
4.408075708700000064e+02 7.905429862270000330e-01
4.409804692079999882e+02 7.975265805869999891e-01
4.411533675460000268e+02 8.008349120629999485e-01
4.413262658849999980e+02 7.919602298729999657e-01
4.414991642230000366e+02 7.817609243990000234e-01
4.416720625609999615e+02 7.815582753469999533e-01
4.418449608990000570e+02 7.795810311530000369e-01
4.420178592379999714e+02 7.829091373609999849e-01
4.421907575760000100e+02 7.831915233330000170e-01
4.423636559139999918e+02 7.818937294619999756e-01
4.425365542520000304e+02 7.753211953669999490e-01
4.427094525900000122e+02 7.732634925900000455e-01
4.428823509290000402e+02 7.694263961289999898e-01
4.430552492670000220e+02 7.724230069790000153e-01
4.432281476049999469e+02 7.742097247020000017e-01
4.434010459429999855e+02 7.755044110650000100e-01
4.435739442819999567e+02 7.729799927860000475e-01
4.437468426199999953e+02 7.772599638910000497e-01
4.439197409579999771e+02 7.832164011340000398e-01
4.440926392960000157e+02 7.951463644570000433e-01
4.442655376339999975e+02 7.953678117200000397e-01
4.444384359730000256e+02 7.977452684069999966e-01
4.446113343109999505e+02 7.859190260409999462e-01
4.447842326490000460e+02 7.792443292080000194e-01
4.449571309869999709e+02 7.703348141939999616e-01
4.451300293259999989e+02 7.733110569500000198e-01
4.453029276639999807e+02 7.744849248680000242e-01
4.454758260020000193e+02 7.804505875460000519e-01
4.456487243400000011e+02 7.819608324629999663e-01
4.458216226780000397e+02 7.832033056499999590e-01
4.459945210170000109e+02 7.759322269889999957e-01
4.461674193550000496e+02 7.703203412900000435e-01
4.463403176929999745e+02 7.678904867839999593e-01
4.465132160309999563e+02 7.700196210749999937e-01
4.466861143699999843e+02 7.739191797069999712e-01
4.468590127079999661e+02 7.739482241639999982e-01
4.470319110460000047e+02 7.745286987389999878e-01
4.472048093839999865e+02 7.730323350729999543e-01
4.473777077220000251e+02 7.744311604500000445e-01
4.475506060609999395e+02 7.662652121209999612e-01
4.477235043990000349e+02 7.613685495599999964e-01
4.478964027369999599e+02 7.666430120230000034e-01
4.480693010749999985e+02 7.730772892470000324e-01
4.482421994129999803e+02 7.721669168910000325e-01
4.484150977520000083e+02 7.641748398919999685e-01
4.485879960899999901e+02 7.662352560699999815e-01
4.487608944280000287e+02 7.656354104989999687e-01
4.489337927660000105e+02 7.648632892669999794e-01
4.491066911050000385e+02 7.558099586900000055e-01
4.492795894429999635e+02 7.587617701469999698e-01
4.494524877810000589e+02 7.624872815540000293e-01
4.496253861189999839e+02 7.679223383579999451e-01
4.497982844570000225e+02 7.647159207620000121e-01
4.499711827959999937e+02 7.628803180650000071e-01
4.501440811340000323e+02 7.696771257579999581e-01
4.503169794720000141e+02 7.792171438710000508e-01
4.504898778099999390e+02 7.802083609479999460e-01
4.506627761490000239e+02 7.802702149360000172e-01
4.508356744869999488e+02 7.816915417299999946e-01
4.510085728249999875e+02 7.761449122189999494e-01
4.511814711629999692e+02 7.744929588560000022e-01
4.513543695010000079e+02 7.669051725509999917e-01
4.515272678399999791e+02 7.671456530400000418e-01
4.517001661780000177e+02 7.543599448479999525e-01
4.518730645159999995e+02 7.494265416130000412e-01
4.520459628540000381e+02 7.466812908900000156e-01
4.522188611929999524e+02 7.561606883279999858e-01
4.523917595310000479e+02 7.591282795310000386e-01
4.525646578689999728e+02 7.629082838320000448e-01
4.527375562070000115e+02 7.610670815840000492e-01
4.529104545449999932e+02 7.638393836360000133e-01
4.530833528840000213e+02 7.645736946819999824e-01
4.532562512220000031e+02 7.592262542819999682e-01
4.534291495600000417e+02 7.441692028149999860e-01
4.536020478980000235e+02 7.449411098039999679e-01
4.537749462370000515e+02 7.591935612900000407e-01
4.539478445749999764e+02 7.678616435189999923e-01
4.541207429129999582e+02 7.664783260799999942e-01
4.542936412509999968e+02 7.610715481719999564e-01
4.544665395889999786e+02 7.584517590029999923e-01
4.546394379280000067e+02 7.584624093349999763e-01
4.548123362659999884e+02 7.532385058849999648e-01
4.549852346040000270e+02 7.490665520229999874e-01
4.551581329419999520e+02 7.396389688169999754e-01
4.553310312810000369e+02 7.454228859239999672e-01
4.555039296189999618e+02 7.536482567159999979e-01
4.556768279570000004e+02 7.633202517199999537e-01
4.558497262949999822e+02 7.669573605280000095e-01
4.560226246330000208e+02 7.667572096770000067e-01
4.561955229719999920e+02 7.638375068039999771e-01
4.563684213100000306e+02 7.603819839980000550e-01
4.565413196480000124e+02 7.551718364220000312e-01
4.567142179860000510e+02 7.512929857279999624e-01
4.568871163249999654e+02 7.456571700290000049e-01
4.570600146630000609e+02 7.458681884460000022e-01
4.572329130009999858e+02 7.441625564420000227e-01
4.574058113389999676e+02 7.438889568619999615e-01
4.575787096770000062e+02 7.380849812899999973e-01
4.577516080159999774e+02 7.390292675459999572e-01
4.579245063540000160e+02 7.469041843989999707e-01
4.580974046919999410e+02 7.595456046630000291e-01
4.582703030300000364e+02 7.561337260610000444e-01
4.584432013689999508e+02 7.502114781919999587e-01
4.586160997069999894e+02 7.412253065099999594e-01
4.587889980449999712e+02 7.413864546239999909e-01
4.589618963830000098e+02 7.401846259040000264e-01
4.591347947209999916e+02 7.468994355129999763e-01
4.593076930600000196e+02 7.551310211530000149e-01
4.594805913980000014e+02 7.478204954839999807e-01
4.596534897360000400e+02 7.441899641060000237e-01
4.598263880739999649e+02 7.391833491789999711e-01
4.599992864130000498e+02 7.433937662170000404e-01
4.601721847509999748e+02 7.449431440760000411e-01
4.603450830890000134e+02 7.459526509870000321e-01
4.605179814269999952e+02 7.564611037439999963e-01
4.606908797650000338e+02 7.540251194129999890e-01
4.608637781040000050e+02 7.534867141740000385e-01
4.610366764420000436e+02 7.465742523559999455e-01
4.612095747800000254e+02 7.498999965399999468e-01
4.613824731179999503e+02 7.469129335480000353e-01
4.615553714569999784e+02 7.542555775560000342e-01
4.617282697949999601e+02 7.696729255130000391e-01
4.619011681329999988e+02 8.574425794719999772e-01
4.620740664709999805e+02 9.354146667249999547e-01
4.622469648090000192e+02 9.975699954840000494e-01
4.624198631479999904e+02 9.998143996680000090e-01
4.625927614860000290e+02 9.999598676049999968e-01
4.627656598239999539e+02 9.999937811139999466e-01
4.629385581620000494e+02 9.999974940470000018e-01
4.631114564999999743e+02 9.999993458260000301e-01
4.632843548390000024e+02 9.999997687099999588e-01
4.634572531769999841e+02 1.000000000000000000e+00
4.636301515150000228e+02 1.000000000000000000e+00
4.638030498530000045e+02 1.000000000000000000e+00
4.639759481920000326e+02 1.000000000000000000e+00
4.641488465300000144e+02 1.000000000000000000e+00
4.643217448680000530e+02 1.000000000000000000e+00
4.644946432059999779e+02 1.000000000000000000e+00
4.646675415439999597e+02 1.000000000000000000e+00
4.648404398829999877e+02 1.000000000000000000e+00
4.650133382209999695e+02 1.000000000000000000e+00
4.651862365590000081e+02 1.000000000000000000e+00
4.653591348969999899e+02 1.000000000000000000e+00
4.655320332360000180e+02 1.000000000000000000e+00
4.657049315739999429e+02 1.000000000000000000e+00
4.658778299120000383e+02 1.000000000000000000e+00
4.660507282499999633e+02 1.000000000000000000e+00
4.662236265880000019e+02 1.000000000000000000e+00
4.663965249269999731e+02 1.000000000000000000e+00
4.665694232650000117e+02 1.000000000000000000e+00
4.667423216029999935e+02 1.000000000000000000e+00
4.669152199410000321e+02 1.000000000000000000e+00
4.670881182800000033e+02 1.000000000000000000e+00
4.672610166180000419e+02 1.000000000000000000e+00
4.674339149559999669e+02 1.000000000000000000e+00
4.676068132940000623e+02 1.000000000000000000e+00
4.677797116319999873e+02 1.000000000000000000e+00
4.679526099710000153e+02 1.000000000000000000e+00
4.681255083089999971e+02 1.000000000000000000e+00
4.682984066469999789e+02 1.000000000000000000e+00
4.684713049850000175e+02 1.000000000000000000e+00
4.686442033239999319e+02 1.000000000000000000e+00
4.688171016620000273e+02 1.000000000000000000e+00
4.689899999999999523e+02 1.000000000000000000e+00
