# Wavelength (Nm)     Mean
2.923179999999999836e+02 1.383139600000000136e-01
2.925029188659999591e+02 1.428575595580000024e-01
2.926878377319999913e+02 1.452591686449999919e-01
2.928727565979999667e+02 1.439823760120000073e-01
2.930576754639999990e+02 1.417555603600000047e-01
2.932425943300000313e+02 1.423983004690000109e-01
2.934275131960000067e+02 1.425739980999999879e-01
2.936124320630000284e+02 1.434192059630000071e-01
2.937973509290000038e+02 1.441585519999999954e-01
2.939822697949999792e+02 1.458444077770000014e-01
2.941671886610000115e+02 1.454395738220000123e-01
2.943521075269999869e+02 1.450888469249999868e-01
2.945370263930000192e+02 1.454788629210000128e-01
2.947219452589999946e+02 1.499574055410000106e-01
2.949068641249999700e+02 1.516191325400000067e-01
2.950917829910000023e+02 1.501000605870000115e-01
2.952767018569999777e+02 1.479689473509999964e-01
2.954616207230000100e+02 1.478000081059999971e-01
2.956465395889999854e+02 1.471399518120000138e-01
2.958314584560000071e+02 1.467220329030000103e-01
2.960163773220000394e+02 1.473596894430000137e-01
2.962012961880000148e+02 1.497978292669999989e-01
2.963862150539999902e+02 1.514196254190000035e-01
2.965711339200000225e+02 1.492818780409999879e-01
2.967560527859999979e+02 1.475427927740000089e-01
2.969409716520000302e+02 1.462993812510000047e-01
2.971258905180000056e+02 1.482134507489999975e-01
2.973108093839999810e+02 1.509703532549999949e-01
2.974957282500000133e+02 1.505778585099999956e-01
2.976806471159999887e+02 1.496757608250000038e-01
2.978655659820000210e+02 1.482471212900000057e-01
2.980504848479999964e+02 1.485746724850000033e-01
2.982354037149999613e+02 1.482493369579999942e-01
2.984203225809999935e+02 1.476576374190000096e-01
2.986052414469999690e+02 1.501512925750000116e-01
2.987901603130000012e+02 1.500626396089999870e-01
2.989750791790000335e+02 1.499960922459999957e-01
2.991599980450000089e+02 1.513027742799999964e-01
2.993449169110000412e+02 1.522769775720000107e-01
2.995298357770000166e+02 1.536988783229999989e-01
2.997147546429999920e+02 1.530307999999999946e-01
2.998996735090000243e+02 1.481894323680000014e-01
3.000845923749999997e+02 1.421934221820000122e-01
3.002695112410000320e+02 1.389449019940000030e-01
3.004544301079999968e+02 1.408904191400000006e-01
3.006393489739999723e+02 1.378247599180000005e-01
3.008242678400000045e+02 1.371157086220000099e-01
3.010091867059999799e+02 1.379738572039999889e-01
3.011941055720000122e+02 1.398349326099999901e-01
3.013790244379999876e+02 1.415250130559999875e-01
3.015639433039999631e+02 1.414407962500000004e-01
3.017488621699999953e+02 1.415844520469999868e-01
3.019337810359999708e+02 1.410994452240000030e-01
3.021186999020000030e+02 1.410092897949999924e-01
3.023036187679999784e+02 1.397116161989999938e-01
3.024885376340000107e+02 1.385835602150000123e-01
3.026734565000000430e+02 1.385826413800000101e-01
3.028583753670000078e+02 1.412750158119999988e-01
3.030432942329999833e+02 1.428238941739999879e-01
3.032282130990000155e+02 1.442958076720000093e-01
3.034131319649999909e+02 1.446520130560000061e-01
3.035980508310000232e+02 1.458856548349999893e-01
3.037829696969999986e+02 1.463531706669999877e-01
3.039678885629999741e+02 1.473003550149999952e-01
3.041528074290000063e+02 1.479639660529999956e-01
3.043377262949999817e+02 1.469371851069999901e-01
3.045226451610000140e+02 1.451991325160000013e-01
3.047075640269999894e+02 1.449316411179999986e-01
3.048924828929999649e+02 1.429408671359999883e-01
3.050774017600000434e+02 1.432723298420000013e-01
3.052623206260000188e+02 1.464943033470000044e-01
3.054472394919999942e+02 1.494678692749999982e-01
3.056321583580000265e+02 1.503771975369999903e-01
3.058170772240000019e+02 1.502445523560000107e-01
3.060019960900000342e+02 1.530507016969999967e-01
3.061869149560000096e+02 1.543025795659999921e-01
3.063718338219999850e+02 1.523971875269999887e-01
3.065567526880000173e+02 1.506111174189999902e-01
3.067416715539999927e+02 1.512064666859999906e-01
3.069265904200000250e+02 1.516108743300000061e-01
3.071115092860000004e+02 1.537130300020000118e-01
3.072964281519999759e+02 1.541449205039999992e-01
3.074813470189999975e+02 1.576076565239999949e-01
3.076662658849999730e+02 1.572179299510000072e-01
3.078511847510000052e+02 1.584434187919999959e-01
3.080361036169999807e+02 1.601764077299999978e-01
3.082210224829999561e+02 1.597804289230000119e-01
3.084059413490000452e+02 1.548593881760000068e-01
3.085908602150000206e+02 1.538397275270000086e-01
3.087757790809999960e+02 1.573812746709999932e-01
3.089606979470000283e+02 1.629857703229999899e-01
3.091456168130000037e+02 1.664101703030000101e-01
3.093305356790000360e+02 1.679534458339999869e-01
3.095154545450000114e+02 1.684531836360000090e-01
3.097003734119999763e+02 1.666075553980000123e-01
3.098852922780000085e+02 1.659146371030000011e-01
3.100702111439999840e+02 1.670635680589999950e-01
3.102551300100000162e+02 1.686487743619999868e-01
3.104400488759999917e+02 1.684688580060000052e-01
3.106249677419999671e+02 1.674935313550000027e-01
3.108098866079999993e+02 1.671510753469999944e-01
3.109948054739999748e+02 1.674026308899999871e-01
3.111797243400000070e+02 1.681047200230000038e-01
3.113646432059999825e+02 1.676947432260000037e-01
3.115495620719999579e+02 1.714182141429999862e-01
3.117344809379999901e+02 1.703560592839999943e-01
3.119193998040000224e+02 1.707608224830000077e-01
3.121043186709999873e+02 1.716453421430000070e-01
3.122892375370000195e+02 1.729037215839999975e-01
3.124741564029999950e+02 1.733699918040000065e-01
3.126590752690000272e+02 1.732592031400000121e-01
3.128439941350000026e+02 1.740924194600000086e-01
3.130289130009999781e+02 1.749009283440000062e-01
3.132138318670000103e+02 1.725390184360000023e-01
3.133987507329999858e+02 1.741526570670000051e-01
3.135836695990000180e+02 1.726238553159999967e-01
3.137685884649999934e+02 1.743382256069999914e-01
3.139535073309999689e+02 1.760929647979999901e-01
3.141384261970000011e+02 1.795250972430000036e-01
3.143233450639999660e+02 1.819830127389999996e-01
3.145082639299999983e+02 1.794360152960000065e-01
3.146931827960000305e+02 1.814550624950000135e-01
3.148781016620000059e+02 1.825972449499999872e-01
3.150630205280000382e+02 1.795124107330000052e-01
3.152479393940000136e+02 1.767280889700000024e-01
3.154328582599999891e+02 1.787534345179999928e-01
3.156177771260000213e+02 1.825334639410000070e-01
3.158026959919999967e+02 1.817965899079999892e-01
3.159876148580000290e+02 1.808526204889999989e-01
3.161725337240000044e+02 1.814245461110000068e-01
3.163574525899999799e+02 1.864708034370000100e-01
3.165423714570000016e+02 1.896942580490000030e-01
3.167272903229999770e+02 1.935180349679999912e-01
3.169122091890000092e+02 1.918445393160000123e-01
3.170971280549999847e+02 1.931227594100000111e-01
3.172820469209999601e+02 1.937681389329999893e-01
3.174669657869999924e+02 1.909291199489999979e-01
3.176518846529999678e+02 1.897483887589999918e-01
3.178368035190000001e+02 1.911202618769999861e-01
3.180217223850000323e+02 1.949909971769999972e-01
3.182066412510000077e+02 1.960007328800000004e-01
3.183915601170000400e+02 1.973333033309999929e-01
3.185764789830000154e+02 1.957593640120000034e-01
3.187613978489999909e+02 1.951324073119999891e-01
3.189463167160000125e+02 1.975566066979999869e-01
3.191312355819999880e+02 1.975683871829999882e-01
3.193161544480000202e+02 2.004418826899999895e-01
3.195010733139999957e+02 2.021083270619999928e-01
3.196859921799999711e+02 2.067030856300000052e-01
3.198709110460000034e+02 2.085005142639999864e-01
3.200558299119999788e+02 2.123073088799999897e-01
3.202407487780000110e+02 2.146740860530000072e-01
3.204256676439999865e+02 2.177909851500000049e-01
3.206105865099999619e+02 2.187028666860000026e-01
3.207955053759999942e+02 2.213271190109999953e-01
3.209804242419999696e+02 2.200283959999999872e-01
3.211653431089999913e+02 2.199751030150000064e-01
3.213502619750000235e+02 2.228529022949999883e-01
3.215351808409999990e+02 2.245118201759999932e-01
3.217200997070000312e+02 2.245057637650000049e-01
3.219050185730000067e+02 2.241578563749999919e-01
3.220899374389999821e+02 2.289933229520000058e-01
3.222748563050000143e+02 2.300571895369999953e-01
3.224597751709999898e+02 2.279339411140000049e-01
3.226446940370000220e+02 2.273042115070000035e-01
3.228296129029999975e+02 2.292567064519999975e-01
3.230145317689999729e+02 2.320542313779999921e-01
3.231994506350000051e+02 2.321817958040000018e-01
3.233843695009999806e+02 2.332272377129999963e-01
3.235692883680000023e+02 2.334475011530000033e-01
3.237542072339999777e+02 2.384311539940000002e-01
3.239391261000000100e+02 2.386491958120000034e-01
3.241240449660000422e+02 2.399617902370000111e-01
3.243089638320000176e+02 2.387453351909999966e-01
3.244938826979999931e+02 2.426452883989999865e-01
3.246788015640000253e+02 2.468380426740000022e-01
3.248637204300000008e+02 2.527198923439999967e-01
3.250486392960000330e+02 2.521814595310000184e-01
3.252335581620000085e+02 2.485438943499999886e-01
3.254184770279999839e+02 2.490158442069999867e-01
3.256033958940000161e+02 2.537685092790000208e-01
3.257883147609999810e+02 2.589323538339999842e-01
3.259732336270000133e+02 2.601340388269999804e-01
3.261581524929999887e+02 2.604719080940000042e-01
3.263430713589999641e+02 2.593941618260000026e-01
3.265279902249999964e+02 2.599066941470000169e-01
3.267129090909999718e+02 2.610212810909999792e-01
3.268978279570000041e+02 2.628386824949999756e-01
3.270827468229999795e+02 2.662984581619999847e-01
3.272676656889999549e+02 2.717253009150000231e-01
3.274525845550000440e+02 2.721400215720000126e-01
3.276375034210000194e+02 2.706738371849999880e-01
3.278224222869999949e+02 2.703437676250000088e-01
3.280073411530000271e+02 2.741261124730000054e-01
3.281922600199999920e+02 2.739596132279999985e-01
3.283771788860000242e+02 2.707593650210000091e-01
3.285620977519999997e+02 2.681670623810000209e-01
3.287470166179999751e+02 2.661009966999999810e-01
3.289319354840000074e+02 2.697537303229999850e-01
3.291168543499999828e+02 2.728189027490000029e-01
3.293017732160000151e+02 2.740167912059999766e-01
3.294866920819999905e+02 2.788048853610000100e-01
3.296716109479999659e+02 2.846800796639999964e-01
3.298565298139999982e+02 2.848835385919999963e-01
3.300414486799999736e+02 2.834760159179999794e-01
3.302263675460000059e+02 2.803294242739999831e-01
3.304112864130000276e+02 2.816408707570000058e-01
3.305962052790000030e+02 2.824069863459999774e-01
3.307811241450000352e+02 2.877665972039999964e-01
3.309660430110000107e+02 2.948951876990000276e-01
3.311509618769999861e+02 3.014742733720000012e-01
3.313358807430000184e+02 3.018633073349999973e-01
3.315207996089999938e+02 2.998454366730000098e-01
3.317057184750000260e+02 2.979416487389999757e-01
3.318906373410000015e+02 2.967120944359999957e-01
3.320755562069999769e+02 2.990108503850000266e-01
3.322604750730000092e+02 3.021162197300000241e-01
3.324453939389999846e+02 3.032371298179999952e-01
3.326303128050000169e+02 3.061482636949999780e-01
3.328152316719999817e+02 3.051048092670000100e-01
3.330001505379999571e+02 3.062755957850000210e-01
3.331850694039999894e+02 3.083944590770000271e-01
3.333699882700000217e+02 3.130244064630000045e-01
3.335549071359999971e+02 3.175911061580000139e-01
3.337398260020000293e+02 3.193848155699999802e-01
3.339247448680000048e+02 3.191773649619999986e-01
3.341096637340000370e+02 3.210824417629999927e-01
3.342945826000000125e+02 3.207521975909999878e-01
3.344795014659999879e+02 3.168713267450000148e-01
3.346644203320000202e+02 3.261606303540000029e-01
3.348493391979999956e+02 3.290471060610000165e-01
3.350342580650000173e+02 3.332697976769999904e-01
3.352191769309999927e+02 3.285080369930000188e-01
3.354040957969999681e+02 3.341582142719999871e-01
3.355890146630000004e+02 3.436480344869999870e-01
3.357739335289999758e+02 3.510513688599999904e-01
3.359588523950000081e+02 3.483187573220000166e-01
3.361437712609999835e+02 3.418837662399999977e-01
3.363286901269999589e+02 3.417742585340000083e-01
3.365136089929999912e+02 3.462162580409999801e-01
3.366985278589999666e+02 3.564727899940000055e-01
3.368834467249999989e+02 3.626803125320000043e-01
3.370683655910000311e+02 3.625065960430000067e-01
3.372532844570000066e+02 3.591176150150000024e-01
3.374382033240000283e+02 3.610561330050000017e-01
3.376231221900000037e+02 3.593683652940000139e-01
3.378080410559999791e+02 3.591796260180000200e-01
3.379929599220000114e+02 3.605912749210000157e-01
3.381778787879999868e+02 3.634771490909999847e-01
3.383627976540000191e+02 3.623355157650000047e-01
3.385477165199999945e+02 3.619163090170000041e-01
3.387326353859999699e+02 3.658902420490000029e-01
3.389175542520000022e+02 3.769332534079999908e-01
3.391024731179999776e+02 3.814583746240000073e-01
3.392873919840000099e+02 3.852360796250000052e-01
3.394723108499999853e+02 3.809690859239999727e-01
3.396572297170000070e+02 3.879317561639999967e-01
3.398421485830000393e+02 3.906970980019999762e-01
3.400270674490000147e+02 3.949930662169999773e-01
3.402119863149999901e+02 3.884711687940000102e-01
3.403969051810000224e+02 3.882272489699999940e-01
3.405818240469999978e+02 3.935774049499999871e-01
3.407667429130000301e+02 3.995389849270000182e-01
3.409516617790000055e+02 4.016335697360000068e-01
3.411365806449999809e+02 4.085891052899999765e-01
3.413214995110000132e+02 4.117504538569999872e-01
3.415064183769999886e+02 4.122811398630000235e-01
3.416913372430000209e+02 4.123840226159999900e-01
3.418762561089999963e+02 4.105495804300000051e-01
3.420611749759999611e+02 4.060088091960000201e-01
3.422460938419999934e+02 4.040187488090000167e-01
3.424310127079999688e+02 4.165618247000000274e-01
3.426159315740000011e+02 4.242354518870000146e-01
3.428008504400000334e+02 4.294027483869999884e-01
3.429857693060000088e+02 4.329484298769999961e-01
3.431706881720000410e+02 4.264041426669999968e-01
3.433556070380000165e+02 4.230227139000000136e-01
3.435405259039999919e+02 4.278818396990000106e-01
3.437254447700000242e+02 4.403790323360000092e-01
3.439103636359999996e+02 4.494810047269999775e-01
3.440952825020000319e+02 4.494192916359999734e-01
3.442802013689999967e+02 4.491866095129999903e-01
3.444651202349999721e+02 4.479270764569999730e-01
3.446500391010000044e+02 4.551839470969999968e-01
3.448349579669999798e+02 4.604882977049999937e-01
3.450198768330000121e+02 4.682453754840000260e-01
3.452047956989999875e+02 4.680893701080000024e-01
3.453897145649999629e+02 4.613723291999999865e-01
3.455746334309999952e+02 4.591251904399999972e-01
3.457595522969999706e+02 4.633637980140000168e-01
3.459444711630000029e+02 4.723236348040000254e-01
3.461293900289999783e+02 4.768381093369999935e-01
3.463143088950000106e+02 4.825260421620000129e-01
3.464992277610000428e+02 4.897267807230000214e-01
3.466841466280000077e+02 4.952901949330000275e-01
3.468690654939999831e+02 4.936844158400000016e-01
3.470539843600000154e+02 4.944706069170000107e-01
3.472389032259999908e+02 4.991760628390000121e-01
3.474238220920000231e+02 5.057794778490000143e-01
3.476087409579999985e+02 5.075159756399999500e-01
3.477936598239999739e+02 5.157103314250000015e-01
3.479785786900000062e+02 5.164953583889999589e-01
3.481634975559999816e+02 5.113401317339999474e-01
3.483484164220000139e+02 5.080682985919999783e-01
3.485333352879999893e+02 5.144346935870000026e-01
3.487182541539999647e+02 5.286288930989999635e-01
3.489031730210000433e+02 5.299217688909999557e-01
3.490880918870000187e+02 5.293425569849999901e-01
3.492730107529999941e+02 5.347158797850000145e-01
3.494579296190000264e+02 5.440010277300000308e-01
3.496428484850000018e+02 5.471977738180000550e-01
3.498277673510000341e+02 5.555594363360000232e-01
3.500126862170000095e+02 5.614626624749999850e-01
3.501976050829999849e+02 5.675059461389999615e-01
3.503825239490000172e+02 5.677149992919999777e-01
3.505674428149999926e+02 5.604143483050000318e-01
3.507523616810000249e+02 5.691688016420000107e-01
3.509372805470000003e+02 5.734005810279999560e-01
3.511221994129999757e+02 5.873788121409999619e-01
3.513071182799999974e+02 5.922813987530000102e-01
3.514920371459999728e+02 6.013998040939999568e-01
3.516769560120000051e+02 5.983337063229999808e-01
3.518618748779999805e+02 5.969184544910000056e-01
3.520467937439999560e+02 6.009383215839999570e-01
3.522317126100000451e+02 6.123044353550000096e-01
3.524166314760000205e+02 6.189267539160000497e-01
3.526015503419999959e+02 6.214700014620000434e-01
3.527864692080000282e+02 6.228470554020000272e-01
3.529713880740000036e+02 6.280290831279999875e-01
3.531563069400000359e+02 6.252011167509999856e-01
3.533412258060000113e+02 6.270909313550000475e-01
3.535261446729999761e+02 6.327202993199999570e-01
3.537110635390000084e+02 6.499088972940000319e-01
3.538959824049999838e+02 6.544570949560000184e-01
3.540809012710000161e+02 6.527812326259999631e-01
3.542658201369999915e+02 6.499152585340000066e-01
3.544507390029999669e+02 6.542985671200000075e-01
3.546356578689999992e+02 6.514872559140000297e-01
3.548205767349999746e+02 6.611783929419999817e-01
3.550054956010000069e+02 6.746129085750000032e-01
3.551904144669999823e+02 6.796445100879999757e-01
3.553753333329999577e+02 6.777894653329999963e-01
3.555602521989999900e+02 6.836509857360000275e-01
3.557451710650000223e+02 6.991468121410000514e-01
3.559300899319999871e+02 6.928896572980000057e-01
3.561150087980000194e+02 6.857350339590000399e-01
3.562999276639999948e+02 6.855164706080000281e-01
3.564848465300000271e+02 6.947464516319999950e-01
3.566697653960000025e+02 6.953581354840000506e-01
3.568546842619999779e+02 6.865329118440000045e-01
3.570396031280000102e+02 6.767266210479999655e-01
3.572245219939999856e+02 6.798679885980000170e-01
3.574094408600000179e+02 6.849502784090000240e-01
3.575943597259999933e+02 6.845077950150000312e-01
3.577792785919999687e+02 6.861054726569999485e-01
3.579641974580000010e+02 6.864101435930000106e-01
3.581491163250000227e+02 6.867486315390000096e-01
3.583340351909999981e+02 6.831201101110000451e-01
3.585189540570000304e+02 6.789301710070000384e-01
3.587038729230000058e+02 6.780866802389999837e-01
3.588887917890000381e+02 6.770870337009999851e-01
3.590737106550000135e+02 6.720036758830000290e-01
3.592586295209999889e+02 6.746384069440000131e-01
3.594435483870000212e+02 6.817982516130000059e-01
3.596284672529999966e+02 6.878172045510000387e-01
3.598133861190000289e+02 6.867483551359999661e-01
3.599983049850000043e+02 6.973324795659999742e-01
3.601832238509999797e+02 6.997063002660000031e-01
3.603681427170000120e+02 7.026462161880000501e-01
3.605530615839999768e+02 7.001844644339999535e-01
3.607379804500000091e+02 6.872850442500000323e-01
3.609228993159999845e+02 6.815217807469999833e-01
3.611078181819999600e+02 6.891833010910000112e-01
3.612927370479999922e+02 6.987780007039999797e-01
3.614776559139999677e+02 7.060012356129999889e-01
3.616625747799999999e+02 7.059331092320000334e-01
3.618474936460000322e+02 7.027571911009999894e-01
3.620324125120000076e+02 7.081727948699999553e-01
3.622173313780000399e+02 7.144298553669999885e-01
3.624022502440000153e+02 7.168953539510000139e-01
3.625871691099999907e+02 7.032843398510000288e-01
3.627720879770000124e+02 7.027132776190000429e-01
3.629570068429999878e+02 7.007605633629999664e-01
3.631419257090000201e+02 7.045687225019999778e-01
3.633268445749999955e+02 7.087424242459999801e-01
3.635117634409999710e+02 7.156503103229999718e-01
3.636966823070000032e+02 7.097584547330000326e-01
3.638816011729999786e+02 7.031828285040000459e-01
3.640665200390000109e+02 7.001087766569999982e-01
3.642514389049999863e+02 7.055112844540000205e-01
3.644363577709999618e+02 7.025826179349999867e-01
3.646212766369999940e+02 7.001504720629999623e-01
3.648061955029999694e+02 6.995583029719999457e-01
3.649911143699999911e+02 7.019269697950000220e-01
3.651760332360000234e+02 6.996155696460000240e-01
3.653609521019999988e+02 7.013508137949999721e-01
3.655458709680000311e+02 7.022215700649999670e-01
3.657307898340000065e+02 7.089353635030000156e-01
3.659157086999999819e+02 7.176095563250000087e-01
3.661006275660000142e+02 7.242879965980000279e-01
3.662855464319999896e+02 7.224443429329999722e-01
3.664704652980000219e+02 7.201283497829999991e-01
3.666553841639999973e+02 7.232163570790000051e-01
3.668403030299999728e+02 7.393199981820000044e-01
3.670252218960000050e+02 7.494805670190000102e-01
3.672101407619999804e+02 7.444180479059999689e-01
3.673950596290000021e+02 7.311814754209999823e-01
3.675799784949999776e+02 7.164026155699999565e-01
3.677648973610000098e+02 7.258045554840000246e-01
3.679498162270000421e+02 7.311099796009999929e-01
3.681347350930000175e+02 7.370760166609999775e-01
3.683196539589999929e+02 7.366443716949999665e-01
3.685045728250000252e+02 7.453428852750000333e-01
3.686894916910000006e+02 7.414655155820000232e-01
3.688744105570000329e+02 7.415288291610000471e-01
3.690593294230000083e+02 7.327849917030000437e-01
3.692442482889999837e+02 7.239912255989999768e-01
3.694291671550000160e+02 7.143176695599999793e-01
3.696140860219999809e+02 7.144169449460000543e-01
3.697990048880000131e+02 7.198364033240000071e-01
3.699839237539999885e+02 7.271870293140000330e-01
3.701688426199999640e+02 7.302017885239999728e-01
3.703537614859999962e+02 7.392074227920000240e-01
3.705386803519999717e+02 7.444156648680000377e-01
3.707235992180000039e+02 7.648678400270000344e-01
3.709085180839999794e+02 7.736403410090000321e-01
3.710934369499999548e+02 7.738850293960000126e-01
3.712783558160000439e+02 7.543347200979999556e-01
3.714632746820000193e+02 7.521250462759999644e-01
3.716481935479999947e+02 7.486769397420000027e-01
3.718331124140000270e+02 7.487159410910000368e-01
3.720180312809999918e+02 7.464755032219999586e-01
3.722029501470000241e+02 7.573009779939999797e-01
3.723878690129999995e+02 7.658869248090000026e-01
3.725727878789999750e+02 7.711062340609999843e-01
3.727577067450000072e+02 7.557316621230000253e-01
3.729426256109999827e+02 7.488119224010000297e-01
3.731275444770000149e+02 7.452662956090000401e-01
3.733124633429999903e+02 7.581287616420000486e-01
3.734973822089999658e+02 7.627744253960000442e-01
3.736823010749999980e+02 7.588831587100000053e-01
3.738672199409999735e+02 7.532584061110000340e-01
3.740521388070000057e+02 7.520884858890000135e-01
3.742370576740000274e+02 7.512120752690000236e-01
3.744219765400000028e+02 7.462222276829999501e-01
3.746068954060000351e+02 7.455642197649999803e-01
3.747918142720000105e+02 7.444115826199999564e-01
3.749767331379999860e+02 7.498255575719999788e-01
3.751616520040000182e+02 7.470893629129999880e-01
3.753465708699999936e+02 7.478996245429999634e-01
3.755314897360000259e+02 7.502753016769999617e-01
3.757164086020000013e+02 7.588325379350000510e-01
3.759013274679999768e+02 7.565179065060000374e-01
3.760862463340000090e+02 7.514551301470000499e-01
3.762711651999999845e+02 7.465139813140000413e-01
3.764560840660000167e+02 7.470667748820000176e-01
3.766410029329999816e+02 7.427966012900000248e-01
3.768259217989999570e+02 7.358087554600000191e-01
3.770108406649999893e+02 7.220552643600000042e-01
3.771957595310000215e+02 7.250587336770000224e-01
3.773806783969999969e+02 7.258883110970000274e-01
3.775655972630000292e+02 7.327201795929999539e-01
3.777505161290000046e+02 7.351297745810000395e-01
3.779354349950000369e+02 7.489451472339999638e-01
3.781203538610000123e+02 7.481847832179999713e-01
3.783052727269999878e+02 7.441538756359999951e-01
3.784901915930000200e+02 7.324982651139999579e-01
3.786751104589999954e+02 7.275758395029999770e-01
3.788600293260000171e+02 7.387272068039999473e-01
3.790449481919999926e+02 7.454308313549999898e-01
3.792298670579999680e+02 7.568762144630000188e-01
3.794147859240000003e+02 7.771227716480000325e-01
3.795997047899999757e+02 7.917482812589999863e-01
3.797846236560000079e+02 7.920301015049999727e-01
3.799695425219999834e+02 7.867180675310000426e-01
3.801544613879999588e+02 7.898357339429999957e-01
3.803393802539999911e+02 7.902024197810000317e-01
3.805242991199999665e+02 7.889846494900000229e-01
3.807092179859999987e+02 7.771567430689999556e-01
3.808941368520000310e+02 7.746453783619999811e-01
3.810790557180000064e+02 7.730762701000000181e-01
3.812639745850000281e+02 7.741774258179999757e-01
3.814488934510000036e+02 7.705183972469999976e-01
3.816338123169999790e+02 7.724635849269999577e-01
3.818187311830000112e+02 7.698010111399999911e-01
3.820036500489999867e+02 7.706779838280000128e-01
3.821885689150000189e+02 7.681155102990000483e-01
3.823734877809999944e+02 7.735158780609999729e-01
3.825584066469999698e+02 7.755545445549999473e-01
3.827433255130000020e+02 7.774287071090000278e-01
3.829282443789999775e+02 7.749169971420000191e-01
3.831131632450000097e+02 7.693166793390000535e-01
3.832980821109999852e+02 7.800177111910000516e-01
3.834830009780000069e+02 7.883059424630000089e-01
3.836679198440000391e+02 7.859910836519999888e-01
3.838528387100000145e+02 7.762363176769999651e-01
3.840377575759999900e+02 7.708503843639999964e-01
3.842226764420000222e+02 7.778117939199999942e-01
3.844075953079999977e+02 7.795033280940000253e-01
3.845925141740000299e+02 7.836638603359999955e-01
3.847774330400000053e+02 7.719196095560000304e-01
3.849623519059999808e+02 7.715938884570000544e-01
3.851472707720000130e+02 7.721660284179999723e-01
3.853321896379999885e+02 7.728226236749999867e-01
3.855171085040000207e+02 7.757301539709999805e-01
3.857020273699999962e+02 7.762339050130000473e-01
3.858869462369999610e+02 7.781599778490000396e-01
3.860718651029999933e+02 7.751799063930000511e-01
3.862567839689999687e+02 7.775660289929999802e-01
3.864417028350000010e+02 7.706618707210000085e-01
3.866266217010000332e+02 7.756193335479999451e-01
3.868115405670000087e+02 7.705704338529999475e-01
3.869964594330000409e+02 7.653786466590000170e-01
3.871813782990000163e+02 7.594500740759999591e-01
3.873662971649999918e+02 7.570253314529999944e-01
3.875512160310000240e+02 7.620879269520000054e-01
3.877361348969999995e+02 7.640703839650000440e-01
3.879210537630000317e+02 7.603308999569999838e-01
3.881059726299999966e+02 7.600126868040000261e-01
3.882908914959999720e+02 7.714631262290000402e-01
3.884758103620000043e+02 7.762411002819999961e-01
3.886607292279999797e+02 7.784348362580000291e-01
3.888456480940000120e+02 7.774168898650000159e-01
3.890305669599999874e+02 7.780057319259999771e-01
3.892154858259999628e+02 7.714013996749999880e-01
3.894004046919999951e+02 7.697519483170000010e-01
3.895853235579999705e+02 7.686696922539999477e-01
3.897702424240000028e+02 7.701797962419999477e-01
3.899551612899999782e+02 7.726645077420000174e-01
3.901400801560000104e+02 7.661442040350000537e-01
3.903249990220000427e+02 7.692806557110000165e-01
3.905099178890000076e+02 7.616103561879999928e-01
3.906948367549999830e+02 7.626826405940000386e-01
3.908797556210000153e+02 7.628087568129999774e-01
3.910646744869999907e+02 7.694377112019999965e-01
3.912495933530000229e+02 7.769150037650000007e-01
3.914345122189999984e+02 7.710923991089999596e-01
3.916194310849999738e+02 7.657883403990000115e-01
3.918043499510000061e+02 7.633189247310000480e-01
3.919892688169999815e+02 7.619161566450000089e-01
3.921741876830000137e+02 7.513835058300000203e-01
3.923591065489999892e+02 7.392612759259999944e-01
3.925440254149999646e+02 7.470579865380000406e-01
3.927289442820000431e+02 7.620812313779999903e-01
3.929138631480000186e+02 7.734759096929999522e-01
3.930987820139999940e+02 7.634882783809999740e-01
3.932837008800000262e+02 7.601089338180000432e-01
3.934686197460000017e+02 7.569254876440000279e-01
3.936535386120000339e+02 7.581468500489999540e-01
3.938384574780000094e+02 7.621869300760000243e-01
3.940233763439999848e+02 7.564807359999999870e-01
3.942082952100000171e+02 7.598410838829999792e-01
3.943932140759999925e+02 7.550451153899999657e-01
3.945781329420000247e+02 7.582780307140000176e-01
3.947630518080000002e+02 7.520338771029999592e-01
3.949479706739999756e+02 7.550951842819999538e-01
3.951328895409999973e+02 7.555800325979999954e-01
3.953178084069999727e+02 7.597796892670000135e-01
3.955027272730000050e+02 7.533853254550000322e-01
3.956876461389999804e+02 7.538409926329999733e-01
3.958725650049999558e+02 7.599461281639999788e-01
3.960574838710000449e+02 7.657095376770000072e-01
3.962424027370000204e+02 7.629957219320000483e-01
3.964273216029999958e+02 7.579117753670000512e-01
3.966122404690000280e+02 7.606363474720000406e-01
3.967971593350000035e+02 7.574796917689999853e-01
3.969820782010000357e+02 7.550783851140000502e-01
3.971669970670000112e+02 7.567928719769999590e-01
3.973519159339999760e+02 7.518160035580000455e-01
3.975368348000000083e+02 7.378009305530000006e-01
3.977217536659999837e+02 7.271860502760000289e-01
3.979066725320000160e+02 7.316750947879999689e-01
3.980915913979999914e+02 7.402477673120000379e-01
3.982765102639999668e+02 7.498215631090000555e-01
3.984614291299999991e+02 7.514911899470000378e-01
3.986463479959999745e+02 7.494350408409999886e-01
3.988312668620000068e+02 7.469228974899999596e-01
3.990161857279999822e+02 7.514325780180000081e-01
3.992011045939999576e+02 7.588658721019999609e-01
3.993860234599999899e+02 7.560048481640000428e-01
3.995709423260000221e+02 7.549379201560000308e-01
3.997558611929999870e+02 7.475063475930000534e-01
3.999407800590000193e+02 7.727619534899999865e-01
4.001256989249999947e+02 7.977630266670000525e-01
4.003106177910000270e+02 8.228561501040000392e-01
4.004955366570000024e+02 8.286626657710000066e-01
4.006804555229999778e+02 8.378375916600000473e-01
4.008653743890000101e+02 8.329759633819999731e-01
4.010502932549999855e+02 8.359174799999999905e-01
4.012352121210000178e+02 8.377446505450000247e-01
4.014201309869999932e+02 8.462452967119999947e-01
4.016050498529999686e+02 8.462756362109999930e-01
4.017899687190000009e+02 8.524202159799999512e-01
4.019748875860000226e+02 8.491030460799999791e-01
4.021598064519999980e+02 8.472674269679999481e-01
4.023447253180000303e+02 8.335164253610000129e-01
4.025296441840000057e+02 8.362263104789999790e-01
4.027145630500000379e+02 8.411124921410000344e-01
4.028994819160000134e+02 8.446109451030000548e-01
4.030844007819999888e+02 8.414759701940000003e-01
4.032693196480000211e+02 8.292426516480000398e-01
4.034542385139999965e+02 8.277730274410000089e-01
4.036391573800000288e+02 8.309184119060000207e-01
4.038240762460000042e+02 8.329533519059999502e-01
4.040089951119999796e+02 8.313146262830000133e-01
4.041939139780000119e+02 8.366164914410000319e-01
4.043788328449999767e+02 8.430598205160000358e-01
4.045637517110000090e+02 8.344412358399999619e-01
4.047486705769999844e+02 8.345087393550000288e-01
4.049335894429999598e+02 8.357393767620000524e-01
4.051185083089999921e+02 8.403832288720000099e-01
4.053034271749999675e+02 8.346406951949999486e-01
4.054883460409999998e+02 8.178410698179999772e-01
4.056732649070000321e+02 8.157461660799999459e-01
4.058581837730000075e+02 8.240782018059999992e-01
4.060431026390000397e+02 8.427814149910000108e-01
4.062280215050000152e+02 8.386027854190000186e-01
4.064129403709999906e+02 8.341646375989999473e-01
4.065978592380000123e+02 8.238941642229999918e-01
4.067827781039999877e+02 8.217428550730000447e-01
4.069676969700000200e+02 8.194912960000000357e-01
4.071526158359999954e+02 8.261931735249999909e-01
4.073375347019999708e+02 8.268247390340000003e-01
4.075224535680000031e+02 8.278897271749999787e-01
4.077073724339999785e+02 8.254388899350000308e-01
4.078922913000000108e+02 8.237997915660000281e-01
4.080772101659999862e+02 8.250394396560000176e-01
4.082621290319999616e+02 8.301839552259999699e-01
4.084470478979999939e+02 8.312064245360000214e-01
4.086319667639999693e+02 8.278251300100000210e-01
4.088168856300000016e+02 8.235584367160000419e-01
4.090018044970000233e+02 8.290601598789999471e-01
4.091867233629999987e+02 8.328134049149999996e-01
4.093716422290000310e+02 8.360082482109999491e-01
4.095565610950000064e+02 8.282421358749999518e-01
4.097414799609999818e+02 8.300145509359999618e-01
4.099263988269999572e+02 8.243717591550000501e-01
4.101113176929999895e+02 8.291881636829999680e-01
4.102962365590000218e+02 8.254246419349999808e-01
4.104811554249999972e+02 8.276402849149999685e-01
4.106660742910000295e+02 8.181787414660000035e-01
4.108509931570000049e+02 8.192744218890000152e-01
4.110359120230000372e+02 8.181922786159999683e-01
4.112208308900000020e+02 8.169808745650000148e-01
4.114057497560000343e+02 8.171196500880000269e-01
4.115906686219999528e+02 8.138219143930000010e-01
4.117755874880000420e+02 8.188602835739999808e-01
4.119605063539999605e+02 8.234601178379999942e-01
4.121454252199999928e+02 8.375604204109999840e-01
4.123303440859999682e+02 8.402232713980000156e-01
4.125152629520000005e+02 8.240123163989999666e-01
4.127001818179999759e+02 8.164090418180000031e-01
4.128851006840000082e+02 8.206174904709999662e-01
4.130700195499999836e+02 8.288553161489999876e-01
4.132549384160000159e+02 8.359370963990000458e-01
4.134398572830000376e+02 8.348068275579999531e-01
4.136247761490000130e+02 8.306912806139999939e-01
4.138096950150000453e+02 8.251091914960000384e-01
4.139946138809999638e+02 8.247063223660000553e-01
4.141795327470000530e+02 8.253775703539999453e-01
4.143644516129999715e+02 8.224482996130000334e-01
4.145493704790000038e+02 8.220978608519999842e-01
4.147342893449999792e+02 8.181062961060000527e-01
4.149192082110000115e+02 8.138302248090000246e-01
4.151041270769999869e+02 8.169999414080000300e-01
4.152890459430000192e+02 8.206438131419999671e-01
4.154739648089999946e+02 8.171185151319999562e-01
4.156588836750000269e+02 8.179677688759999787e-01
4.158438025419999349e+02 8.133186073310000319e-01
4.160287214080000240e+02 8.130511103109999693e-01
4.162136402740000563e+02 8.119768655989999528e-01
4.163985591399999748e+02 8.118916362579999824e-01
4.165834780060000639e+02 8.147299506509999567e-01
4.167683968719999825e+02 8.104434041060000204e-01
4.169533157380000148e+02 8.087755988660000339e-01
4.171382346039999902e+02 8.104337423459999634e-01
4.173231534700000225e+02 8.102642593000000115e-01
4.175080723359999979e+02 8.090233930400000384e-01
4.176929912020000302e+02 8.093548836949999714e-01
4.178779100680000056e+02 8.135908959880000513e-01
4.180628289350000273e+02 8.179536002310000553e-01
4.182477478009999459e+02 8.219232652079999646e-01
4.184326666670000350e+02 8.233301546669999915e-01
4.186175855329999536e+02 8.287308137440000388e-01
4.188025043989999858e+02 8.125748337829999945e-01
4.189874232649999612e+02 8.103210212939999657e-01
4.191723421309999935e+02 8.099631724850000492e-01
4.193572609969999689e+02 8.186653955539999750e-01
4.195421798630000012e+02 8.119502138220000553e-01
4.197270987290000335e+02 8.107486370519999541e-01
4.199120175950000089e+02 8.072421443170000321e-01
4.200969364610000412e+02 8.017187923790000115e-01
4.202818553270000166e+02 7.995610468739999810e-01
4.204667741940000383e+02 7.976031458060000023e-01
4.206516930599999569e+02 7.976298648449999806e-01
4.208366119260000460e+02 8.015266275779999727e-01
4.210215307919999645e+02 8.070708593669999598e-01
4.212064496579999968e+02 8.091557000469999927e-01
4.213913685239999722e+02 8.059437575169999812e-01
4.215762873900000045e+02 8.076380985450000161e-01
4.217612062559999799e+02 8.050321850399999590e-01
4.219461251220000122e+02 8.108878114999999998e-01
4.221310439879999876e+02 8.119530166920000402e-01
4.223159628540000199e+02 8.148171310259999522e-01
4.225008817199999385e+02 8.125064122149999735e-01
4.226858005870000170e+02 8.122601268500000415e-01
4.228707194530000493e+02 8.120549746509999611e-01
4.230556383189999679e+02 8.107001803829999576e-01
4.232405571850000570e+02 8.102065685629999958e-01
4.234254760509999755e+02 8.130437732899999936e-01
4.236103949170000078e+02 8.159302348069999988e-01
4.237953137829999832e+02 8.119867590729999973e-01
4.239802326490000155e+02 8.059410635620000152e-01
4.241651515149999909e+02 8.052420048480000148e-01
4.243500703810000232e+02 8.108139849269999644e-01
4.245349892469999986e+02 8.141943710110000065e-01
4.247199081130000309e+02 8.160837907329999696e-01
4.249048269789999495e+02 8.094985107330000540e-01
4.250897458460000280e+02 8.051563400590000530e-01
4.252746647119999466e+02 8.005956632609999568e-01
4.254595835779999788e+02 8.013786669210000158e-01
4.256445024440000680e+02 7.994475407819999768e-01
4.258294213099999865e+02 8.006799771770000129e-01
4.260143401760000188e+02 7.955283915540000139e-01
4.261992590419999942e+02 7.898879665879999790e-01
4.263841779080000265e+02 7.830370974779999882e-01
4.265690967740000019e+02 7.858963566450000160e-01
4.267540156400000342e+02 7.845615549050000137e-01
4.269389345060000096e+02 7.952998444179999460e-01
4.271238533720000419e+02 8.035288621349999660e-01
4.273087722389999499e+02 8.131248388149999728e-01
4.274936911050000390e+02 8.090643238160000195e-01
4.276786099709999576e+02 8.068270329269999763e-01
4.278635288369999898e+02 8.086457128049999721e-01
4.280484477029999653e+02 8.098298732040000170e-01
4.282333665689999975e+02 8.017856073429999730e-01
4.284182854349999729e+02 7.951671124539999580e-01
4.286032043010000052e+02 7.937369570319999790e-01
4.287881231669999806e+02 7.932734371259999584e-01
4.289730420330000129e+02 7.916330424519999465e-01
4.291579608990000452e+02 7.940518108430000277e-01
4.293428797650000206e+02 7.974235547679999758e-01
4.295277986310000529e+02 8.031530584630000025e-01
4.297127174979999609e+02 8.013530324930000504e-01
4.298976363640000500e+02 8.056507385450000225e-01
4.300825552299999686e+02 8.008800100920000498e-01
4.302674740960000008e+02 7.956485378730000502e-01
4.304523929619999763e+02 7.913856217129999759e-01
4.306373118280000085e+02 7.873808101079999844e-01
4.308222306939999839e+02 7.842873800509999604e-01
4.310071495600000162e+02 7.838195577130000480e-01
4.311920684259999916e+02 7.765395554209999496e-01
4.313769872920000239e+02 7.761964080900000118e-01
4.315619061579999425e+02 7.784738033429999815e-01
4.317468250240000316e+02 7.954517617520000528e-01
4.319317438910000533e+02 7.945608965239999710e-01
4.321166627569999719e+02 7.981307884689999854e-01
4.323015816230000610e+02 7.929975128330000178e-01
4.324865004889999796e+02 7.903122316720000429e-01
4.326714193550000118e+02 7.869469127739999736e-01
4.328563382209999872e+02 7.854086866859999461e-01
4.330412570870000195e+02 7.836044403090000054e-01
4.332261759529999949e+02 7.879327038010000006e-01
4.334110948190000272e+02 7.908608591200000371e-01
4.335960136850000026e+02 7.833775400429999758e-01
4.337809325510000349e+02 7.850139832379999794e-01
4.339658514169999535e+02 7.827290705570000284e-01
4.341507702830000426e+02 7.873550301110000538e-01
4.343356891499999506e+02 7.861881879769999637e-01
4.345206080159999829e+02 7.821349854389999523e-01
4.347055268819999583e+02 7.753195620649999675e-01
4.348904457479999905e+02 7.817443471199999605e-01
4.350753646139999660e+02 7.961789479369999478e-01
4.352602834799999982e+02 7.999188750929999703e-01
4.354452023460000305e+02 7.849929646690000373e-01
4.356301212120000059e+02 7.789759304240000404e-01
4.358150400780000382e+02 7.857062568949999548e-01
4.359999589440000136e+02 7.983164363870000058e-01
4.361848778100000459e+02 7.944036506160000455e-01
4.363697966759999645e+02 7.891016020529999508e-01
4.365547155430000430e+02 7.869623045510000248e-01
4.367396344089999616e+02 8.016223587959999675e-01
4.369245532749999938e+02 8.023233828389999545e-01
4.371094721409999693e+02 8.058123117890000353e-01
4.372943910070000015e+02 8.056896457240000364e-01
4.374793098729999770e+02 8.063946244299999844e-01
4.376642287390000092e+02 7.960998626740000139e-01
4.378491476049999847e+02 7.881572913390000323e-01
4.380340664710000169e+02 7.909962463930000354e-01
4.382189853369999355e+02 7.850110938530000526e-01
4.384039042030000246e+02 7.777094703700000444e-01
4.385888230689999432e+02 7.766611077260000551e-01
4.387737419349999755e+02 7.751612761289999876e-01
4.389586608020000540e+02 7.738910713000000108e-01
4.391435796679999726e+02 7.750339450640000294e-01
4.393284985340000048e+02 7.815045928089999761e-01
4.395134173999999803e+02 7.896501989249999909e-01
4.396983362660000125e+02 7.832109707409999899e-01
4.398832551319999880e+02 7.819645519650000320e-01
4.400681739980000202e+02 7.745233612549999869e-01
4.402530928639999956e+02 7.787370670619999657e-01
4.404380117300000279e+02 7.792392413959999820e-01
4.406229305959999465e+02 7.846471665180000388e-01
4.408078494620000356e+02 7.906618892469999826e-01
4.409927683279999542e+02 7.849872210670000294e-01
4.411776871949999759e+02 7.877898427170000328e-01
4.413626060610000650e+02 7.832674812119999608e-01
4.415475249269999836e+02 7.904782744160000485e-01
4.417324437930000158e+02 7.878915010949999465e-01
4.419173626589999913e+02 7.916903438910000146e-01
4.421022815250000235e+02 7.859753662520000406e-01
4.422872003909999989e+02 7.830005422479999755e-01
4.424721192570000312e+02 7.888940930440000443e-01
4.426570381230000066e+02 7.889760747209999536e-01
4.428419569890000389e+02 7.831740661079999999e-01
4.430268758549999575e+02 7.696896571029999690e-01
4.432117947210000466e+02 7.669323165039999557e-01
4.433967135869999652e+02 7.708644637460000393e-01
4.435816324539999869e+02 7.795003874100000507e-01
4.437665513199999623e+02 7.775956015839999846e-01
4.439514701859999946e+02 7.715513975800000201e-01
4.441363890519999700e+02 7.626494416500000373e-01
4.443213079180000022e+02 7.528717642929999565e-01
4.445062267839999777e+02 7.576737711630000538e-01
4.446911456500000099e+02 7.641189314959999646e-01
4.448760645160000422e+02 7.721946002580000190e-01
4.450609833820000176e+02 7.644446053960000098e-01
4.452459022480000499e+02 7.641250541540000052e-01
4.454308211139999685e+02 7.609430469210000103e-01
4.456157399800000576e+02 7.654047433899999753e-01
4.458006588469999656e+02 7.710921954880000095e-01
4.459855777129999979e+02 7.780956222989999782e-01
4.461704965789999733e+02 7.774857978300000472e-01
4.463554154450000055e+02 7.772188368329999708e-01
4.465403343109999810e+02 7.793968069559999989e-01
4.467252531770000132e+02 7.659124632839999780e-01
4.469101720429999887e+02 7.563653710969999722e-01
4.470950909090000209e+02 7.552865774550000522e-01
4.472800097749999395e+02 7.604428783579999518e-01
4.474649286410000286e+02 7.714503189910000280e-01
4.476498475069999472e+02 7.704740840349999509e-01
4.478347663729999795e+02 7.732077916990000022e-01
4.480196852389999549e+02 7.789291383299999927e-01
4.482046041059999766e+02 7.752006725510000029e-01
4.483895229720000088e+02 7.667985996830000150e-01
4.485744418379999843e+02 7.672205308699999726e-01
4.487593607040000165e+02 7.645390783340000329e-01
4.489442795699999920e+02 7.661317280860000523e-01
4.491291984360000242e+02 7.654068753860000518e-01
4.493141173019999997e+02 7.729546781580000081e-01
4.494990361680000319e+02 7.607363938490000477e-01
4.496839550339999505e+02 7.643119010600000207e-01
4.498688739000000396e+02 7.624802087269999529e-01
4.500537927659999582e+02 7.681031381039999939e-01
4.502387116319999905e+02 7.640071712379999935e-01
4.504236304989999553e+02 7.704524531849999969e-01
4.506085493649999876e+02 7.723926695480000104e-01
4.507934682310000198e+02 7.775557484849999756e-01
4.509783870969999953e+02 7.683283890319999587e-01
4.511633059630000275e+02 7.612061250520000266e-01
4.513482248290000030e+02 7.550741730129999496e-01
4.515331436950000352e+02 7.572721430729999481e-01
4.517180625610000106e+02 7.658807835930000474e-01
4.519029814270000429e+02 7.670824116519999736e-01
4.520879002929999615e+02 7.665832967979999690e-01
4.522728191590000506e+02 7.599977575049999823e-01
4.524577380249999692e+02 7.693961025300000145e-01
4.526426568910000015e+02 7.644016358709999626e-01
4.528275757579999663e+02 7.571611072730000114e-01
4.530124946239999986e+02 7.560537926879999926e-01
4.531974134899999740e+02 7.552081222869999610e-01
4.533823323560000063e+02 7.623242746980000151e-01
4.535672512219999817e+02 7.552285354569999720e-01
4.537521700880000139e+02 7.450292040470000154e-01
4.539370889539999325e+02 7.393500819710000505e-01
4.541220078200000216e+02 7.522799434720000011e-01
4.543069266860000539e+02 7.705867544869999808e-01
4.544918455519999725e+02 7.712462314169999944e-01
4.546767644180000616e+02 7.620944838509999819e-01
4.548616832839999802e+02 7.518404362930000140e-01
4.550466021510000019e+02 7.528358128169999608e-01
4.552315210169999773e+02 7.533141301229999698e-01
4.554164398830000096e+02 7.638227002699999879e-01
4.556013587489999850e+02 7.567911065489999478e-01
4.557862776150000172e+02 7.545268992100000460e-01
4.559711964809999927e+02 7.514557328330000452e-01
4.561561153470000249e+02 7.518443905449999631e-01
4.563410342129999435e+02 7.562633392219999529e-01
4.565259530790000326e+02 7.578763299120000463e-01
4.567108719449999512e+02 7.668661622989999538e-01
4.568957908109999835e+02 7.611674268900000540e-01
4.570807096769999589e+02 7.577110923869999626e-01
4.572656285429999912e+02 7.502417573959999642e-01
4.574505474100000129e+02 7.508365934509999562e-01
4.576354662759999883e+02 7.501596628500000197e-01
4.578203851420000206e+02 7.519507258259999771e-01
4.580053040079999960e+02 7.466569558400000250e-01
4.581902228740000282e+02 7.535797418180000262e-01
4.583751417400000037e+02 7.518153567740000209e-01
4.585600606060000359e+02 7.556503267880000374e-01
4.587449794719999545e+02 7.503964607040000123e-01
4.589298983380000436e+02 7.446505480899999752e-01
4.591148172039999622e+02 7.438711742800000470e-01
4.592997360699999945e+02 7.492397065689999636e-01
4.594846549359999699e+02 7.471775223890000373e-01
4.596695738029999916e+02 7.406912690089999529e-01
4.598544926689999670e+02 7.400768217709999819e-01
4.600394115349999993e+02 7.509796824159999939e-01
4.602243304010000315e+02 7.552448443789999688e-01
4.604092492670000070e+02 7.630901188619999553e-01
4.605941681330000392e+02 7.656789625340000294e-01
4.607790869990000147e+02 7.661808983890000535e-01
4.609640058650000469e+02 7.642359982990000189e-01
4.611489247309999655e+02 7.586290187099999915e-01
4.613338435970000546e+02 7.610283804690000098e-01
4.615187624629999732e+02 7.549904852080000506e-01
4.617036813290000055e+02 7.550420411299999524e-01
4.618886001959999703e+02 7.517690270769999961e-01
4.620735190620000026e+02 7.490107251609999794e-01
4.622584379279999780e+02 7.472969447349999683e-01
4.624433567940000103e+02 7.453595111199999845e-01
4.626282756599999857e+02 7.527882488910000447e-01
4.628131945260000180e+02 7.513930004569999710e-01
4.629981133919999365e+02 7.542241758159999865e-01
4.631830322580000256e+02 7.485660785809999940e-01
4.633679511239999442e+02 7.513389927350000441e-01
4.635528699899999765e+02 7.575265199489999990e-01
4.637377888560000656e+02 7.641967247509999783e-01
4.639227077219999842e+02 7.558202156990000420e-01
4.641076265880000165e+02 7.376125338100000262e-01
4.642925454549999813e+02 7.360141345449999761e-01
4.644774643210000136e+02 7.413313228969999891e-01
4.646623831869999890e+02 7.465231704560000292e-01
4.648473020530000213e+02 7.315208081520000460e-01
4.650322209189999967e+02 7.261275804140000512e-01
4.652171397850000290e+02 7.321985093330000138e-01
4.654020586509999475e+02 7.525894582759999896e-01
4.655869775170000366e+02 7.523209054699999676e-01
4.657718963829999552e+02 7.460702063340000079e-01
4.659568152489999875e+02 7.438394725279999786e-01
4.661417341149999629e+02 7.370076051930000149e-01
4.663266529809999952e+02 7.288539140019999474e-01
4.665115718480000169e+02 7.240519652900000436e-01
4.666964907139999923e+02 7.315850291100000069e-01
4.668814095800000246e+02 7.378072145999999831e-01
4.670663284460000000e+02 7.381044725280000440e-01
4.672512473120000323e+02 7.415363531180000356e-01
4.674361661780000077e+02 7.424273353939999653e-01
4.676210850440000399e+02 7.488030205279999629e-01
4.678060039099999585e+02 7.465604756679999898e-01
4.679909227760000476e+02 7.461212542089999955e-01
4.681758416419999662e+02 7.398423058890000181e-01
4.683607605079999985e+02 7.389419571259999708e-01
4.685456793739999739e+02 7.373047185729999509e-01
4.687305982400000062e+02 7.340958428149999548e-01
4.689155171069999710e+02 7.325683884070000040e-01
4.691004359730000033e+02 7.370808170439999696e-01
4.692853548389999787e+02 7.470179236130000122e-01
4.694702737050000110e+02 7.483259716719999899e-01
4.696551925710000432e+02 7.411112268659999502e-01
4.698401114370000187e+02 7.416065191439999982e-01
4.700250303030000509e+02 7.420254236359999922e-01
4.702099491689999695e+02 7.376266929350000501e-01
4.703948680350000586e+02 7.258160879180000080e-01
4.705797869009999772e+02 7.303960228389999587e-01
4.707647057670000095e+02 7.285860680350000340e-01
4.709496246329999849e+02 7.303182209849999884e-01
4.711345435000000066e+02 7.229553650279999522e-01
4.713194623659999820e+02 7.220539169890000109e-01
4.715043812320000143e+02 7.229955673669999916e-01
4.716893000979999897e+02 7.269549585379999623e-01
4.718742189640000220e+02 7.258940029089999690e-01
4.720591378299999405e+02 7.354621248449999538e-01
4.722440566960000297e+02 7.321959939390000338e-01
4.724289755619999482e+02 7.319833083010000019e-01
4.726138944279999805e+02 7.252174696659999809e-01
4.727988132939999559e+02 7.287361791749999984e-01
4.729837321599999882e+02 7.245770288170000351e-01
4.731686510260000205e+02 7.241988224630000470e-01
4.733535698919999959e+02 7.237013138919999866e-01
4.735384887590000176e+02 7.285777478710000477e-01
4.737234076249999930e+02 7.270541284460000364e-01
4.739083264910000253e+02 7.555445465569999852e-01
4.740932453570000007e+02 8.511603036949999534e-01
4.742781642230000330e+02 9.516521843170000494e-01
4.744630830889999515e+02 9.995070156169999498e-01
4.746480019550000407e+02 9.999331050519999486e-01
4.748329208209999592e+02 9.999795129740000066e-01
4.750178396869999915e+02 9.999937179079999572e-01
4.752027585529999669e+02 9.999974365510000407e-01
4.753876774189999992e+02 9.999982507100000362e-01
4.755725962849999746e+02 9.999989503849999739e-01
4.757575151519999963e+02 9.999996350300000003e-01
4.759424340180000286e+02 1.000000000000000000e+00
4.761273528840000040e+02 1.000000000000000000e+00
4.763122717500000363e+02 1.000000000000000000e+00
4.764971906160000117e+02 1.000000000000000000e+00
4.766821094820000440e+02 1.000000000000000000e+00
4.768670283479999625e+02 1.000000000000000000e+00
4.770519472140000516e+02 1.000000000000000000e+00
4.772368660799999702e+02 1.000000000000000000e+00
4.774217849460000025e+02 1.000000000000000000e+00
4.776067038119999779e+02 1.000000000000000000e+00
4.777916226780000102e+02 1.000000000000000000e+00
4.779765415439999856e+02 1.000000000000000000e+00
4.781614604110000073e+02 1.000000000000000000e+00
4.783463792769999827e+02 1.000000000000000000e+00
4.785312981430000150e+02 1.000000000000000000e+00
4.787162170089999336e+02 1.000000000000000000e+00
4.789011358750000227e+02 1.000000000000000000e+00
4.790860547410000549e+02 1.000000000000000000e+00
4.792709736069999735e+02 1.000000000000000000e+00
4.794558924730000626e+02 1.000000000000000000e+00
4.796408113389999812e+02 1.000000000000000000e+00
4.798257302050000135e+02 1.000000000000000000e+00
4.800106490709999889e+02 1.000000000000000000e+00
4.801955679370000212e+02 1.000000000000000000e+00
4.803804868039999860e+02 1.000000000000000000e+00
4.805654056700000183e+02 1.000000000000000000e+00
4.807503245359999937e+02 1.000000000000000000e+00
4.809352434020000260e+02 1.000000000000000000e+00
4.811201622679999446e+02 1.000000000000000000e+00
4.813050811340000337e+02 1.000000000000000000e+00
4.814899999999999523e+02 1.000000000000000000e+00
