# Wavelength (Nm)     Mean
2.892959999999999923e+02 9.349147799999999453e-01
2.893494838709999613e+02 9.411198113550000022e-01
2.894029677419999871e+02 9.448902361290000274e-01
2.894564516130000129e+02 9.478048825810000411e-01
2.895099354840000387e+02 9.488329570319999906e-01
2.895634193550000077e+02 9.491364490320000069e-01
2.896169032260000336e+02 9.487997196130000255e-01
2.896703870970000025e+02 9.472083354839999636e-01
2.897238709679999715e+02 9.447403316129999729e-01
2.897773548389999974e+02 9.415583083870000536e-01
2.898308387099999663e+02 9.387217322580000411e-01
2.898843225809999922e+02 9.383470952260000164e-01
2.899378064520000180e+02 9.374060694189999543e-01
2.899912903230000438e+02 9.375276717420000239e-01
2.900447741940000128e+02 9.379733255479999476e-01
2.900982580649999818e+02 9.381709309679999720e-01
2.901517419350000182e+02 9.388452258060000499e-01
2.902052258059999872e+02 9.398476263230000072e-01
2.902587096769999562e+02 9.405602295480000041e-01
2.903121935479999820e+02 9.395408249029999492e-01
2.903656774190000078e+02 9.378338574190000498e-01
2.904191612900000337e+02 9.365068740649999945e-01
2.904726451610000026e+02 9.348824878710000341e-01
2.905261290320000285e+02 9.356089442580000082e-01
2.905796129029999975e+02 9.365871058060000198e-01
2.906330967739999664e+02 9.365096329030000444e-01
2.906865806449999923e+02 9.361652547100000055e-01
2.907400645159999613e+02 9.374740891609999460e-01
2.907935483869999871e+02 9.410150006449999882e-01
2.908470322580000129e+02 9.432370379350000222e-01
2.909005161290000387e+02 9.436557451610000369e-01
2.909540000000000077e+02 9.458375039999999956e-01
2.910074838710000336e+02 9.451550615479999973e-01
2.910609677420000025e+02 9.434092557419999636e-01
2.911144516129999715e+02 9.419983770319999561e-01
2.911679354839999974e+02 9.411864845159999549e-01
2.912214193549999663e+02 9.398886878709999948e-01
2.912749032259999922e+02 9.370058934189999800e-01
2.913283870970000180e+02 9.328974089029999917e-01
2.913818709680000438e+02 9.318746618059999820e-01
2.914353548390000128e+02 9.314756535479999933e-01
2.914888387099999818e+02 9.316035704520000404e-01
2.915423225810000076e+02 9.334823559999999576e-01
2.915958064519999766e+02 9.343047593550000141e-01
2.916492903230000024e+02 9.350607152259999832e-01
2.917027741939999714e+02 9.354562303229999598e-01
2.917562580649999973e+02 9.356595935479999904e-01
2.918097419350000337e+02 9.375790068389999732e-01
2.918632258060000026e+02 9.376871402580000403e-01
2.919167096770000285e+02 9.381052343229999702e-01
2.919701935479999975e+02 9.371731993549999862e-01
2.920236774189999664e+02 9.362122820649999566e-01
2.920771612899999923e+02 9.363428145809999936e-01
2.921306451609999613e+02 9.370992752260000058e-01
2.921841290319999871e+02 9.361804965159999936e-01
2.922376129030000129e+02 9.354124664520000465e-01
2.922910967740000387e+02 9.349491432259999790e-01
2.923445806450000077e+02 9.351100414190000043e-01
2.923980645160000336e+02 9.352545818059999627e-01
2.924515483870000025e+02 9.349316187099999675e-01
2.925050322579999715e+02 9.343561367739999790e-01
2.925585161289999974e+02 9.337338074840000335e-01
2.926119999999999663e+02 9.336859920000000201e-01
2.926654838709999922e+02 9.357990015479999979e-01
2.927189677420000180e+02 9.373865646450000311e-01
2.927724516130000438e+02 9.373683683869999950e-01
2.928259354840000128e+02 9.376442318709999890e-01
2.928794193549999818e+02 9.379537763869999489e-01
2.929329032260000076e+02 9.391172802580000090e-01
2.929863870969999766e+02 9.407464490319999983e-01
2.930398709680000024e+02 9.410495625810000320e-01
2.930933548389999714e+02 9.409244624520000100e-01
2.931468387099999973e+02 9.397622236129999918e-01
2.932003225810000231e+02 9.386084529029999901e-01
2.932538064519999921e+02 9.387336685160000416e-01
2.933072903230000179e+02 9.383397341939999636e-01
2.933607741939999869e+02 9.362173313549999598e-01
2.934142580650000127e+02 9.337806594840000196e-01
2.934677419349999923e+02 9.326547750970000106e-01
2.935212258059999613e+02 9.334808020649999483e-01
2.935747096769999871e+02 9.334627025809999479e-01
2.936281935480000129e+02 9.331265753549999875e-01
2.936816774190000388e+02 9.332948082580000415e-01
2.937351612900000077e+02 9.331558545810000327e-01
2.937886451610000336e+02 9.338673228389999803e-01
2.938421290320000026e+02 9.357653496769999801e-01
2.938956129029999715e+02 9.389236811610000011e-01
2.939490967739999974e+02 9.395719074839999907e-01
2.940025806449999664e+02 9.378739144519999682e-01
2.940560645159999922e+02 9.382222319999999893e-01
2.941095483870000180e+02 9.391987870969999985e-01
2.941630322580000438e+02 9.403011192260000151e-01
2.942165161290000128e+02 9.413269092899999579e-01
2.942699999999999818e+02 9.427967480000000178e-01
2.943234838710000076e+02 9.437686787100000307e-01
2.943769677419999766e+02 9.434541296770000418e-01
2.944304516130000025e+02 9.428648727739999957e-01
2.944839354839999714e+02 9.443528432259999938e-01
2.945374193549999973e+02 9.445557335480000427e-01
2.945909032260000231e+02 9.445795950969999577e-01
2.946443870969999921e+02 9.421707651609999568e-01
2.946978709680000179e+02 9.420785723869999906e-01
2.947513548389999869e+02 9.416534716129999483e-01
2.948048387100000127e+02 9.408155281290000449e-01
2.948583225809999817e+02 9.399582073550000194e-01
2.949118064520000075e+02 9.399132458059999973e-01
2.949652903229999765e+02 9.395235161289999803e-01
2.950187741940000024e+02 9.398183620650000236e-01
2.950722580650000282e+02 9.407271847739999693e-01
2.951257419350000077e+02 9.402393099350000449e-01
2.951792258060000336e+02 9.404387877419999597e-01
2.952327096770000026e+02 9.396057459350000141e-01
2.952861935479999715e+02 9.382538437420000488e-01
2.953396774189999974e+02 9.370269065809999631e-01
2.953931612899999664e+02 9.377039872260000131e-01
2.954466451609999922e+02 9.385640554840000149e-01
2.955001290320000180e+02 9.375301729030000031e-01
2.955536129030000438e+02 9.360407917419999446e-01
2.956070967740000128e+02 9.366680169029999448e-01
2.956605806449999818e+02 9.373048127740000179e-01
2.957140645160000076e+02 9.371152716130000115e-01
2.957675483869999766e+02 9.375721454190000248e-01
2.958210322580000025e+02 9.392379210319999894e-01
2.958745161289999714e+02 9.398427379349999500e-01
2.959279999999999973e+02 9.396515279999999581e-01
2.959814838710000231e+02 9.410797851609999931e-01
2.960349677419999921e+02 9.428538079999999599e-01
2.960884516130000179e+02 9.427219530320000151e-01
2.961419354839999869e+02 9.428766309680000068e-01
2.961954193550000127e+02 9.431371021940000432e-01
2.962489032259999817e+02 9.422066548390000129e-01
2.963023870970000075e+02 9.426164698060000013e-01
2.963558709679999765e+02 9.439319865809999710e-01
2.964093548390000024e+02 9.438261616769999529e-01
2.964628387100000282e+02 9.421528940650000239e-01
2.965163225809999972e+02 9.417541935480000515e-01
2.965698064520000230e+02 9.420545803869999624e-01
2.966232903229999920e+02 9.424301945809999692e-01
2.966767741940000178e+02 9.432324370319999929e-01
2.967302580649999868e+02 9.441421787099999463e-01
2.967837419349999664e+02 9.442281599999999830e-01
2.968372258059999922e+02 9.443231669680000051e-01
2.968907096770000180e+02 9.437358925159999856e-01
2.969441935480000438e+02 9.452193592259999777e-01
2.969976774190000128e+02 9.460708765159999700e-01
2.970511612899999818e+02 9.457089174189999836e-01
2.971046451610000076e+02 9.458231770320000287e-01
2.971581290319999766e+02 9.450092535480000278e-01
2.972116129030000025e+02 9.450064882580000436e-01
2.972650967739999714e+02 9.458498903230000421e-01
2.973185806449999973e+02 9.454594561289999533e-01
2.973720645160000231e+02 9.463670965160000392e-01
2.974255483869999921e+02 9.467043970320000446e-01
2.974790322580000179e+02 9.457096082579999896e-01
2.975325161289999869e+02 9.445153240000000450e-01
2.975860000000000127e+02 9.432744199999999468e-01
2.976394838709999817e+02 9.429157121290000498e-01
2.976929677420000075e+02 9.428297518710000436e-01
2.977464516129999765e+02 9.424813344519999969e-01
2.977999354840000024e+02 9.418835187099999784e-01
2.978534193550000282e+02 9.409540883870000094e-01
2.979069032259999972e+02 9.393969239999999665e-01
2.979603870970000230e+02 9.399194472259999600e-01
2.980138709679999920e+02 9.395555233550000329e-01
2.980673548390000178e+02 9.396779123870000472e-01
2.981208387099999868e+02 9.386383406449999578e-01
2.981743225809999558e+02 9.372565649030000223e-01
2.982278064519999816e+02 9.365197562579999913e-01
2.982812903230000074e+02 9.367276153550000428e-01
2.983347741940000333e+02 9.364398623230000274e-01
2.983882580650000023e+02 9.366319580649999921e-01
2.984417419349999818e+02 9.366687056770000019e-01
2.984952258060000077e+02 9.360264979350000347e-01
2.985487096769999766e+02 9.362665734189999922e-01
2.986021935480000025e+02 9.362488954840000321e-01
2.986556774189999715e+02 9.354770038709999680e-01
2.987091612899999973e+02 9.354062118710000373e-01
2.987626451610000231e+02 9.354836434840000381e-01
2.988161290319999921e+02 9.352586735479999636e-01
2.988696129030000179e+02 9.358336758709999703e-01
2.989230967739999869e+02 9.357558258060000300e-01
2.989765806450000127e+02 9.362674656770000325e-01
2.990300645159999817e+02 9.376826121289999483e-01
2.990835483870000076e+02 9.378040638710000154e-01
2.991370322579999765e+02 9.374285771610000317e-01
2.991905161290000024e+02 9.364647903230000070e-01
2.992440000000000282e+02 9.344040839999999681e-01
2.992974838709999972e+02 9.332781829680000252e-01
2.993509677420000230e+02 9.333372969030000466e-01
2.994044516129999920e+02 9.335252685160000397e-01
2.994579354840000178e+02 9.330107645159999574e-01
2.995114193549999868e+02 9.315942176770000138e-01
2.995649032259999558e+02 9.311766567739999667e-01
2.996183870969999816e+02 9.329372695480000477e-01
2.996718709680000075e+02 9.359931384520000508e-01
2.997253548390000333e+02 9.391562709680000287e-01
2.997788387100000023e+02 9.404195752259999486e-01
2.998323225810000281e+02 9.383326642579999932e-01
2.998858064519999971e+02 9.378989676129999564e-01
2.999392903229999661e+02 9.378797018059999990e-01
2.999927741939999919e+02 9.378131593549999812e-01
3.000462580649999609e+02 9.376434305809999703e-01
3.000997419349999973e+02 9.383438361289999641e-01
3.001532258060000231e+02 9.369697587099999891e-01
3.002067096769999921e+02 9.355268836129999599e-01
3.002601935480000179e+02 9.336645379350000384e-01
3.003136774189999869e+02 9.344899858059999564e-01
3.003671612900000127e+02 9.345515033550000350e-01
3.004206451609999817e+02 9.347750445160000199e-01
3.004741290320000076e+02 9.359389338060000174e-01
3.005276129029999765e+02 9.389033427099999773e-01
3.005810967740000024e+02 9.397619513549999581e-01
3.006345806450000282e+02 9.393751074839999937e-01
3.006880645159999972e+02 9.389764470970000110e-01
3.007415483870000230e+02 9.377217215480000423e-01
3.007950322579999920e+02 9.374990068390000042e-01
3.008485161290000178e+02 9.377280267099999955e-01
3.009019999999999868e+02 9.371142120000000020e-01
3.009554838709999558e+02 9.358396367739999500e-01
3.010089677419999816e+02 9.324734637420000194e-01
3.010624516130000075e+02 9.305001583230000373e-01
3.011159354840000333e+02 9.305328348389999560e-01
3.011694193550000023e+02 9.306983376770000538e-01
3.012229032260000281e+02 9.321261316129999530e-01
3.012763870969999971e+02 9.336322941939999565e-01
3.013298709679999661e+02 9.343325503229999995e-01
3.013833548389999919e+02 9.344537801290000445e-01
3.014368387099999609e+02 9.332073238710000274e-01
3.014903225809999867e+02 9.331360554840000265e-01
3.015438064520000125e+02 9.321709885159999986e-01
3.015972903230000384e+02 9.308633665809999957e-01
3.016507741940000074e+02 9.307503187100000241e-01
3.017042580650000332e+02 9.312260046450000495e-01
3.017577419350000127e+02 9.307679380650000223e-01
3.018112258059999817e+02 9.320608792260000053e-01
3.018647096770000076e+02 9.323866883870000066e-01
3.019181935479999765e+02 9.326297370320000280e-01
3.019716774190000024e+02 9.341005454190000057e-01
3.020251612900000282e+02 9.356767522579999552e-01
3.020786451609999972e+02 9.353300798710000308e-01
3.021321290320000230e+02 9.363731250319999866e-01
3.021856129029999920e+02 9.373287980650000240e-01
3.022390967740000178e+02 9.382309721289999738e-01
3.022925806449999868e+02 9.371551838710000526e-01
3.023460645159999558e+02 9.365173643869999509e-01
3.023995483869999816e+02 9.357140633549999587e-01
3.024530322580000075e+02 9.348555642579999825e-01
3.025065161290000333e+02 9.330776623230000455e-01
3.025600000000000023e+02 9.340283600000000019e-01
3.026134838710000281e+02 9.348787215480000024e-01
3.026669677419999971e+02 9.339397474839999935e-01
3.027204516129999661e+02 9.330208287740000550e-01
3.027739354839999919e+02 9.338125741939999891e-01
3.028274193549999609e+02 9.348724387100000310e-01
3.028809032259999867e+02 9.356957033549999636e-01
3.029343870970000125e+02 9.381223892900000250e-01
3.029878709680000384e+02 9.398003578060000196e-01
3.030413548390000074e+02 9.398728685160000484e-01
3.030948387100000332e+02 9.398243554840000069e-01
3.031483225810000022e+02 9.393318228389999636e-01
3.032018064519999712e+02 9.400720713550000385e-01
3.032552903229999970e+02 9.400230849030000169e-01
3.033087741939999660e+02 9.397890458059999785e-01
3.033622580649999918e+02 9.403683916130000098e-01
3.034157419350000282e+02 9.410990166449999528e-01
3.034692258059999972e+02 9.409847291609999553e-01
3.035227096770000230e+02 9.409136975480000276e-01
3.035761935479999920e+02 9.408621600000000029e-01
3.036296774190000178e+02 9.424240000000000395e-01
3.036831612899999868e+02 9.431335370319999800e-01
3.037366451609999558e+02 9.431033678710000201e-01
3.037901290319999816e+02 9.430886876130000207e-01
3.038436129030000075e+02 9.419927096769999952e-01
3.038970967740000333e+02 9.405918677419999874e-01
3.039505806450000023e+02 9.386754205159999476e-01
3.040040645160000281e+02 9.385385860649999579e-01
3.040575483869999971e+02 9.391876383230000069e-01
3.041110322579999661e+02 9.374063161290000501e-01
3.041645161289999919e+02 9.356867716129999568e-01
3.042179999999999609e+02 9.350749560000000127e-01
3.042714838709999867e+02 9.346130549679999566e-01
3.043249677420000125e+02 9.346473334189999704e-01
3.043784516130000384e+02 9.349051472260000439e-01
3.044319354840000074e+02 9.347724883870000001e-01
3.044854193550000332e+02 9.349576174189999644e-01
3.045389032260000022e+02 9.346427162579999948e-01
3.045923870969999712e+02 9.344809883870000000e-01
3.046458709679999970e+02 9.355575376770000062e-01
3.046993548389999660e+02 9.362716761289999745e-01
3.047528387099999918e+02 9.359219961289999556e-01
3.048063225810000176e+02 9.358105028390000246e-01
3.048598064520000435e+02 9.354603112260000408e-01
3.049132903230000124e+02 9.363267159999999478e-01
3.049667741939999814e+02 9.374456477420000100e-01
3.050202580650000073e+02 9.373670712260000482e-01
3.050737419349999868e+02 9.377862799999999721e-01
3.051272258059999558e+02 9.367881632260000035e-01
3.051807096769999816e+02 9.351784827100000363e-01
3.052341935480000075e+02 9.349506948389999517e-01
3.052876774190000333e+02 9.349162779349999841e-01
3.053411612900000023e+02 9.350916996129999825e-01
3.053946451610000281e+02 9.341530679999999753e-01
3.054481290319999971e+02 9.339482581939999584e-01
3.055016129029999661e+02 9.349941283870000230e-01
3.055550967739999919e+02 9.342277643869999482e-01
3.056085806449999609e+02 9.346997285160000279e-01
3.056620645159999867e+02 9.368753820649999842e-01
3.057155483870000126e+02 9.387452384519999748e-01
3.057690322580000384e+02 9.392788509680000120e-01
3.058225161290000074e+02 9.393954925159999636e-01
3.058760000000000332e+02 9.381076240000000288e-01
3.059294838710000022e+02 9.375652119999999812e-01
3.059829677419999712e+02 9.365830540649999758e-01
3.060364516129999970e+02 9.347611541939999658e-01
3.060899354839999660e+02 9.343398486449999707e-01
3.061434193549999918e+02 9.318078421940000355e-01
3.061969032260000176e+02 9.294508832260000020e-01
3.062503870970000435e+02 9.294569664520000440e-01
3.063038709680000125e+02 9.298796516130000134e-01
3.063573548389999814e+02 9.311586534189999487e-01
3.064108387100000073e+02 9.328130646450000230e-01
3.064643225809999763e+02 9.331669322579999593e-01
3.065178064520000021e+02 9.344699534189999657e-01
3.065712903229999711e+02 9.345904477419999523e-01
3.066247741939999969e+02 9.350812736770000022e-01
3.066782580650000227e+02 9.354661309680000203e-01
3.067317419350000023e+02 9.341896962579999686e-01
3.067852258060000281e+02 9.324343112259999566e-01
3.068387096769999971e+02 9.282865987099999661e-01
3.068921935479999661e+02 9.245869429680000362e-01
3.069456774189999919e+02 9.231730437420000435e-01
3.069991612899999609e+02 9.210104565159999979e-01
3.070526451609999867e+02 9.182820360000000237e-01
3.071061290320000126e+02 9.182687135479999929e-01
3.071596129030000384e+02 9.202230147100000091e-01
3.072130967740000074e+02 9.223358667100000075e-01
3.072665806450000332e+02 9.244319656770000337e-01
3.073200645160000022e+02 9.272237885159999582e-01
3.073735483869999712e+02 9.301792483869999462e-01
3.074270322579999970e+02 9.304051557420000007e-01
3.074805161289999660e+02 9.308355190970000193e-01
3.075339999999999918e+02 9.327270479999999475e-01
3.075874838710000176e+02 9.337376117419999844e-01
3.076409677420000435e+02 9.331635406449999559e-01
3.076944516130000125e+02 9.327627587100000284e-01
3.077479354839999814e+02 9.318630430969999656e-01
3.078014193550000073e+02 9.302158788390000321e-01
3.078549032259999763e+02 9.293228547099999792e-01
3.079083870970000021e+02 9.284812070969999942e-01
3.079618709679999711e+02 9.277141138059999959e-01
3.080153548389999969e+02 9.279944842580000186e-01
3.080688387100000227e+02 9.288187921289999815e-01
3.081223225809999917e+02 9.279918544520000534e-01
3.081758064520000175e+02 9.265286529030000162e-01
3.082292903229999865e+02 9.242039323870000489e-01
3.082827741940000124e+02 9.244562458060000543e-01
3.083362580649999813e+02 9.239250463229999877e-01
3.083897419349999609e+02 9.260686468390000314e-01
3.084432258059999867e+02 9.293491393549999646e-01
3.084967096770000126e+02 9.306691823229999994e-01
3.085501935480000384e+02 9.315771445160000441e-01
3.086036774190000074e+02 9.336150850319999694e-01
3.086571612900000332e+02 9.360203570320000388e-01
3.087106451610000022e+02 9.374526832259999498e-01
3.087641290319999712e+02 9.371870477420000123e-01
3.088176129029999970e+02 9.382923056769999492e-01
3.088710967739999660e+02 9.385995194840000000e-01
3.089245806449999918e+02 9.362882140649999574e-01
3.089780645160000176e+02 9.344985322579999476e-01
3.090315483870000435e+02 9.332266009030000253e-01
3.090850322580000125e+02 9.320655996129999510e-01
3.091385161289999814e+02 9.300670016769999604e-01
3.091920000000000073e+02 9.289579319999999862e-01
3.092454838709999763e+02 9.298867580649999853e-01
3.092989677420000021e+02 9.309517643870000025e-01
3.093524516129999711e+02 9.320697056769999822e-01
3.094059354839999969e+02 9.330787145810000016e-01
3.094594193550000227e+02 9.348627670970000025e-01
3.095129032259999917e+02 9.363720574189999812e-01
3.095663870970000175e+02 9.366753841289999771e-01
3.096198709679999865e+02 9.382318318710000105e-01
3.096733548390000124e+02 9.383662023230000537e-01
3.097268387099999813e+02 9.381994321290000327e-01
3.097803225810000072e+02 9.376598587100000159e-01
3.098338064519999762e+02 9.364512736769999846e-01
3.098872903230000020e+02 9.365559558710000454e-01
3.099407741940000278e+02 9.358766036129999577e-01
3.099942580649999968e+02 9.361050184520000039e-01
3.100477419350000332e+02 9.354052496770000058e-01
3.101012258060000022e+02 9.337221298060000008e-01
3.101547096769999712e+02 9.333145864520000501e-01
3.102081935479999970e+02 9.336907818059999586e-01
3.102616774189999660e+02 9.343739353550000182e-01
3.103151612899999918e+02 9.333667883870000459e-01
3.103686451610000177e+02 9.329100083870000004e-01
3.104221290320000435e+02 9.334534078709999516e-01
3.104756129030000125e+02 9.333043065810000538e-01
3.105290967739999815e+02 9.311970185810000133e-01
3.105825806450000073e+02 9.325137864520000042e-01
3.106360645159999763e+02 9.316283963870000129e-01
3.106895483870000021e+02 9.302645686449999562e-01
3.107430322579999711e+02 9.275900829680000514e-01
3.107965161289999969e+02 9.284878949679999938e-01
3.108500000000000227e+02 9.280008600000000385e-01
3.109034838709999917e+02 9.270738361289999618e-01
3.109569677420000176e+02 9.248288523869999667e-01
3.110104516129999865e+02 9.245308775480000074e-01
3.110639354840000124e+02 9.249355538060000104e-01
3.111174193549999814e+02 9.253829277420000388e-01
3.111709032260000072e+02 9.276599463229999731e-01
3.112243870969999762e+02 9.303612807740000434e-01
3.112778709680000020e+02 9.314827855480000141e-01
3.113313548390000278e+02 9.320833727739999963e-01
3.113848387099999968e+02 9.336599045160000054e-01
3.114383225810000226e+02 9.364086507100000123e-01
3.114918064519999916e+02 9.387525463229999811e-01
3.115452903230000175e+02 9.389682215479999705e-01
3.115987741939999864e+02 9.383451554839999931e-01
3.116522580649999554e+02 9.356401935479999876e-01
3.117057419349999918e+02 9.347810015480000345e-01
3.117592258060000177e+02 9.357314878710000228e-01
3.118127096770000435e+02 9.356760436130000524e-01
3.118661935480000125e+02 9.341284434840000372e-01
3.119196774189999815e+02 9.306450077419999856e-01
3.119731612900000073e+02 9.283602905810000028e-01
3.120266451609999763e+02 9.269643758710000014e-01
3.120801290320000021e+02 9.257853255479999710e-01
3.121336129029999711e+02 9.256006126450000426e-01
3.121870967739999969e+02 9.241441690320000291e-01
3.122405806450000227e+02 9.198853214190000349e-01
3.122940645159999917e+02 9.165315547100000293e-01
3.123475483870000176e+02 9.155930718710000304e-01
3.124010322579999865e+02 9.154829896770000364e-01
3.124545161290000124e+02 9.161285735480000358e-01
3.125079999999999814e+02 9.156668559999999735e-01
3.125614838710000072e+02 9.159671967739999587e-01
3.126149677419999762e+02 9.170996405160000142e-01
3.126684516130000020e+02 9.199469552260000071e-01
3.127219354840000278e+02 9.233642535480000024e-01
3.127754193549999968e+02 9.275503899350000525e-01
3.128289032260000226e+02 9.301637868390000286e-01
3.128823870969999916e+02 9.324609174189999461e-01
3.129358709680000175e+02 9.341897705809999453e-01
3.129893548389999864e+02 9.371656251609999932e-01
3.130428387099999554e+02 9.386193009030000534e-01
3.130963225809999813e+02 9.393913624519999450e-01
3.131498064520000071e+02 9.387908761290000292e-01
3.132032903230000329e+02 9.384934285160000389e-01
3.132567741940000019e+02 9.363574909680000280e-01
3.133102580650000277e+02 9.344201118710000475e-01
3.133637419350000073e+02 9.337686138059999585e-01
3.134172258059999763e+02 9.336430934189999808e-01
3.134707096770000021e+02 9.318822230969999731e-01
3.135241935479999711e+02 9.292585819349999943e-01
3.135776774189999969e+02 9.290818932900000160e-01
3.136311612900000227e+02 9.272844517420000265e-01
3.136846451609999917e+02 9.260368070969999810e-01
3.137381290320000176e+02 9.257535028390000420e-01
3.137916129029999865e+02 9.249518903229999589e-01
3.138450967740000124e+02 9.246005353549999750e-01
3.138985806449999814e+02 9.222625739349999963e-01
3.139520645160000072e+02 9.211048101940000343e-01
3.140055483869999762e+02 9.227101916130000525e-01
3.140590322580000020e+02 9.223201838710000100e-01
3.141125161290000278e+02 9.213516178059999451e-01
3.141659999999999968e+02 9.223934799999999878e-01
3.142194838710000226e+02 9.235874708389999466e-01
3.142729677419999916e+02 9.248041176769999927e-01
3.143264516130000175e+02 9.249162322580000151e-01
3.143799354839999864e+02 9.253800683870000432e-01
3.144334193549999554e+02 9.253514597419999488e-01
3.144869032259999813e+02 9.238767442580000377e-01
3.145403870970000071e+02 9.241053843869999618e-01
3.145938709680000329e+02 9.272498593550000390e-01
3.146473548390000019e+02 9.288996000000000475e-01
3.147008387100000277e+02 9.282097989680000438e-01
3.147543225809999967e+02 9.268543303230000197e-01
3.148078064520000225e+02 9.258343896770000470e-01
3.148612903229999915e+02 9.256509612900000183e-01
3.149147741939999605e+02 9.262746249030000545e-01
3.149682580649999863e+02 9.275255701939999486e-01
3.150217419350000227e+02 9.269232126449999942e-01
3.150752258059999917e+02 9.259372889029999776e-01
3.151287096770000176e+02 9.243656199999999989e-01
3.151821935479999865e+02 9.231748192259999763e-01
3.152356774190000124e+02 9.232952330320000067e-01
3.152891612899999814e+02 9.237441476130000551e-01
3.153426451610000072e+02 9.235055068390000121e-01
3.153961290319999762e+02 9.245923935480000466e-01
3.154496129030000020e+02 9.254923478709999873e-01
3.155030967740000278e+02 9.261476545810000127e-01
3.155565806449999968e+02 9.265815256770000286e-01
3.156100645160000226e+02 9.250403424519999529e-01
3.156635483869999916e+02 9.254972509679999515e-01
3.157170322580000175e+02 9.254641552260000070e-01
3.157705161289999864e+02 9.258999148390000267e-01
3.158239999999999554e+02 9.267746959999999534e-01
3.158774838709999813e+02 9.261571730319999585e-01
3.159309677420000071e+02 9.244253374190000150e-01
3.159844516130000329e+02 9.240110136770000038e-01
3.160379354840000019e+02 9.240992003869999971e-01
3.160914193550000277e+02 9.262417686449999632e-01
3.161449032259999967e+02 9.292933283869999617e-01
3.161983870970000225e+02 9.308539709680000440e-01
3.162518709679999915e+02 9.295194905810000296e-01
3.163053548389999605e+02 9.289593647739999849e-01
3.163588387099999863e+02 9.286241748389999495e-01
3.164123225810000122e+02 9.292325388390000329e-01
3.164658064520000380e+02 9.310818045159999778e-01
3.165192903230000070e+02 9.317957153550000537e-01
3.165727741940000328e+02 9.316810757419999867e-01
3.166262580650000018e+02 9.282377513549999737e-01
3.166797419349999814e+02 9.264131883870000417e-01
3.167332258060000072e+02 9.276410587100000216e-01
3.167867096769999762e+02 9.292621707099999462e-01
3.168401935480000020e+02 9.291304485160000182e-01
3.168936774190000278e+02 9.279855873550000300e-01
3.169471612899999968e+02 9.255503474840000022e-01
3.170006451610000227e+02 9.236976516129999926e-01
3.170541290319999916e+02 9.217828041290000440e-01
3.171076129030000175e+02 9.208908578059999961e-01
3.171610967739999865e+02 9.199722541939999720e-01
3.172145806449999554e+02 9.178133320000000372e-01
3.172680645159999813e+02 9.154899541940000329e-01
3.173215483870000071e+02 9.143407930319999988e-01
3.173750322580000329e+02 9.151985441290000356e-01
3.174285161290000019e+02 9.165962082580000336e-01
3.174820000000000277e+02 9.185115879999999899e-01
3.175354838709999967e+02 9.203537154840000234e-01
3.175889677420000226e+02 9.228438990970000422e-01
3.176424516129999915e+02 9.241204251610000142e-01
3.176959354839999605e+02 9.259269237420000298e-01
3.177494193549999864e+02 9.290562374190000083e-01
3.178029032260000122e+02 9.307927832260000089e-01
3.178563870970000380e+02 9.324256033550000211e-01
3.179098709680000070e+02 9.340274605160000521e-01
3.179633548390000328e+02 9.338637331610000203e-01
3.180168387100000018e+02 9.334948065810000362e-01
3.180703225809999708e+02 9.330150670969999949e-01
3.181238064519999966e+02 9.330867580649999660e-01
3.181772903229999656e+02 9.316799282579999453e-01
3.182307741939999914e+02 9.294078823229999786e-01
3.182842580650000173e+02 9.267026033549999875e-01
3.183377419349999968e+02 9.244012419349999510e-01
3.183912258060000227e+02 9.226462974189999500e-01
3.184447096769999916e+02 9.221582558709999766e-01
3.184981935480000175e+02 9.227200385810000460e-01
3.185516774189999865e+02 9.226899449030000477e-01
3.186051612899999554e+02 9.219085322579999575e-01
3.186586451609999813e+02 9.232239579350000058e-01
3.187121290320000071e+02 9.266039499349999486e-01
3.187656129030000329e+02 9.283704433549999635e-01
3.188190967740000019e+02 9.286159700649999627e-01
3.188725806450000277e+02 9.280431974189999877e-01
3.189260645159999967e+02 9.276834047740000200e-01
3.189795483870000226e+02 9.262485824520000355e-01
3.190330322579999915e+02 9.247789098059999713e-01
3.190865161289999605e+02 9.245011794840000130e-01
3.191399999999999864e+02 9.227212399999999981e-01
3.191934838710000122e+02 9.196799207739999593e-01
3.192469677420000380e+02 9.179165114839999973e-01
3.193004516130000070e+02 9.185940052900000152e-01
3.193539354840000328e+02 9.214479489029999693e-01
3.194074193550000018e+02 9.212993380649999731e-01
3.194609032259999708e+02 9.207233187100000160e-01
3.195143870969999966e+02 9.214714200000000410e-01
3.195678709679999656e+02 9.231774118709999977e-01
3.196213548389999914e+02 9.232263087740000262e-01
3.196748387100000173e+02 9.255924077420000229e-01
3.197283225810000431e+02 9.268872474839999764e-01
3.197818064520000121e+02 9.263459139349999871e-01
3.198352903229999811e+02 9.241401221939999910e-01
3.198887741940000069e+02 9.232890492899999968e-01
3.199422580649999759e+02 9.245471361289999690e-01
3.199957419349999554e+02 9.236584629680000269e-01
3.200492258059999813e+02 9.231662467100000269e-01
3.201027096770000071e+02 9.236112221940000477e-01
3.201561935480000329e+02 9.234277530319999761e-01
3.202096774190000019e+02 9.230775045160000136e-01
3.202631612900000277e+02 9.239233323869999737e-01
3.203166451609999967e+02 9.255553539349999914e-01
3.203701290320000226e+02 9.264036025809999630e-01
3.204236129029999915e+02 9.260918864520000238e-01
3.204770967739999605e+02 9.258347438709999544e-01
3.205305806449999864e+02 9.253836815479999922e-01
3.205840645160000122e+02 9.241875756130000230e-01
3.206375483870000380e+02 9.245056176770000134e-01
3.206910322580000070e+02 9.250749748390000304e-01
3.207445161290000328e+02 9.257114606449999838e-01
3.207980000000000018e+02 9.257710919999999621e-01
3.208514838709999708e+02 9.265453839999999719e-01
3.209049677419999966e+02 9.278825331610000005e-01
3.209584516129999656e+02 9.300550003869999527e-01
3.210119354839999914e+02 9.314556948390000368e-01
3.210654193550000173e+02 9.307120241290000040e-01
3.211189032260000431e+02 9.294905122579999457e-01
3.211723870970000121e+02 9.302432544519999569e-01
3.212258709679999811e+02 9.286134354839999938e-01
3.212793548390000069e+02 9.271477490320000348e-01
3.213328387099999759e+02 9.274963713549999600e-01
3.213863225810000017e+02 9.292875690320000492e-01
3.214398064519999707e+02 9.293458196130000015e-01
3.214932903229999965e+02 9.267727176769999797e-01
3.215467741940000224e+02 9.259651567740000422e-01
3.216002580649999913e+02 9.256958255480000064e-01
3.216537419350000278e+02 9.252960616769999591e-01
3.217072258059999967e+02 9.251923512259999649e-01
3.217607096770000226e+02 9.276496513549999934e-01
3.218141935479999916e+02 9.267088103230000096e-01
3.218676774189999605e+02 9.228616550970000221e-01
3.219211612899999864e+02 9.204302994840000141e-01
3.219746451610000122e+02 9.200642073550000521e-01
3.220281290320000380e+02 9.217674654190000094e-01
3.220816129030000070e+02 9.239496580649999569e-01
3.221350967740000328e+02 9.252318809030000146e-01
3.221885806450000018e+02 9.262250669679999993e-01
3.222420645159999708e+02 9.269031863229999502e-01
3.222955483869999966e+02 9.270880414190000307e-01
3.223490322579999656e+02 9.280970232259999619e-01
3.224025161289999915e+02 9.292651819349999620e-01
3.224560000000000173e+02 9.288135159999999502e-01
3.225094838710000431e+02 9.288024687739999674e-01
3.225629677420000121e+02 9.278963478709999491e-01
3.226164516129999811e+02 9.270702890319999501e-01
3.226699354840000069e+02 9.262381983230000282e-01
3.227234193549999759e+02 9.249699538060000004e-01
3.227769032260000017e+02 9.237840600000000180e-01
3.228303870969999707e+02 9.240729508389999847e-01
3.228838709679999965e+02 9.213911425809999667e-01
3.229373548390000224e+02 9.185035350970000012e-01
3.229908387099999914e+02 9.174609474839999779e-01
3.230443225810000172e+02 9.175613913550000333e-01
3.230978064519999862e+02 9.171143894190000312e-01
3.231512903230000120e+02 9.158373090320000021e-01
3.232047741939999810e+02 9.144214175479999929e-01
3.232582580650000068e+02 9.133486781940000077e-01
3.233117419349999864e+02 9.126302193549999942e-01
3.233652258060000122e+02 9.133063814190000018e-01
3.234187096770000380e+02 9.151625238710000554e-01
3.234721935480000070e+02 9.178538849030000168e-01
3.235256774190000328e+02 9.173132389679999887e-01
3.235791612900000018e+02 9.156790172900000080e-01
3.236326451609999708e+02 9.158535025809999564e-01
3.236861290319999966e+02 9.166828019349999579e-01
3.237396129029999656e+02 9.168667641290000336e-01
3.237930967739999915e+02 9.166886138059999745e-01
3.238465806450000173e+02 9.167076738060000451e-01
3.239000645160000431e+02 9.154147325160000292e-01
3.239535483870000121e+02 9.125830625809999708e-01
3.240070322579999811e+02 9.099197419350000260e-01
3.240605161290000069e+02 9.085379769029999775e-01
3.241139999999999759e+02 9.088533479999999498e-01
3.241674838710000017e+02 9.093023334190000195e-01
3.242209677419999707e+02 9.085141470969999578e-01
3.242744516129999965e+02 9.087534636130000232e-01
3.243279354840000224e+02 9.095267438709999652e-01
3.243814193549999914e+02 9.098257904519999606e-01
3.244349032260000172e+02 9.114101832259999814e-01
3.244883870969999862e+02 9.141257045159999484e-01
3.245418709680000120e+02 9.166167486449999791e-01
3.245953548389999810e+02 9.176270381940000442e-01
3.246488387100000068e+02 9.169567260650000051e-01
3.247023225809999758e+02 9.179555959999999848e-01
3.247558064520000016e+02 9.186330870969999784e-01
3.248092903230000275e+02 9.185913411610000523e-01
3.248627741939999964e+02 9.196189233549999509e-01
3.249162580650000223e+02 9.209465205160000112e-01
3.249697419350000018e+02 9.190359099349999505e-01
3.250232258059999708e+02 9.182971690319999825e-01
3.250767096769999966e+02 9.183772455480000430e-01
3.251301935479999656e+02 9.175482165160000481e-01
3.251836774189999915e+02 9.155008594839999514e-01
3.252371612900000173e+02 9.134317851609999872e-01
3.252906451610000431e+02 9.122392548390000355e-01
3.253441290320000121e+02 9.111666921290000332e-01
3.253976129029999811e+02 9.110489532900000187e-01
3.254510967740000069e+02 9.128139015480000173e-01
3.255045806449999759e+02 9.138208578059999754e-01
3.255580645160000017e+02 9.136318135480000491e-01
3.256115483869999707e+02 9.132695541940000217e-01
3.256650322579999965e+02 9.142414076129999900e-01
3.257185161290000224e+02 9.158636327739999583e-01
3.257719999999999914e+02 9.178657199999999960e-01
3.258254838710000172e+02 9.187579651609999454e-01
3.258789677419999862e+02 9.184440994839999650e-01
3.259324516130000120e+02 9.185495077419999488e-01
3.259859354839999810e+02 9.189154734190000395e-01
3.260394193550000068e+02 9.216084304520000270e-01
3.260929032259999758e+02 9.231954451610000500e-01
3.261463870970000016e+02 9.237854132899999682e-01
3.261998709680000275e+02 9.236971931609999631e-01
3.262533548389999964e+02 9.232231860649999788e-01
3.263068387100000223e+02 9.223146166450000294e-01
3.263603225809999913e+02 9.215769103230000425e-01
3.264138064520000171e+02 9.218111535480000285e-01
3.264672903229999861e+02 9.223558765160000394e-01
3.265207741939999551e+02 9.207825259349999847e-01
3.265742580649999809e+02 9.188835667100000437e-01
3.266277419350000173e+02 9.197088361290000069e-01
3.266812258060000431e+02 9.203471148390000023e-01
3.267347096770000121e+02 9.193899073550000356e-01
3.267881935479999811e+02 9.188027139350000150e-01
3.268416774190000069e+02 9.173862938060000083e-01
3.268951612899999759e+02 9.159781309679999595e-01
3.269486451610000017e+02 9.163916203869999499e-01
3.270021290319999707e+02 9.169400509680000200e-01
3.270556129029999965e+02 9.171547260650000366e-01
3.271090967740000224e+02 9.164071929029999897e-01
3.271625806449999914e+02 9.156203038710000186e-01
3.272160645160000172e+02 9.162291252900000016e-01
3.272695483869999862e+02 9.161062543229999688e-01
3.273230322580000120e+02 9.174303772899999876e-01
3.273765161289999810e+02 9.203634974190000317e-01
3.274300000000000068e+02 9.193472599999999995e-01
3.274834838709999758e+02 9.184304809029999461e-01
3.275369677420000016e+02 9.179396912260000541e-01
3.275904516130000275e+02 9.175282113549999563e-01
3.276439354839999964e+02 9.182742205160000504e-01
3.276974193550000223e+02 9.181199774189999774e-01
3.277509032259999913e+02 9.190184999999999604e-01
3.278043870970000171e+02 9.197464010320000050e-01
3.278578709679999861e+02 9.189336054190000436e-01
3.279113548389999551e+02 9.190352024519999885e-01
3.279648387099999809e+02 9.189061458060000520e-01
3.280183225810000067e+02 9.184697620649999728e-01
3.280718064520000326e+02 9.180592069680000300e-01
3.281252903230000015e+02 9.161768812899999670e-01
3.281787741940000274e+02 9.147518433550000383e-01
3.282322580649999963e+02 9.138556451610000408e-01
3.282857419349999759e+02 9.141074579350000340e-01
3.283392258060000017e+02 9.137853166449999565e-01
3.283927096769999707e+02 9.127329255480000070e-01
3.284461935479999966e+02 9.122301467100000227e-01
3.284996774190000224e+02 9.130127264520000452e-01
3.285531612899999914e+02 9.137919859349999951e-01
3.286066451610000172e+02 9.142498633550000253e-01
3.286601290319999862e+02 9.132085046450000299e-01
3.287136129030000120e+02 9.134028547100000450e-01
3.287670967739999810e+02 9.127392019350000218e-01
3.288205806450000068e+02 9.128880194840000017e-01
3.288740645159999758e+02 9.158095538060000429e-01
3.289275483870000016e+02 9.175889947099999944e-01
3.289810322580000275e+02 9.164335490320000277e-01
3.290345161289999965e+02 9.146741451609999851e-01
3.290880000000000223e+02 9.129455960000000259e-01
3.291414838709999913e+02 9.137017192259999643e-01
3.291949677420000171e+02 9.147216170319999451e-01
3.292484516129999861e+02 9.139577153550000332e-01
3.293019354839999551e+02 9.117530522579999630e-01
3.293554193549999809e+02 9.110660830969999902e-01
3.294089032260000067e+02 9.103106366450000042e-01
3.294623870970000326e+02 9.096413687740000364e-01
3.295158709680000015e+02 9.109076098060000515e-01
3.295693548390000274e+02 9.134415961289999997e-01
3.296228387099999964e+02 9.151228330320000381e-01
3.296763225810000222e+02 9.155533585809999542e-01
3.297298064519999912e+02 9.168355251609999756e-01
3.297832903229999602e+02 9.189685621940000271e-01
3.298367741939999860e+02 9.199462348389999544e-01
3.298902580650000118e+02 9.196936447739999521e-01
3.299437419349999914e+02 9.191835886450000492e-01
3.299972258060000172e+02 9.180849630970000508e-01
3.300507096769999862e+02 9.169136405159999947e-01
3.301041935480000120e+02 9.158130967740000239e-01
3.301576774189999810e+02 9.170663963870000490e-01
3.302111612900000068e+02 9.171550855479999598e-01
3.302646451609999758e+02 9.166744090320000371e-01
3.303181290320000016e+02 9.171302161290000310e-01
3.303716129030000275e+02 9.165420606449999896e-01
3.304250967739999965e+02 9.176840598709999908e-01
3.304785806450000223e+02 9.186435029680000142e-01
3.305320645159999913e+02 9.190213972899999861e-01
3.305855483870000171e+02 9.183429434840000294e-01
3.306390322579999861e+02 9.176771509679999550e-01
3.306925161289999551e+02 9.173556816769999900e-01
3.307459999999999809e+02 9.175017920000000382e-01
3.307994838710000067e+02 9.165792290319999536e-01
3.308529677420000326e+02 9.144331251609999489e-01
3.309064516130000015e+02 9.132841999999999905e-01
3.309599354840000274e+02 9.129603501940000143e-01
3.310134193549999964e+02 9.146318260650000420e-01
3.310669032260000222e+02 9.160964314839999956e-01
3.311203870969999912e+02 9.179879625810000165e-01
3.311738709679999602e+02 9.176035509679999480e-01
3.312273548389999860e+02 9.172238323870000043e-01
3.312808387100000118e+02 9.171083009029999955e-01
3.313343225810000376e+02 9.160498301939999921e-01
3.313878064520000066e+02 9.157698243870000532e-01
3.314412903230000325e+02 9.158156535479999860e-01
3.314947741940000014e+02 9.136879078709999602e-01
3.315482580649999704e+02 9.117404714839999480e-01
3.316017419350000068e+02 9.107665603869999904e-01
3.316552258059999758e+02 9.102252983230000316e-01
3.317087096770000016e+02 9.104319658060000542e-01
3.317621935480000275e+02 9.091821630969999513e-01
3.318156774189999965e+02 9.125653815480000430e-01
3.318691612900000223e+02 9.155898447739999613e-01
3.319226451609999913e+02 9.163660770320000148e-01
3.319761290320000171e+02 9.175516703230000015e-01
3.320296129029999861e+02 9.183506743229999936e-01
3.320830967739999551e+02 9.186506878710000157e-01
3.321365806449999809e+02 9.182963934190000455e-01
3.321900645160000067e+02 9.178644161290000492e-01
3.322435483870000326e+02 9.201026219350000313e-01
3.322970322580000015e+02 9.201928553549999501e-01
3.323505161290000274e+02 9.182811369029999504e-01
3.324039999999999964e+02 9.158740359999999470e-01
3.324574838710000222e+02 9.136571837420000008e-01
3.325109677419999912e+02 9.117768354840000145e-01
3.325644516129999602e+02 9.104331619350000127e-01
3.326179354839999860e+02 9.100300178060000134e-01
3.326714193550000118e+02 9.088941489030000209e-01
3.327249032260000376e+02 9.074770399999999571e-01
3.327783870970000066e+02 9.064938380649999461e-01
3.328318709680000325e+02 9.060720685159999732e-01
3.328853548390000014e+02 9.052416796129999499e-01
3.329388387099999704e+02 9.045336136770000257e-01
3.329923225809999963e+02 9.054386905810000163e-01
3.330458064519999652e+02 9.063843464519999449e-01
3.330992903229999911e+02 9.077777919999999723e-01
3.331527741940000169e+02 9.096973036130000523e-01
3.332062580650000427e+02 9.102539384519999777e-01
3.332597419350000223e+02 9.108080841290000507e-01
3.333132258059999913e+02 9.115946187100000264e-01
3.333667096770000171e+02 9.140812976769999709e-01
3.334201935479999861e+02 9.142568187099999744e-01
3.334736774189999551e+02 9.156878680000000159e-01
3.335271612899999809e+02 9.177052411610000515e-01
3.335806451610000067e+02 9.178593600000000130e-01
3.336341290320000326e+02 9.168908362580000526e-01
3.336876129030000016e+02 9.175637152259999985e-01
3.337410967740000274e+02 9.175735870969999874e-01
3.337945806449999964e+02 9.173161770319999686e-01
3.338480645160000222e+02 9.154386264520000260e-01
3.339015483869999912e+02 9.166578818060000522e-01
3.339550322579999602e+02 9.170182525159999987e-01
3.340085161289999860e+02 9.142617868389999458e-01
3.340620000000000118e+02 9.139144759999999756e-01
3.341154838710000377e+02 9.136460735479999817e-01
3.341689677420000066e+02 9.127335592259999686e-01
3.342224516130000325e+02 9.111710521289999587e-01
3.342759354840000015e+02 9.119133005159999472e-01
3.343294193549999704e+02 9.136287603870000273e-01
3.343829032259999963e+02 9.131607045159999547e-01
3.344363870969999653e+02 9.127191787099999676e-01
3.344898709679999911e+02 9.136483438710000238e-01
3.345433548390000169e+02 9.147177770319999679e-01
3.345968387100000427e+02 9.139877010319999995e-01
3.346503225810000117e+02 9.143678225810000226e-01
3.347038064519999807e+02 9.149915681289999547e-01
3.347572903230000065e+02 9.140110212900000031e-01
3.348107741939999755e+02 9.126244086450000514e-01
3.348642580650000014e+02 9.125938430969999793e-01
3.349177419349999809e+02 9.119803619349999835e-01
3.349712258060000067e+02 9.110327839999999844e-01
3.350247096770000326e+02 9.096685224520000279e-01
3.350781935480000016e+02 9.090792441289999859e-01
3.351316774190000274e+02 9.077684236130000306e-01
3.351851612899999964e+02 9.077081554839999677e-01
3.352386451610000222e+02 9.084525970319999866e-01
3.352921290319999912e+02 9.078056943229999565e-01
3.353456129029999602e+02 9.072768197420000291e-01
3.353990967739999860e+02 9.084057179350000233e-01
3.354525806450000118e+02 9.092255954839999488e-01
3.355060645160000377e+02 9.099732940650000490e-01
3.355595483870000066e+02 9.102081909679999860e-01
3.356130322580000325e+02 9.109999707100000510e-01
3.356665161290000015e+02 9.111265627100000319e-01
3.357199999999999704e+02 9.109544400000000319e-01
3.357734838709999963e+02 9.113345131610000038e-01
3.358269677419999653e+02 9.104093793549999925e-01
3.358804516129999911e+02 9.098053421939999996e-01
3.359339354840000169e+02 9.093650162580000362e-01
3.359874193550000427e+02 9.107007722579999465e-01
3.360409032260000117e+02 9.110798429680000421e-01
3.360943870969999807e+02 9.104273206449999822e-01
3.361478709680000065e+02 9.095762363870000256e-01
3.362013548389999755e+02 9.092601070970000032e-01
3.362548387100000014e+02 9.086192948389999469e-01
3.363083225809999703e+02 9.080686223230000076e-01
3.363618064519999962e+02 9.077944517420000192e-01
3.364152903230000220e+02 9.092378033550000405e-01
3.364687741939999910e+02 9.106296367739999953e-01
3.365222580650000168e+02 9.111956599999999629e-01
3.365757419349999964e+02 9.133816258060000193e-01
3.366292258060000222e+02 9.149719621940000103e-01
3.366827096769999912e+02 9.164009209029999603e-01
3.367361935479999602e+02 9.154197067099999474e-01
3.367896774189999860e+02 9.181090658060000465e-01
3.368431612900000118e+02 9.216855147100000423e-01
3.368966451610000377e+02 9.222950615480000058e-01
3.369501290320000066e+02 9.228282670970000545e-01
3.370036129030000325e+02 9.217318316129999856e-01
3.370570967740000015e+02 9.199376845159999982e-01
3.371105806449999704e+02 9.191978923870000040e-01
3.371640645159999963e+02 9.194690154839999519e-01
3.372175483869999653e+02 9.219506086450000026e-01
3.372710322579999911e+02 9.209376323869999936e-01
3.373245161290000169e+02 9.159178154839999753e-01
3.373780000000000427e+02 9.096945239999999488e-01
3.374314838710000117e+02 9.046555744519999553e-01
3.374849677419999807e+02 9.014677749680000129e-01
3.375384516130000065e+02 9.008991619349999702e-01
3.375919354839999755e+02 9.005720703230000179e-01
3.376454193550000014e+02 8.986771477420000265e-01
3.376989032259999703e+02 8.947263345810000379e-01
3.377523870969999962e+02 8.918847072259999953e-01
3.378058709680000220e+02 8.915104247739999987e-01
3.378593548389999910e+02 8.946892883870000146e-01
3.379128387100000168e+02 9.001556207740000204e-01
3.379663225809999858e+02 9.018815805159999810e-01
3.380198064520000116e+02 9.019487990969999869e-01
3.380732903229999806e+02 9.015711174189999788e-01
3.381267741940000064e+02 9.012511187099999654e-01
3.381802580649999754e+02 9.018483570319999476e-01
3.382337419350000118e+02 9.026990571609999625e-01
3.382872258060000377e+02 9.032872175480000099e-01
3.383407096770000066e+02 9.041490667099999490e-01
3.383941935480000325e+02 9.024956612900000286e-01
3.384476774190000015e+02 9.024684659349999638e-01
3.385011612899999704e+02 9.040017633550000431e-01
3.385546451609999963e+02 9.052691918709999674e-01
3.386081290319999653e+02 9.060623559999999577e-01
3.386616129029999911e+02 9.051107406449999671e-01
3.387150967740000169e+02 9.062237113550000167e-01
3.387685806450000428e+02 9.070006392260000494e-01
3.388220645160000117e+02 9.078708091610000475e-01
3.388755483869999807e+02 9.073728081290000080e-01
3.389290322580000065e+02 9.057394883870000246e-01
3.389825161289999755e+02 9.048227556129999627e-01
3.390360000000000014e+02 9.018099120000000468e-01
3.390894838709999703e+02 8.994231406449999522e-01
3.391429677419999962e+02 8.995522127739999929e-01
3.391964516130000220e+02 8.997051683869999872e-01
3.392499354839999910e+02 9.003095113550000361e-01
3.393034193550000168e+02 9.007399451609999774e-01
3.393569032259999858e+02 9.001476255479999855e-01
3.394103870970000116e+02 9.003042535480000330e-01
3.394638709679999806e+02 8.982954922579999835e-01
3.395173548390000065e+02 8.994499118709999852e-01
3.395708387099999754e+02 9.019044223230000545e-01
3.396243225810000013e+02 9.035546504520000077e-01
3.396778064520000271e+02 9.029763069680000198e-01
3.397312903229999961e+02 9.016577735480000300e-01
3.397847741940000219e+02 8.996861215479999840e-01
3.398382580649999909e+02 8.987602784520000165e-01
3.398917419349999705e+02 8.996125032259999488e-01
3.399452258059999963e+02 9.005871882579999932e-01
3.399987096769999653e+02 9.012764154839999486e-01
3.400521935479999911e+02 9.011345812900000141e-01
3.401056774190000169e+02 9.020009442580000369e-01
3.401591612900000428e+02 9.058642740650000302e-01
3.402126451610000117e+02 9.160198699349999529e-01
3.402661290319999807e+02 9.264007890319999605e-01
3.403196129030000066e+02 9.376444450319999513e-01
3.403730967739999755e+02 9.483497589680000006e-01
3.404265806450000014e+02 9.588660334190000079e-01
3.404800645159999704e+02 9.688579416770000119e-01
3.405335483869999962e+02 9.791911374189999906e-01
3.405870322580000220e+02 9.881683966450000023e-01
3.406405161289999910e+02 9.963048796129999607e-01
3.406940000000000168e+02 9.991804159999999602e-01
3.407474838709999858e+02 9.994528379349999492e-01
3.408009677420000116e+02 9.995776632259999461e-01
3.408544516129999806e+02 9.996663612899999718e-01
3.409079354840000065e+02 9.997314108389999676e-01
3.409614193549999754e+02 9.997727993549999637e-01
3.410149032260000013e+02 9.998062658059999608e-01
3.410683870970000271e+02 9.998332180650000289e-01
3.411218709679999961e+02 9.998552522579999824e-01
3.411753548390000219e+02 9.998734707099999897e-01
3.412288387099999909e+02 9.998887710970000287e-01
3.412823225810000167e+02 9.999055603869999587e-01
3.413358064519999857e+02 9.999225703230000262e-01
3.413892903229999547e+02 9.999376098059999940e-01
3.414427741939999805e+02 9.999509947100000407e-01
3.414962580650000064e+02 9.999618165160000238e-01
3.415497419350000428e+02 9.999713361290000213e-01
3.416032258060000117e+02 9.999799567739999784e-01
3.416567096769999807e+02 9.999878327740000516e-01
3.417101935480000066e+02 9.999950247740000409e-01
3.417636774189999755e+02 1.000000000000000000e+00
3.418171612900000014e+02 1.000000000000000000e+00
3.418706451609999704e+02 1.000000000000000000e+00
3.419241290319999962e+02 1.000000000000000000e+00
3.419776129030000220e+02 1.000000000000000000e+00
3.420310967739999910e+02 1.000000000000000000e+00
3.420845806450000168e+02 1.000000000000000000e+00
3.421380645159999858e+02 1.000000000000000000e+00
3.421915483870000116e+02 1.000000000000000000e+00
3.422450322579999806e+02 1.000000000000000000e+00
3.422985161290000065e+02 1.000000000000000000e+00
3.423519999999999754e+02 1.000000000000000000e+00
3.424054838710000013e+02 1.000000000000000000e+00
3.424589677420000271e+02 1.000000000000000000e+00
3.425124516129999961e+02 1.000000000000000000e+00
3.425659354840000219e+02 1.000000000000000000e+00
3.426194193549999909e+02 1.000000000000000000e+00
3.426729032260000167e+02 1.000000000000000000e+00
3.427263870969999857e+02 1.000000000000000000e+00
3.427798709679999547e+02 1.000000000000000000e+00
3.428333548389999805e+02 1.000000000000000000e+00
3.428868387100000064e+02 1.000000000000000000e+00
3.429403225810000322e+02 1.000000000000000000e+00
3.429938064520000012e+02 1.000000000000000000e+00
3.430472903230000270e+02 1.000000000000000000e+00
3.431007741939999960e+02 1.000000000000000000e+00
3.431542580650000218e+02 1.000000000000000000e+00
3.432077419350000014e+02 1.000000000000000000e+00
3.432612258059999704e+02 1.000000000000000000e+00
3.433147096769999962e+02 1.000000000000000000e+00
3.433681935480000220e+02 1.000000000000000000e+00
3.434216774189999910e+02 1.000000000000000000e+00
3.434751612900000168e+02 1.000000000000000000e+00
3.435286451609999858e+02 1.000000000000000000e+00
3.435821290320000116e+02 1.000000000000000000e+00
3.436356129029999806e+02 1.000000000000000000e+00
3.436890967740000065e+02 1.000000000000000000e+00
3.437425806449999754e+02 1.000000000000000000e+00
3.437960645160000013e+02 1.000000000000000000e+00
3.438495483870000271e+02 1.000000000000000000e+00
3.439030322579999961e+02 1.000000000000000000e+00
3.439565161290000219e+02 1.000000000000000000e+00
3.440099999999999909e+02 1.000000000000000000e+00
