# Wavelength (Nm)     Mean
2.914389999999999645e+02 4.022031600000000040e-01
2.915759022480000340e+02 4.039274187620000012e-01
2.917128044969999792e+02 4.040562883950000184e-01
2.918497067449999918e+02 4.037634953429999896e-01
2.919866089930000044e+02 4.058652092319999793e-01
2.921235112410000170e+02 4.041455671160000263e-01
2.922604134900000190e+02 4.068641036480000195e-01
2.923973157379999748e+02 4.075307528020000181e-01
2.925342179860000442e+02 4.030778211220000240e-01
2.926711202349999894e+02 4.052698771139999767e-01
2.928080224830000020e+02 4.052851070580000270e-01
2.929449247310000146e+02 4.120782746880000125e-01
2.930818269790000272e+02 4.188317091379999968e-01
2.932187292279999724e+02 4.175672160019999746e-01
2.933556314759999850e+02 4.160984178809999934e-01
2.934925337239999976e+02 4.149406131089999894e-01
2.936294359729999996e+02 4.163803668859999974e-01
2.937663382209999554e+02 4.181002492159999750e-01
2.939032404690000249e+02 4.206001830969999800e-01
2.940401427169999806e+02 4.212783401429999741e-01
2.941770449659999827e+02 4.230770336849999924e-01
2.943139472139999953e+02 4.234531215780000246e-01
2.944508494620000079e+02 4.250831322149999925e-01
2.945877517110000099e+02 4.262907198299999978e-01
2.947246539589999657e+02 4.259919532549999999e-01
2.948615562070000351e+02 4.267803476540000251e-01
2.949984584559999803e+02 4.246907455560000044e-01
2.951353607039999929e+02 4.236169375659999958e-01
2.952722629520000055e+02 4.240988751670000112e-01
2.954091652000000181e+02 4.289705428480000138e-01
2.955460674490000201e+02 4.321933075070000241e-01
2.956829696969999759e+02 4.370712004849999777e-01
2.958198719450000453e+02 4.331462338689999747e-01
2.959567741939999905e+02 4.317551501940000147e-01
2.960936764420000031e+02 4.328845471359999975e-01
2.962305786900000157e+02 4.340402252100000191e-01
2.963674809380000283e+02 4.394077060650000144e-01
2.965043831869999735e+02 4.388220742639999949e-01
2.966412854349999861e+02 4.418248759769999867e-01
2.967781876829999987e+02 4.425061049560000126e-01
2.969150899320000008e+02 4.413363739980000200e-01
2.970519921799999565e+02 4.435579971549999945e-01
2.971888944280000260e+02 4.439596965279999918e-01
2.973257966759999817e+02 4.498455393979999828e-01
2.974626989249999838e+02 4.545588276559999752e-01
2.975996011729999964e+02 4.551799453959999853e-01
2.977365034210000090e+02 4.541652698770000107e-01
2.978734056700000110e+02 4.539705410870000235e-01
2.980103079179999668e+02 4.556319440120000230e-01
2.981472101660000362e+02 4.567316302850000231e-01
2.982841124139999920e+02 4.556276820919999970e-01
2.984210146629999940e+02 4.535681385920000142e-01
2.985579169110000066e+02 4.520761282499999867e-01
2.986948191590000192e+02 4.526488017110000261e-01
2.988317214080000213e+02 4.555767350380000025e-01
2.989686236559999770e+02 4.633506947309999902e-01
2.991055259039999896e+02 4.697000665850000201e-01
2.992424281520000022e+02 4.769251842869999813e-01
2.993793304010000043e+02 4.781311562819999805e-01
2.995162326490000169e+02 4.779510878730000023e-01
2.996531348970000295e+02 4.792978488560000194e-01
2.997900371459999747e+02 4.833034364109999870e-01
2.999269393939999873e+02 4.803288313940000109e-01
3.000638416419999999e+02 4.793573694430000032e-01
3.002007438910000019e+02 4.723687671910000163e-01
3.003376461389999577e+02 4.707696380099999911e-01
3.004745483870000271e+02 4.687843937419999829e-01
3.006114506349999829e+02 4.685410055640000238e-01
3.007483528839999849e+02 4.703102956790000122e-01
3.008852551319999975e+02 4.706008668269999751e-01
3.010221573800000101e+02 4.706238624379999735e-01
3.011590596290000121e+02 4.704120710890000168e-01
3.012959618769999679e+02 4.697727785690000157e-01
3.014328641250000373e+02 4.719273934900000134e-01
3.015697663729999931e+02 4.783221019689999909e-01
3.017066686219999951e+02 4.799352022989999966e-01
3.018435708700000077e+02 4.812683803889999945e-01
3.019804731180000203e+02 4.812105955700000104e-01
3.021173753670000224e+02 4.847473130789999862e-01
3.022542776149999781e+02 4.889747219430000125e-01
3.023911798629999907e+02 4.917997429700000089e-01
3.025280821110000034e+02 4.926519128210000154e-01
3.026649843600000054e+02 4.921768105450000097e-01
3.028018866080000180e+02 4.943150164810000136e-01
3.029387888560000306e+02 4.932192362350000248e-01
3.030756911049999758e+02 4.930183069719999978e-01
3.032125933529999884e+02 4.912762000229999870e-01
3.033494956010000010e+02 4.943003261469999798e-01
3.034863978490000136e+02 4.985356869890000264e-01
3.036233000979999588e+02 5.018217660289999715e-01
3.037602023460000282e+02 5.060009133370000356e-01
3.038971045939999840e+02 5.098178086179999680e-01
3.040340068429999860e+02 5.125826416009999775e-01
3.041709090909999986e+02 5.161639254550000055e-01
3.043078113390000112e+02 5.162692624670000008e-01
3.044447135869999670e+02 5.162692621079999489e-01
3.045816158359999690e+02 5.153779657300000538e-01
3.047185180840000385e+02 5.218433461429999864e-01
3.048554203319999942e+02 5.258992494819999530e-01
3.049923225809999963e+02 5.303608593549999917e-01
3.051292248290000089e+02 5.340836333609999542e-01
3.052661270770000215e+02 5.329592925870000331e-01
3.054030293259999667e+02 5.362954257359999755e-01
3.055399315739999793e+02 5.390029957969999508e-01
3.056768338219999919e+02 5.347802725789999601e-01
3.058137360700000045e+02 5.316588172549999713e-01
3.059506383190000065e+02 5.331090137130000128e-01
3.060875405670000191e+02 5.339661505530000074e-01
3.062244428150000317e+02 5.401679441940000492e-01
3.063613450639999769e+02 5.403627852429999656e-01
3.064982473119999895e+02 5.392103867099999892e-01
3.066351495600000021e+02 5.410935311319999830e-01
3.067720518080000147e+02 5.403739844070000187e-01
3.069089540569999599e+02 5.470126146629999964e-01
3.070458563050000294e+02 5.520792885690000151e-01
3.071827585529999851e+02 5.565913611849999665e-01
3.073196608019999871e+02 5.574582291090000030e-01
3.074565630499999997e+02 5.572931260060000058e-01
3.075934652980000124e+02 5.570669651909999631e-01
3.077303675459999681e+02 5.566801231050000354e-01
3.078672697949999701e+02 5.615548753429999707e-01
3.080041720430000396e+02 5.631839950110000270e-01
3.081410742909999954e+02 5.627589796209999662e-01
3.082779765399999974e+02 5.611086102050000246e-01
3.084148787880000100e+02 5.630454259389999772e-01
3.085517810360000226e+02 5.624442049269999799e-01
3.086886832839999784e+02 5.654684622050000220e-01
3.088255855329999804e+02 5.661745712839999500e-01
3.089624877809999930e+02 5.662614081919999931e-01
3.090993900290000056e+02 5.710314926330000151e-01
3.092362922780000076e+02 5.753900888820000503e-01
3.093731945260000202e+02 5.821459008639999766e-01
3.095100967740000328e+02 5.838943045159999956e-01
3.096469990219999886e+02 5.829935832260000339e-01
3.097839012709999906e+02 5.817500162350000004e-01
3.099208035190000032e+02 5.827285759770000073e-01
3.100577057670000158e+02 5.887666199140000334e-01
3.101946080159999610e+02 5.890452815290000421e-01
3.103315102640000305e+02 5.931095673609999563e-01
3.104684125119999862e+02 5.949027203319999790e-01
3.106053147609999883e+02 5.995096355969999902e-01
3.107422170090000009e+02 6.017338965399999795e-01
3.108791192570000135e+02 6.041919693199999664e-01
3.110160215049999692e+02 6.045194634410000489e-01
3.111529237539999713e+02 6.038847467619999909e-01
3.112898260020000407e+02 6.069229095410000330e-01
3.114267282499999965e+02 6.103470813900000458e-01
3.115636304989999985e+02 6.095539474719999795e-01
3.117005327470000111e+02 6.146008457670000258e-01
3.118374349950000237e+02 6.181451470890000355e-01
3.119743372429999795e+02 6.177912513079999446e-01
3.121112394919999815e+02 6.238919611809999877e-01
3.122481417399999941e+02 6.288684220510000200e-01
3.123850439880000067e+02 6.308868450440000553e-01
3.125219462370000088e+02 6.412759370320000318e-01
3.126588484850000214e+02 6.451943524850000111e-01
3.127957507330000340e+02 6.467243590910000117e-01
3.129326529809999897e+02 6.483329035889999759e-01
3.130695552299999918e+02 6.451905294719999517e-01
3.132064574780000044e+02 6.428297484689999841e-01
3.133433597260000170e+02 6.420540861600000371e-01
3.134802619749999621e+02 6.412806807700000000e-01
3.136171642230000316e+02 6.446790651029999930e-01
3.137540664709999874e+02 6.514917122579999553e-01
3.138909687190000000e+02 6.560183704180000408e-01
3.140278709680000020e+02 6.594381833550000405e-01
3.141647732160000146e+02 6.646985158079999900e-01
3.143016754639999704e+02 6.737366443600000254e-01
3.144385777129999724e+02 6.790155423749999475e-01
3.145754799610000418e+02 6.806820633429999656e-01
3.147123822089999976e+02 6.784310000530000551e-01
3.148492844570000102e+02 6.815346752259999752e-01
3.149861867060000122e+02 6.873392306879999580e-01
3.151230889540000248e+02 6.972816545450000181e-01
3.152599912019999806e+02 7.010708413720000420e-01
3.153968934509999826e+02 6.999052148109999871e-01
3.155337956989999952e+02 6.957832910750000321e-01
3.156706979470000078e+02 6.951455754130000386e-01
3.158076001960000099e+02 6.952602209479999962e-01
3.159445024440000225e+02 6.974581106860000546e-01
3.160814046919999782e+02 7.032129272670000208e-01
3.162183069399999908e+02 7.076904067489999672e-01
3.163552091889999929e+02 7.127510764029999502e-01
3.164921114370000055e+02 7.206394586509999867e-01
3.166290136850000181e+02 7.244519391629999916e-01
3.167659159339999633e+02 7.269564705650000125e-01
3.169028181820000327e+02 7.241328445450000428e-01
3.170397204299999885e+02 7.256352757420000410e-01
3.171766226780000011e+02 7.279158811729999901e-01
3.173135249270000031e+02 7.336241578650000150e-01
3.174504271750000157e+02 7.407905370539999979e-01
3.175873294229999715e+02 7.431865105810000482e-01
3.177242316719999735e+02 7.444258145869999677e-01
3.178611339200000430e+02 7.520987750149999984e-01
3.179980361679999987e+02 7.585581198549999904e-01
3.181349384160000113e+02 7.692847086220000463e-01
3.182718406650000134e+02 7.720651859099999514e-01
3.184087429130000260e+02 7.715862793040000334e-01
3.185456451609999817e+02 7.727105061290000521e-01
3.186825474099999838e+02 7.793803119140000346e-01
3.188194496579999964e+02 7.865958647609999632e-01
3.189563519060000090e+02 7.903176448209999760e-01
3.190932541539999647e+02 7.848592408860000091e-01
3.192301564030000236e+02 7.767948215840000392e-01
3.193670586509999794e+02 7.677094350149999968e-01
3.195039608989999920e+02 7.608081676950000372e-01
3.196408631479999940e+02 7.681093078320000433e-01
3.197777653960000066e+02 7.635183664869999998e-01
3.199146676440000192e+02 7.676195802049999850e-01
3.200515698919999750e+02 7.735258036559999884e-01
3.201884721410000338e+02 7.775185209499999583e-01
3.203253743889999896e+02 7.822493563400000349e-01
3.204622766370000022e+02 7.829050897810000409e-01
3.205991788860000042e+02 7.757096968910000001e-01
3.207360811340000168e+02 7.664687193039999569e-01
3.208729833819999726e+02 7.557905620410000358e-01
3.210098856299999852e+02 7.538134402460000549e-01
3.211467878790000441e+02 7.517545543029999777e-01
3.212836901269999998e+02 7.550855755030000394e-01
3.214205923749999556e+02 7.611314272019999994e-01
3.215574946240000145e+02 7.590170099780000346e-01
3.216943968720000271e+02 7.610634191239999957e-01
3.218312991199999828e+02 7.646659955010000065e-01
3.219682013689999849e+02 7.629023539979999935e-01
3.221051036169999975e+02 7.694250427569999662e-01
3.222420058650000101e+02 7.728253288909999741e-01
3.223789081129999659e+02 7.763300565609999593e-01
3.225158103620000247e+02 7.753527207039999647e-01
3.226527126099999805e+02 7.712458452489999727e-01
3.227896148579999931e+02 7.754245260219999603e-01
3.229265171069999951e+02 7.717631401019999782e-01
3.230634193550000077e+02 7.703698362580000403e-01
3.232003216030000203e+02 7.678469673350000191e-01
3.233372238509999761e+02 7.646450872529999554e-01
3.234741261000000350e+02 7.686720412430000371e-01
3.236110283479999907e+02 7.747897290869999454e-01
3.237479305960000033e+02 7.765119424830000394e-01
3.238848328450000054e+02 7.790552286449999864e-01
3.240217350930000180e+02 7.837884858650000508e-01
3.241586373409999737e+02 7.951582111949999643e-01
3.242955395889999863e+02 7.932336535070000361e-01
3.244324418380000452e+02 7.934119981539999866e-01
3.245693440860000010e+02 7.858633707740000363e-01
3.247062463339999567e+02 7.852481267449999969e-01
3.248431485830000156e+02 7.869805684359999498e-01
3.249800508310000282e+02 7.898199113739999833e-01
3.251169530789999840e+02 7.927647409439999571e-01
3.252538553269999966e+02 7.933727362850000464e-01
3.253907575759999986e+02 7.870433581819999969e-01
3.255276598240000112e+02 7.852869144630000298e-01
3.256645620719999670e+02 7.867313317990000110e-01
3.258014643210000258e+02 7.949038408290000080e-01
3.259383665689999816e+02 8.055356517010000550e-01
3.260752688169999942e+02 8.092387027959999646e-01
3.262121710650000068e+02 8.073652434779999831e-01
3.263490733140000088e+02 8.008581321409999898e-01
3.264859755620000215e+02 8.003054217480000121e-01
3.266228778099999772e+02 7.998479286649999853e-01
3.267597800590000361e+02 7.951216809379999528e-01
3.268966823069999919e+02 7.965035031360000461e-01
3.270335845550000045e+02 7.908515632120000083e-01
3.271704868040000065e+02 7.898906728450000303e-01
3.273073890520000191e+02 7.955962463069999879e-01
3.274442912999999749e+02 7.952993298139999778e-01
3.275811935479999875e+02 8.031902887740000052e-01
3.277180957969999895e+02 8.056180460570000479e-01
3.278549980450000021e+02 8.089579922640000031e-01
3.279919002929999579e+02 8.050242181940000519e-01
3.281288025420000167e+02 8.070117793059999878e-01
3.282657047900000293e+02 8.089010380960000024e-01
3.284026070379999851e+02 8.088407069380000314e-01
3.285395092859999977e+02 8.138776458890000232e-01
3.286764115349999997e+02 8.160468194150000132e-01
3.288133137830000123e+02 8.185259009969999555e-01
3.289502160309999681e+02 8.194670655579999741e-01
3.290871182800000270e+02 8.118165113980000402e-01
3.292240205279999827e+02 8.106255648619999921e-01
3.293609227759999953e+02 8.079531600120000157e-01
3.294978250240000079e+02 8.039863756109999482e-01
3.296347272730000100e+02 8.047611287270000080e-01
3.297716295210000226e+02 8.001350416950000488e-01
3.299085317689999783e+02 8.002797945220000431e-01
3.300454340180000372e+02 8.043295611140000023e-01
3.301823362659999930e+02 8.077982287589999810e-01
3.303192385140000056e+02 8.077173116970000066e-01
3.304561407620000182e+02 8.087421146159999852e-01
3.305930430110000202e+02 8.100867891180000280e-01
3.307299452589999760e+02 8.083694962580000309e-01
3.308668475069999886e+02 8.061831819650000508e-01
3.310037497559999906e+02 8.001374841839999918e-01
3.311406520040000032e+02 7.971597119000000120e-01
3.312775542519999590e+02 7.990897551790000497e-01
3.314144565000000284e+02 7.975612139450000138e-01
3.315513587490000305e+02 8.015254393549999801e-01
3.316882609969999862e+02 8.031323859819999855e-01
3.318251632449999988e+02 8.009219502950000180e-01
3.319620654940000009e+02 8.034642846999999755e-01
3.320989677420000135e+02 8.032889472259999719e-01
3.322358699899999692e+02 8.083175855030000356e-01
3.323727722390000281e+02 8.166347026389999542e-01
3.325096744869999839e+02 8.225225224340000363e-01
3.326465767349999965e+02 8.313589822250000427e-01
3.327834789830000091e+02 8.291917566690000241e-01
3.329203812320000111e+02 8.236058329619999618e-01
3.330572834799999669e+02 8.192865108089999460e-01
3.331941857279999795e+02 8.117267770399999582e-01
3.333310879770000383e+02 8.148884716359999780e-01
3.334679902249999941e+02 8.156427237109999950e-01
3.336048924730000067e+02 8.160568016129999824e-01
3.337417947210000193e+02 8.159961989439999952e-01
3.338786969700000213e+02 8.178753079999999676e-01
3.340155992179999771e+02 8.276059210559999491e-01
3.341525014659999897e+02 8.261237933780000153e-01
3.342894037149999917e+02 8.282497647509999839e-01
3.344263059630000043e+02 8.213235921210000345e-01
3.345632082109999601e+02 8.156506160469999545e-01
3.347001104590000296e+02 8.123431932360000163e-01
3.348370127080000316e+02 8.133871914489999577e-01
3.349739149559999873e+02 8.184529764519999917e-01
3.351108172039999999e+02 8.141983382799999891e-01
3.352477194530000020e+02 8.160233020529999992e-01
3.353846217010000146e+02 8.158396201990000263e-01
3.355215239489999703e+02 8.181950845340000278e-01
3.356584261970000398e+02 8.233615769700000087e-01
3.357953284459999850e+02 8.222450090909999565e-01
3.359322306939999976e+02 8.263112034570000430e-01
3.360691329420000102e+02 8.273711578550000389e-01
3.362060351910000122e+02 8.260863086220000540e-01
3.363429374389999680e+02 8.249928782890000312e-01
3.364798396869999806e+02 8.194651252750000392e-01
3.366167419349999932e+02 8.210712567739999468e-01
3.367536441839999952e+02 8.223470440160000061e-01
3.368905464320000078e+02 8.197177698419999547e-01
3.370274486800000204e+02 8.161147627570000118e-01
3.371643509290000225e+02 8.135007520039999607e-01
3.373012531769999782e+02 8.128422192409999747e-01
3.374381554249999908e+02 8.153394412019999704e-01
3.375750576739999929e+02 8.144718784319999738e-01
3.377119599220000055e+02 8.147286354549999610e-01
3.378488621699999612e+02 8.165542437070000270e-01
3.379857644180000307e+02 8.190129051769999835e-01
3.381226666670000327e+02 8.246817706669999914e-01
3.382595689149999885e+02 8.223099262990000158e-01
3.383964711630000011e+02 8.165532291299999468e-01
3.385333734120000031e+02 8.103852925100000215e-01
3.386702756600000157e+02 8.116923280590000456e-01
3.388071779079999715e+02 8.132177392410000483e-01
3.389440801560000409e+02 8.226682524339999913e-01
3.390809824049999861e+02 8.232724698829999577e-01
3.392178846529999987e+02 8.255688625529999936e-01
3.393547869010000113e+02 8.230671932609999741e-01
3.394916891500000133e+02 8.208246503580000075e-01
3.396285913979999691e+02 8.204684710109999557e-01
3.397654936459999817e+02 8.178926427760000450e-01
3.399023958939999943e+02 8.197629118360000300e-01
3.400392981429999963e+02 8.212165582329999935e-01
3.401762003910000089e+02 8.229880608130000219e-01
3.403131026390000216e+02 8.325496159299999865e-01
3.404500048880000236e+02 8.411095908110000074e-01
3.405869071359999793e+02 8.505338302399999550e-01
3.407238093839999920e+02 8.515212246629999537e-01
3.408607116320000046e+02 8.498969392220000474e-01
3.409976138810000066e+02 8.429369818809999693e-01
3.411345161289999623e+02 8.435331806450000469e-01
3.412714183770000318e+02 8.428544503970000212e-01
3.414083206260000338e+02 8.464211355030000217e-01
3.415452228739999896e+02 8.528425307510000275e-01
3.416821251220000022e+02 8.542324731029999896e-01
3.418190273700000148e+02 8.541924714759999704e-01
3.419559296190000168e+02 8.521503670029999533e-01
3.420928318669999726e+02 8.466495798569999565e-01
3.422297341150000420e+02 8.416322813650000123e-01
3.423666363639999872e+02 8.359632132730000498e-01
3.425035386119999998e+02 8.347914175170000339e-01
3.426404408600000124e+02 8.355781976560000546e-01
3.427773431090000145e+02 8.385991988150000020e-01
3.429142453569999702e+02 8.415354491630000489e-01
3.430511476049999828e+02 8.364580042310000296e-01
3.431880498529999954e+02 8.336701503519999834e-01
3.433249521019999975e+02 8.349599438479999858e-01
3.434618543500000101e+02 8.351213790029999862e-01
3.435987565980000227e+02 8.448851894550000186e-01
3.437356588470000247e+02 8.487026509209999459e-01
3.438725610949999805e+02 8.515963459040000183e-01
3.440094633429999931e+02 8.542284190500000207e-01
3.441463655910000057e+02 8.547516142800000161e-01
3.442832678400000077e+02 8.513227841210000424e-01
3.444201700879999635e+02 8.466825878479999901e-01
3.445570723360000329e+02 8.404721631670000193e-01
3.446939745849999781e+02 8.309374839140000191e-01
3.448308768329999907e+02 8.336708585980000530e-01
3.449677790810000033e+02 8.311544800819999912e-01
3.451046813290000159e+02 8.334506865280000287e-01
3.452415835780000180e+02 8.320110720229999535e-01
3.453784858259999737e+02 8.253078468150000235e-01
3.455153880740000432e+02 8.271403845320000059e-01
3.456522903229999883e+02 8.261265361289999998e-01
3.457891925710000010e+02 8.312159804380000461e-01
3.459260948190000136e+02 8.284707955029999571e-01
3.460629970670000262e+02 8.307176184050000245e-01
3.461998993159999713e+02 8.327462284540000370e-01
3.463368015639999840e+02 8.331519664240000234e-01
3.464737038119999966e+02 8.411782391259999825e-01
3.466106060609999986e+02 8.364224127270000197e-01
3.467475083090000112e+02 8.331153959879999960e-01
3.468844105570000238e+02 8.292562086800000509e-01
3.470213128049999796e+02 8.287063130209999517e-01
3.471582150539999816e+02 8.365258367740000534e-01
3.472951173019999942e+02 8.425213088859999644e-01
3.474320195500000068e+02 8.426502588040000186e-01
3.475689217990000088e+02 8.444118553389999837e-01
3.477058240469999646e+02 8.435890061940000129e-01
3.478427262950000340e+02 8.418253654470000402e-01
3.479796285429999898e+02 8.441848343109999986e-01
3.481165307919999918e+02 8.437808840229999996e-01
3.482534330400000044e+02 8.400141383300000486e-01
3.483903352880000170e+02 8.406648518939999759e-01
3.485272375370000191e+02 8.422898250320000058e-01
3.486641397849999748e+02 8.464590689250000022e-01
3.488010420330000443e+02 8.519434164850000490e-01
3.489379442819999895e+02 8.575285940589999489e-01
3.490748465300000021e+02 8.465647638240000328e-01
3.492117487780000147e+02 8.413518362390000060e-01
3.493486510260000273e+02 8.316574872730000401e-01
3.494855532749999725e+02 8.247286367780000127e-01
3.496224555229999851e+02 8.262649436829999638e-01
3.497593577709999977e+02 8.246680343229999544e-01
3.498962600199999997e+02 8.304081933410000227e-01
3.500331622679999555e+02 8.381026963050000056e-01
3.501700645160000249e+02 8.377041366449999860e-01
3.503069667639999807e+02 8.399075296639999522e-01
3.504438690129999827e+02 8.377424943069999852e-01
3.505807712609999953e+02 8.358460692200000430e-01
3.507176735090000079e+02 8.342260005280000001e-01
3.508545757580000100e+02 8.280255105449999542e-01
3.509914780059999657e+02 8.268134393199999543e-01
3.511283802540000352e+02 8.218400294530000538e-01
3.512652825019999909e+02 8.236897015990000126e-01
3.514021847509999930e+02 8.239496418480000139e-01
3.515390869990000056e+02 8.207710649580000073e-01
3.516759892470000182e+02 8.222039863229999579e-01
3.518128914960000202e+02 8.221542851609999758e-01
3.519497937439999760e+02 8.221240497559999527e-01
3.520866959920000454e+02 8.250527864129999500e-01
3.522235982400000012e+02 8.319071734249999794e-01
3.523605004890000032e+02 8.350962221619999681e-01
3.524974027370000158e+02 8.352166912239999963e-01
3.526343049850000284e+02 8.347873769620000051e-01
3.527712072339999736e+02 8.280284050149999686e-01
3.529081094819999862e+02 8.268845139589999782e-01
3.530450117299999988e+02 8.244990063399999514e-01
3.531819139780000114e+02 8.277179884299999957e-01
3.533188162269999566e+02 8.357144483439999938e-01
3.534557184750000260e+02 8.333374459819999913e-01
3.535926207229999818e+02 8.255924935580000179e-01
3.537295229719999838e+02 8.158413936539999911e-01
3.538664252199999964e+02 8.136156891139999514e-01
3.540033274680000090e+02 8.172397810129999884e-01
3.541402297170000111e+02 8.237506759339999762e-01
3.542771319649999668e+02 8.235566054659999580e-01
3.544140342130000363e+02 8.279686640529999586e-01
3.545509364609999921e+02 8.291906691379999916e-01
3.546878387099999941e+02 8.280725861940000376e-01
3.548247409580000067e+02 8.305566024239999789e-01
3.549616432060000193e+02 8.302016581900000247e-01
3.550985454550000213e+02 8.266695058180000277e-01
3.552354477029999771e+02 8.257896316130000081e-01
3.553723499509999897e+02 8.222936931069999567e-01
3.555092521990000023e+02 8.192817571849999592e-01
3.556461544480000043e+02 8.230780827760000307e-01
3.557830566960000169e+02 8.220467243129999657e-01
3.559199589440000295e+02 8.195385083399999715e-01
3.560568611929999747e+02 8.166182725789999930e-01
3.561937634409999873e+02 8.131961956990000351e-01
3.563306656889999999e+02 8.147137343110000263e-01
3.564675679370000125e+02 8.204611761129999570e-01
3.566044701859999577e+02 8.271824247079999637e-01
3.567413724340000272e+02 8.265789038009999645e-01
3.568782746819999829e+02 8.251021576050000528e-01
3.570151769309999850e+02 8.213448743150000286e-01
3.571520791789999976e+02 8.187193925750000378e-01
3.572889814270000102e+02 8.223177629440000524e-01
3.574258836749999659e+02 8.241622613700000377e-01
3.575627859239999680e+02 8.220653333140000019e-01
3.576996881720000374e+02 8.187376094410000471e-01
3.578365904199999932e+02 8.160596236399999537e-01
3.579734926689999952e+02 8.156606119000000543e-01
3.581103949170000078e+02 8.230488972589999896e-01
3.582472971650000204e+02 8.275155621209999701e-01
3.583841994129999762e+02 8.264624774900000137e-01
3.585211016619999782e+02 8.271118447609999702e-01
3.586580039099999908e+02 8.282356873080000126e-01
3.587949061580000034e+02 8.375399897949999950e-01
3.589318084070000054e+02 8.544985725899999496e-01
3.590687106550000181e+02 8.625937875870000049e-01
3.592056129030000307e+02 8.748048743230000257e-01
3.593425151519999758e+02 8.822754753939999750e-01
3.594794173999999884e+02 8.795098373449999896e-01
3.596163196480000011e+02 8.845546576830000118e-01
3.597532218960000137e+02 8.826976957890000364e-01
3.598901241449999588e+02 8.857449227820000104e-01
3.600270263930000283e+02 8.866185219590000388e-01
3.601639286409999841e+02 8.898162393059999564e-01
3.603008308899999861e+02 8.865855731959999542e-01
3.604377331379999987e+02 8.845739378010000209e-01
3.605746353860000113e+02 8.863602225450000205e-01
3.607115376339999671e+02 8.882767106879999597e-01
3.608484398829999691e+02 8.885831338420000503e-01
3.609853421310000385e+02 8.903470225220000422e-01
3.611222443789999943e+02 8.865762648989999883e-01
3.612591466279999963e+02 8.858362456420000308e-01
3.613960488760000089e+02 8.882563622050000385e-01
3.615329511240000215e+02 8.931505258380000312e-01
3.616698533719999773e+02 8.970392839880000357e-01
3.618067556209999793e+02 8.924230010729999885e-01
3.619436578689999919e+02 8.841137809150000360e-01
3.620805601170000045e+02 8.744648392430000028e-01
3.622174623660000066e+02 8.692874812040000121e-01
3.623543646140000192e+02 8.663593165590000034e-01
3.624912668620000318e+02 8.696284196479999729e-01
3.626281691099999875e+02 8.696903607999999508e-01
3.627650713589999896e+02 8.677656911440000398e-01
3.629019736070000022e+02 8.739042108740000536e-01
3.630388758550000148e+02 8.730857393740000250e-01
3.631757781039999600e+02 8.711871876769999856e-01
3.633126803520000294e+02 8.700621944749999948e-01
3.634495825999999852e+02 8.687221807410000496e-01
3.635864848479999978e+02 8.714612609699999846e-01
3.637233870969999998e+02 8.773882019350000006e-01
3.638602893450000124e+02 8.772742559409999474e-01
3.639971915929999682e+02 8.790566162780000248e-01
3.641340938419999702e+02 8.830355748739999733e-01
3.642709960900000397e+02 8.855512680349999499e-01
3.644078983379999954e+02 8.834672562659999784e-01
3.645448005869999974e+02 8.860674078710000234e-01
3.646817028350000101e+02 8.813542144670000189e-01
3.648186050830000227e+02 8.821970585589999914e-01
3.649555073309999784e+02 8.833864921290000005e-01
3.650924095799999805e+02 8.840372150049999878e-01
3.652293118279999931e+02 8.789360853330000500e-01
3.653662140760000057e+02 8.786636181470000029e-01
3.655031163250000077e+02 8.741622968019999718e-01
3.656400185730000203e+02 8.749124048109999663e-01
3.657769208210000329e+02 8.740016110260000470e-01
3.659138230689999887e+02 8.801565361659999809e-01
3.660507253179999907e+02 8.844489684180000255e-01
3.661876275660000033e+02 8.867875266160000214e-01
3.663245298140000159e+02 8.848192126299999627e-01
3.664614320629999611e+02 8.764017517109999877e-01
3.665983343110000305e+02 8.743301785339999688e-01
3.667352365589999863e+02 8.729623305810000344e-01
3.668721388069999989e+02 8.727398085199999933e-01
3.670090410560000009e+02 8.768989089740000242e-01
3.671459433040000135e+02 8.814938926299999977e-01
3.672828455519999693e+02 8.823128706020000322e-01
3.674197478009999713e+02 8.844109133959999758e-01
3.675566500490000408e+02 8.782081043439999846e-01
3.676935522969999965e+02 8.800089064520000282e-01
3.678304545450000091e+02 8.802044427270000471e-01
3.679673567940000112e+02 8.826164179350000083e-01
3.681042590420000238e+02 8.825990292259999759e-01
3.682411612899999795e+02 8.794669790970000012e-01
3.683780635389999816e+02 8.781230578059999736e-01
3.685149657869999942e+02 8.697588718280000464e-01
3.686518680350000068e+02 8.690887002170000208e-01
3.687887702829999625e+02 8.721309663620000485e-01
3.689256725320000214e+02 8.706553643600000170e-01
3.690625747800000340e+02 8.725259673080000278e-01
3.691994770279999898e+02 8.715809898530000321e-01
3.693363792769999918e+02 8.704635871160000260e-01
3.694732815250000044e+02 8.722936090620000416e-01
3.696101837730000170e+02 8.732577353470000192e-01
3.697470860219999622e+02 8.730202009459999690e-01
3.698839882700000317e+02 8.726191510259999617e-01
3.700208905179999874e+02 8.714002342969999759e-01
3.701577927660000000e+02 8.689766509870000544e-01
3.702946950150000021e+02 8.702903832320000310e-01
3.704315972630000147e+02 8.738076209349999734e-01
3.705684995109999704e+02 8.798772819550000346e-01
3.707054017599999725e+02 8.844727783460000214e-01
3.708423040080000419e+02 8.863279136930000135e-01
3.709792062559999977e+02 8.854196628310000428e-01
3.711161085040000103e+02 8.818651232019999453e-01
3.712530107530000123e+02 8.732836122579999971e-01
3.713899130010000249e+02 8.692783969720000448e-01
3.715268152489999807e+02 8.658661878710000037e-01
3.716637174979999827e+02 8.684890118829999839e-01
3.718006197459999953e+02 8.707517384590000020e-01
3.719375219940000079e+02 8.743335932260000165e-01
3.720744242419999637e+02 8.761123476359999884e-01
3.722113264910000225e+02 8.795302815929999518e-01
3.723482287389999783e+02 8.770021537479999463e-01
3.724851309869999909e+02 8.789326951179999847e-01
3.726220332359999929e+02 8.758882040269999614e-01
3.727589354840000055e+02 8.689359850319999801e-01
3.728958377320000181e+02 8.691333685119999597e-01
3.730327399799999739e+02 8.691830711789999553e-01
3.731696422290000328e+02 8.746617708149999615e-01
3.733065444769999885e+02 8.781712496479999741e-01
3.734434467250000012e+02 8.754538119689999620e-01
3.735803489740000032e+02 8.749872553669999498e-01
3.737172512220000158e+02 8.694913680310000226e-01
3.738541534699999715e+02 8.688456863129999652e-01
3.739910557179999842e+02 8.641150993549999715e-01
3.741279579670000430e+02 8.640657174879999847e-01
3.742648602149999988e+02 8.695456332469999605e-01
3.744017624629999546e+02 8.708113970440000129e-01
3.745386647120000134e+02 8.697071630849999568e-01
3.746755669600000260e+02 8.694259035579999795e-01
3.748124692079999818e+02 8.702392664870000072e-01
3.749493714569999838e+02 8.740882647940000361e-01
3.750862737049999964e+02 8.761257556679999947e-01
3.752231759530000090e+02 8.734095526330000192e-01
3.753600782009999648e+02 8.741932598439999813e-01
3.754969804500000237e+02 8.752027996419999845e-01
3.756338826979999794e+02 8.697121791199999841e-01
3.757707849459999920e+02 8.670201776129999871e-01
3.759076871949999941e+02 8.613621738179999543e-01
3.760445894430000067e+02 8.658584926390000547e-01
3.761814916910000193e+02 8.684063330479999676e-01
3.763183939389999750e+02 8.687116874550000478e-01
3.764552961880000339e+02 8.672132455479999447e-01
3.765921984359999897e+02 8.642251545829999770e-01
3.767291006840000023e+02 8.638797178489999729e-01
3.768660029330000043e+02 8.624659778530000542e-01
3.770029051810000169e+02 8.663920912729999868e-01
3.771398074289999727e+02 8.654816862580000381e-01
3.772767096769999853e+02 8.694583407739999714e-01
3.774136119260000441e+02 8.683338057670000332e-01
3.775505141739999999e+02 8.696542334900000393e-01
3.776874164219999557e+02 8.691680775129999592e-01
3.778243186710000145e+02 8.717685480079999660e-01
3.779612209190000272e+02 8.733588094169999483e-01
3.780981231669999829e+02 8.730621659239999888e-01
3.782350254149999955e+02 8.685352864340000201e-01
3.783719276639999975e+02 8.635518029250000005e-01
3.785088299120000102e+02 8.661072757479999495e-01
3.786457321599999659e+02 8.607774729889999810e-01
3.787826344090000248e+02 8.619290791400000540e-01
3.789195366569999806e+02 8.585324180290000440e-01
3.790564389049999932e+02 8.582848322189999823e-01
3.791933411530000058e+02 8.612297801170000211e-01
3.793302434020000078e+02 8.592297482109999551e-01
3.794671456500000204e+02 8.609396180839999912e-01
3.796040478979999762e+02 8.664630340079999549e-01
3.797409501470000350e+02 8.671691859240000522e-01
3.798778523949999908e+02 8.676448366710000082e-01
3.800147546430000034e+02 8.679450527119999537e-01
3.801516568910000160e+02 8.656755664519999449e-01
3.802885591400000180e+02 8.596938100650000081e-01
3.804254613879999738e+02 8.582463945730000043e-01
3.805623636359999864e+02 8.547362596359999731e-01
3.806992658850000453e+02 8.558130894469999639e-01
3.808361681330000010e+02 8.607121537440000081e-01
3.809730703809999568e+02 8.614785381349999716e-01
3.811099726300000157e+02 8.586461982830000395e-01
3.812468748780000283e+02 8.547574848479999599e-01
3.813837771259999840e+02 8.544345142870000132e-01
3.815206793739999966e+02 8.542846820530000107e-01
3.816575816229999987e+02 8.588767312099999662e-01
3.817944838710000113e+02 8.655683656770000178e-01
3.819313861189999670e+02 8.701818166689999634e-01
3.820682883680000259e+02 8.667972098139999915e-01
3.822051906159999817e+02 8.627172368909999944e-01
3.823420928639999943e+02 8.529963001700000547e-01
3.824789951120000069e+02 8.559091016700000054e-01
3.826158973610000089e+02 8.613364852789999748e-01
3.827527996090000215e+02 8.607551494270000436e-01
3.828897018569999773e+02 8.581534041639999888e-01
3.830266041060000362e+02 8.505341019350000087e-01
3.831635063539999919e+02 8.498718149289999912e-01
3.833004086020000045e+02 8.543292261079999950e-01
3.834373108500000171e+02 8.624051896009999885e-01
3.835742130990000192e+02 8.640355923560000262e-01
3.837111153469999749e+02 8.630899363249999734e-01
3.838480175949999875e+02 8.661509364689999879e-01
3.839849198439999896e+02 8.682646671460000354e-01
3.841218220920000022e+02 8.729340593309999896e-01
3.842587243399999579e+02 8.675651190319999539e-01
3.843956265880000274e+02 8.676126601489999590e-01
3.845325288370000294e+02 8.640752390539999661e-01
3.846694310849999852e+02 8.620491877649999468e-01
3.848063333329999978e+02 8.670112526669999653e-01
3.849432355819999998e+02 8.688865609970000126e-01
3.850801378300000124e+02 8.684387730560000351e-01
3.852170400779999682e+02 8.657092039179999921e-01
3.853539423260000376e+02 8.614991889090000132e-01
3.854908445749999828e+02 8.607288587920000067e-01
3.856277468229999954e+02 8.580757072829999776e-01
3.857646490710000080e+02 8.636478174149999631e-01
3.859015513200000100e+02 8.633098064219999479e-01
3.860384535680000226e+02 8.609181264399999867e-01
3.861753558159999784e+02 8.569809238850000233e-01
3.863122580650000373e+02 8.546821896770000482e-01
3.864491603129999930e+02 8.629733468429999776e-01
3.865860625610000056e+02 8.651877682740000131e-01
3.867229648090000182e+02 8.665615598529999852e-01
3.868598670580000203e+02 8.624244380879999561e-01
3.869967693059999760e+02 8.596221614760000129e-01
3.871336715539999886e+02 8.545704851259999790e-01
3.872705738029999907e+02 8.562649814249999602e-01
3.874074760510000033e+02 8.520739323279999944e-01
3.875443782989999590e+02 8.509755162640000314e-01
3.876812805470000285e+02 8.507989214469999784e-01
3.878181827960000305e+02 8.531722511610000392e-01
3.879550850439999863e+02 8.594933664749999647e-01
3.880919872919999989e+02 8.591410358419999671e-01
3.882288895410000009e+02 8.564229253409999520e-01
3.883657917890000135e+02 8.581010123169999781e-01
3.885026940369999693e+02 8.610202555779999933e-01
3.886395962850000387e+02 8.617559383030000131e-01
3.887764985339999839e+02 8.608474741110000439e-01
3.889134007819999965e+02 8.558132062419999686e-01
3.890503030300000091e+02 8.544916369699999681e-01
3.891872052790000112e+02 8.565602362519999513e-01
3.893241075269999669e+02 8.605769037420000211e-01
3.894610097749999795e+02 8.652502841039999559e-01
3.895979120229999921e+02 8.670915461349999465e-01
3.897348142719999942e+02 8.694519120529999867e-01
3.898717165200000068e+02 8.679877522890000474e-01
3.900086187680000194e+02 8.582559746860000116e-01
3.901455210170000214e+02 8.534007184090000031e-01
3.902824232649999772e+02 8.413739450889999860e-01
3.904193255129999898e+02 8.424542965979999742e-01
3.905562277610000024e+02 8.431424158810000291e-01
3.906931300100000044e+02 8.401017762739999561e-01
3.908300322579999602e+02 8.405265760000000252e-01
3.909669345060000296e+02 8.396258590499999785e-01
3.911038367550000316e+02 8.447580425220000411e-01
3.912407390029999874e+02 8.490477193080000484e-01
3.913776412510000000e+02 8.471288187409999892e-01
3.915145435000000020e+02 8.438954099000000042e-01
3.916514457480000146e+02 8.456872931850000219e-01
3.917883479959999704e+02 8.510754476830000304e-01
3.919252502440000399e+02 8.473931123710000124e-01
3.920621524929999850e+02 8.482985759879999588e-01
3.921990547409999976e+02 8.456233982619999479e-01
3.923359569890000103e+02 8.455218136769999671e-01
3.924728592380000123e+02 8.446987327860000505e-01
3.926097614859999680e+02 8.465761869869999900e-01
3.927466637339999806e+02 8.458691508069999809e-01
3.928835659819999933e+02 8.487566059819999786e-01
3.930204682309999953e+02 8.560496421559999902e-01
3.931573704790000079e+02 8.553700084459999742e-01
3.932942727270000205e+02 8.554772894550000117e-01
3.934311749760000225e+02 8.481390975760000339e-01
3.935680772239999783e+02 8.434308425509999818e-01
3.937049794719999909e+02 8.367397646330000383e-01
3.938418817200000035e+02 8.414981739779999748e-01
3.939787839690000055e+02 8.462418837109999536e-01
3.941156862169999613e+02 8.493819361290000369e-01
3.942525884650000307e+02 8.513207587529999509e-01
3.943894907140000328e+02 8.512526322910000109e-01
3.945263929619999885e+02 8.457395520820000234e-01
3.946632952100000011e+02 8.406421468720000068e-01
3.948001974580000137e+02 8.406329699510000086e-01
3.949370997070000158e+02 8.354418257479999665e-01
3.950740019549999715e+02 8.415123750030000238e-01
3.952109042030000410e+02 8.373552580449999949e-01
3.953478064519999862e+02 8.348942896769999678e-01
3.954847086999999988e+02 8.388727705870000495e-01
3.956216109480000114e+02 8.373047374619999594e-01
3.957585131960000240e+02 8.391407954780000233e-01
3.958954154449999692e+02 8.405361130990000040e-01
3.960323176929999818e+02 8.380758090419999640e-01
3.961692199409999944e+02 8.377606902869999539e-01
3.963061221899999964e+02 8.408548630969999715e-01
3.964430244380000090e+02 8.418987304630000112e-01
3.965799266860000216e+02 8.448732898530000313e-01
3.967168289350000236e+02 8.445954310929999487e-01
3.968537311829999794e+02 8.403948167960000326e-01
3.969906334309999920e+02 8.364518888330000346e-01
3.971275356790000046e+02 8.352561549739999647e-01
3.972644379280000067e+02 8.368309272730000137e-01
3.974013401759999624e+02 8.419930385160000474e-01
3.975382424240000319e+02 8.470663553939999924e-01
3.976751446730000339e+02 8.452962639300000136e-01
3.978120469209999897e+02 8.490168573609999658e-01
3.979489491690000023e+02 8.447748809089999922e-01
3.980858514170000149e+02 8.447132213879999796e-01
3.982227536660000169e+02 8.487726752259999730e-01
3.983596559139999727e+02 8.462162257630000406e-01
3.984965581620000421e+02 8.515090061190000448e-01
3.986334604109999873e+02 8.492519393549999851e-01
3.987703626589999999e+02 8.493637125570000501e-01
3.989072649070000125e+02 8.489068084069999465e-01
3.990441671550000251e+02 8.470770432199999922e-01
3.991810694039999703e+02 8.403196157110000009e-01
3.993179716519999829e+02 8.375733142419999888e-01
3.994548738999999955e+02 8.313896258649999815e-01
3.995917761489999975e+02 8.351232942699999828e-01
3.997286783970000101e+02 8.423756925750000013e-01
3.998655806450000227e+02 8.455647346450000379e-01
4.000024828929999785e+02 8.488373043400000428e-01
4.001393851419999805e+02 8.445739190669999674e-01
4.002762873899999931e+02 8.426736293609999873e-01
4.004131896380000057e+02 8.407470753839999533e-01
4.005500918870000078e+02 8.372803431709999744e-01
4.006869941349999635e+02 8.377026849559999766e-01
4.008238963830000330e+02 8.336510827530000389e-01
4.009607986309999887e+02 8.366052155950000069e-01
4.010977008799999908e+02 8.402694109330000050e-01
4.012346031280000034e+02 8.391439891030000320e-01
4.013715053760000160e+02 8.441547974190000136e-01
4.015084076250000180e+02 8.443434011089999691e-01
4.016453098729999738e+02 8.496437025809999710e-01
4.017822121210000432e+02 8.494808486060000385e-01
4.019191143699999884e+02 8.471931864989999950e-01
4.020560166180000010e+02 8.462977263440000231e-01
4.021929188660000136e+02 8.445354574350000254e-01
4.023298211140000262e+02 8.375248842579999797e-01
4.024667233629999714e+02 8.336328143619999853e-01
4.026036256109999840e+02 8.249120507139999781e-01
4.027405278589999966e+02 8.227907831670000505e-01
4.028774301079999987e+02 8.247791188390000139e-01
4.030143323560000113e+02 8.290250824789999751e-01
4.031512346040000239e+02 8.303016204869999584e-01
4.032881368519999796e+02 8.319518280040000269e-01
4.034250391009999817e+02 8.289146116419999766e-01
4.035619413489999943e+02 8.324002077069999617e-01
4.036988435970000069e+02 8.281602532790000026e-01
4.038357458460000089e+02 8.253216217050000081e-01
4.039726480939999647e+02 8.251711193259999577e-01
4.041095503420000341e+02 8.244815724540000001e-01
4.042464525899999899e+02 8.277736569479999806e-01
4.043833548389999919e+02 8.287943455480000221e-01
4.045202570870000045e+02 8.276483874079999525e-01
4.046571593350000171e+02 8.292988661619999924e-01
4.047940615840000191e+02 8.328578805570000521e-01
4.049309638319999749e+02 8.347055358199999553e-01
4.050678660800000443e+02 8.382604547959999763e-01
4.052047683280000001e+02 8.385645480350000236e-01
4.053416705770000021e+02 8.350337500079999531e-01
4.054785728250000147e+02 8.306698652789999970e-01
4.056154750730000274e+02 8.246550138529999963e-01
4.057523773219999725e+02 8.245507873430000245e-01
4.058892795699999851e+02 8.240496233549999827e-01
4.060261818179999977e+02 8.259774447269999653e-01
4.061630840660000104e+02 8.301778159529999979e-01
4.062999863149999555e+02 8.338397908069999920e-01
4.064368885630000250e+02 8.365359193779999814e-01
4.065737908109999807e+02 8.341493096659999829e-01
4.067106930599999828e+02 8.291610232020000248e-01
4.068475953079999954e+02 8.220551529030000193e-01
4.069844975560000080e+02 8.185173801080000144e-01
4.071213998040000206e+02 8.167539381659999487e-01
4.072583020529999658e+02 8.255858727799999519e-01
4.073952043010000352e+02 8.347815609459999786e-01
4.075321065489999910e+02 8.392366108600000096e-01
4.076690087979999930e+02 8.434487896660000095e-01
4.078059110460000056e+02 8.419311665490000207e-01
4.079428132940000182e+02 8.371339259940000499e-01
4.080797155430000203e+02 8.362406304399999657e-01
4.082166177909999760e+02 8.319840382009999757e-01
4.083535200390000455e+02 8.311325762739999456e-01
4.084904222870000012e+02 8.302786372670000192e-01
4.086273245360000033e+02 8.280352662309999889e-01
4.087642267840000159e+02 8.330023871789999923e-01
4.089011290320000285e+02 8.273813758060000190e-01
4.090380312809999737e+02 8.286570523209999539e-01
4.091749335289999863e+02 8.301194614079999701e-01
4.093118357769999989e+02 8.272953041289999865e-01
4.094487380250000115e+02 8.346273683360000417e-01
4.095856402739999567e+02 8.313061660610000514e-01
4.097225425220000261e+02 8.309014839710000544e-01
4.098594447700000387e+02 8.297940048409999658e-01
4.099963470190000407e+02 8.268883179979999998e-01
4.101332492669999965e+02 8.285166561290000509e-01
4.102701515150000091e+02 8.307058930299999755e-01
4.104070537630000217e+02 8.304283509680000508e-01
4.105439560120000237e+02 8.324734000119999866e-01
4.106808582599999795e+02 8.318022912100000443e-01
4.108177605079999921e+02 8.282158651709999875e-01
4.109546627569999941e+02 8.263547630499999963e-01
4.110915650050000067e+02 8.243844751300000162e-01
4.112284672529999625e+02 8.253437364889999461e-01
4.113653695009999751e+02 8.242505088860000440e-01
4.115022717499999771e+02 8.314297285980000174e-01
4.116391739980000466e+02 8.366144669110000542e-01
4.117760762459999455e+02 8.348736703810000215e-01
4.119129784949999475e+02 8.327470347530000483e-01
4.120498807430000170e+02 8.269370588619999740e-01
4.121867829910000296e+02 8.240511168499999872e-01
4.123236852390000422e+02 8.258522355620000477e-01
4.124605874879999874e+02 8.279997927569999749e-01
4.125974897360000000e+02 8.253415668269999950e-01
4.127343919840000126e+02 8.214666563600000471e-01
4.128712942330000146e+02 8.210350086840000339e-01
4.130081964809999704e+02 8.180757733140000543e-01
4.131450987289999830e+02 8.225370235429999566e-01
4.132820009779999850e+02 8.294440935619999955e-01
4.134189032259999976e+02 8.330587819350000478e-01
4.135558054740000671e+02 8.371030408089999986e-01
4.136927077219999660e+02 8.353916463149999583e-01
4.138296099709999680e+02 8.314876850319999901e-01
4.139665122190000375e+02 8.216508280080000448e-01
4.141034144670000501e+02 8.201828052390000012e-01
4.142403167159999384e+02 8.183693636359999912e-01
4.143772189640000079e+02 8.189531194039999518e-01
4.145141212120000205e+02 8.167685949090000008e-01
4.146510234600000331e+02 8.096609536190000345e-01
4.147879257089999783e+02 8.137701418380000051e-01
4.149248279569999909e+02 8.230522941079999599e-01
4.150617302050000035e+02 8.294328113200000185e-01
4.151986324540000055e+02 8.313259575250000477e-01
4.153355347020000181e+02 8.288293078039999928e-01
4.154724369499999739e+02 8.243734487920000298e-01
4.156093391979999865e+02 8.183143829869999886e-01
4.157462414469999885e+02 8.126140477709999921e-01
4.158831436950000580e+02 8.109786424870000232e-01
4.160200459429999569e+02 8.106089278670000065e-01
4.161569481919999589e+02 8.134225261390000128e-01
4.162938504400000284e+02 8.132834806280000439e-01
4.164307526880000410e+02 8.079767658059999746e-01
4.165676549359999399e+02 8.049357857540000438e-01
4.167045571849999988e+02 8.023293563640000459e-01
4.168414594330000114e+02 8.027163956680000156e-01
4.169783616810000240e+02 7.996776622090000508e-01
4.171152639300000260e+02 8.029511462759999496e-01
4.172521661779999818e+02 8.099619173219999579e-01
4.173890684259999944e+02 8.194747689310000194e-01
4.175259706740000070e+02 8.261743160000000197e-01
4.176628729230000090e+02 8.243011566650000344e-01
4.177997751709999648e+02 8.219425362459999995e-01
4.179366774189999774e+02 8.185021848389999466e-01
4.180735796679999794e+02 8.173749625339999936e-01
4.182104819160000488e+02 8.120391537559999984e-01
4.183473841639999478e+02 8.069045436830000195e-01
4.184842864129999498e+02 8.037192582109999872e-01
4.186211886610000192e+02 8.084292263150000268e-01
4.187580909090000318e+02 8.123834729090000373e-01
4.188949931570000444e+02 8.134218121799999812e-01
4.190318954059999896e+02 8.012354732240000166e-01
4.191687976540000022e+02 7.932933873899999933e-01
4.193056999020000148e+02 7.921096475050000141e-01
4.194426021510000169e+02 7.935067981510000035e-01
4.195795043989999726e+02 7.974813858529999910e-01
4.197164066469999852e+02 7.983488956869999598e-01
4.198533088949999978e+02 8.025413035289999941e-01
4.199902111439999999e+02 8.110284591790000164e-01
4.201271133919999556e+02 8.146577308189999478e-01
4.202640156399999682e+02 8.139894089500000485e-01
4.204009178889999703e+02 8.042535963810000244e-01
4.205378201370000397e+02 8.033041751709999456e-01
4.206747223850000523e+02 8.044686464200000442e-01
4.208116246329999512e+02 8.060269803990000037e-01
4.209485268820000101e+02 8.111867048599999963e-01
4.210854291300000227e+02 8.176192598360000341e-01
4.212223313780000353e+02 8.227964344570000144e-01
4.213592336269999805e+02 8.195109873310000292e-01
4.214961358749999931e+02 8.126509759819999790e-01
4.216330381230000057e+02 8.020464961879999466e-01
4.217699403710000183e+02 7.962608652339999704e-01
4.219068426200000204e+02 7.938444176340000435e-01
4.220437448679999761e+02 7.859348007509999734e-01
4.221806471159999887e+02 7.863704339710000379e-01
4.223175493649999908e+02 7.950492724559999891e-01
4.224544516130000602e+02 8.076474553550000435e-01
4.225913538609999591e+02 8.178781157769999810e-01
4.227282561089999717e+02 8.169450940610000211e-01
4.228651583580000306e+02 8.108178503640000034e-01
4.230020606060000432e+02 8.074810922420000425e-01
4.231389628539999421e+02 8.033778942579999915e-01
4.232758651030000010e+02 8.032920288560000399e-01
4.234127673510000136e+02 8.028097029930000295e-01
4.235496695990000262e+02 8.058038205899999973e-01
4.236865718480000282e+02 8.086330053960000264e-01
4.238234740959999840e+02 8.051696243129999875e-01
4.239603763439999966e+02 8.021222304299999717e-01
4.240972785920000092e+02 7.956463162110000154e-01
4.242341808410000112e+02 7.961721812590000225e-01
4.243710830889999670e+02 7.962285056579999631e-01
4.245079853369999796e+02 8.022200090969999753e-01
4.246448875859999816e+02 8.111166432449999908e-01
4.247817898340000511e+02 8.164466487570000153e-01
4.249186920819999500e+02 8.170208866629999900e-01
4.250555943299999626e+02 8.156279845810000539e-01
4.251924965790000215e+02 8.149003963709999798e-01
4.253293988270000341e+02 8.483048762170000145e-01
4.254663010749999330e+02 9.034775792689999641e-01
4.256032033239999919e+02 9.515863563559999738e-01
4.257401055720000045e+02 9.947982973840000520e-01
4.258770078200000171e+02 9.996652272079999957e-01
4.260139100680000297e+02 9.997791630690000542e-01
4.261508123169999749e+02 9.998708436359999840e-01
4.262877145649999875e+02 9.999504121519999789e-01
4.264246168130000001e+02 9.999990784669999799e-01
4.265615190620000021e+02 9.999994630380000249e-01
4.266984213099999579e+02 9.999997368430000311e-01
4.268353235579999705e+02 1.000000000000000000e+00
4.269722258059999831e+02 1.000000000000000000e+00
4.271091280550000420e+02 1.000000000000000000e+00
4.272460303030000546e+02 1.000000000000000000e+00
4.273829325509999535e+02 1.000000000000000000e+00
4.275198348000000124e+02 1.000000000000000000e+00
4.276567370480000250e+02 1.000000000000000000e+00
4.277936392960000376e+02 1.000000000000000000e+00
4.279305415439999933e+02 1.000000000000000000e+00
4.280674437929999954e+02 1.000000000000000000e+00
4.282043460410000080e+02 1.000000000000000000e+00
4.283412482890000206e+02 1.000000000000000000e+00
4.284781505380000226e+02 1.000000000000000000e+00
4.286150527859999784e+02 1.000000000000000000e+00
4.287519550339999910e+02 1.000000000000000000e+00
4.288888572829999930e+02 1.000000000000000000e+00
4.290257595310000625e+02 1.000000000000000000e+00
4.291626617789999614e+02 1.000000000000000000e+00
4.292995640269999740e+02 1.000000000000000000e+00
4.294364662760000328e+02 1.000000000000000000e+00
4.295733685240000455e+02 1.000000000000000000e+00
4.297102707719999444e+02 1.000000000000000000e+00
4.298471730210000032e+02 1.000000000000000000e+00
4.299840752690000159e+02 1.000000000000000000e+00
4.301209775170000285e+02 1.000000000000000000e+00
4.302578797649999842e+02 1.000000000000000000e+00
4.303947820139999862e+02 1.000000000000000000e+00
4.305316842619999989e+02 1.000000000000000000e+00
4.306685865100000115e+02 1.000000000000000000e+00
4.308054887590000135e+02 1.000000000000000000e+00
4.309423910069999692e+02 1.000000000000000000e+00
4.310792932549999819e+02 1.000000000000000000e+00
4.312161955029999945e+02 1.000000000000000000e+00
4.313530977520000533e+02 1.000000000000000000e+00
4.314899999999999523e+02 1.000000000000000000e+00
