# Wavelength (Nm)     Mean
2.909189999999999827e+02 6.647756000000000220e-01
2.910319824050000079e+02 6.642546431320000000e-01
2.911449648090000437e+02 6.648529273550000118e-01
2.912579472139999552e+02 6.661595926979999582e-01
2.913709296189999804e+02 6.703840621700000169e-01
2.914839120230000162e+02 6.752959944280000348e-01
2.915968944279999846e+02 6.759402114839999642e-01
2.917098768330000098e+02 6.799797966920000380e-01
2.918228592379999782e+02 6.836595572429999823e-01
2.919358416420000140e+02 6.830773409029999854e-01
2.920488240470000392e+02 6.833577124930000357e-01
2.921618064520000075e+02 6.823113899999999621e-01
2.922747888559999865e+02 6.849526566920000059e-01
2.923877712610000117e+02 6.863450357889999687e-01
2.925007536659999801e+02 6.864849067210000433e-01
2.926137360700000158e+02 6.880584101760000015e-01
2.927267184749999842e+02 6.892779453609999551e-01
2.928397008800000094e+02 6.919974567209999927e-01
2.929526832840000452e+02 6.935169959410000251e-01
2.930656656889999567e+02 6.971249821289999815e-01
2.931786480939999819e+02 6.948496962460000148e-01
2.932916304990000071e+02 6.943343372489999554e-01
2.934046129029999861e+02 6.944620529030000045e-01
2.935175953080000113e+02 6.989509337599999483e-01
2.936305777129999797e+02 7.005091207739999604e-01
2.937435601170000155e+02 7.029079812899999835e-01
2.938565425220000407e+02 7.076231408330000416e-01
2.939695249270000090e+02 7.115038034899999753e-01
2.940825073309999880e+02 7.078584996010000019e-01
2.941954897360000132e+02 7.121518524109999859e-01
2.943084721409999815e+02 7.168395382400000182e-01
2.944214545450000173e+02 7.197435452729999961e-01
2.945344369499999857e+02 7.226779315539999526e-01
2.946474193550000109e+02 7.237568673549999998e-01
2.947604017600000361e+02 7.235779741579999591e-01
2.948733841639999582e+02 7.177341734309999888e-01
2.949863665689999834e+02 7.139202325979999708e-01
2.950993489740000086e+02 7.193971172490000177e-01
2.952123313779999876e+02 7.199139740650000174e-01
2.953253137830000128e+02 7.197577517069999598e-01
2.954382961879999812e+02 7.221561061579999663e-01
2.955512785920000169e+02 7.178087661409999765e-01
2.956642609970000422e+02 7.197623954020000436e-01
2.957772434020000105e+02 7.231523736889999832e-01
2.958902258059999895e+02 7.276788492900000405e-01
2.960032082110000147e+02 7.346579626689999643e-01
2.961161906159999830e+02 7.381916972199999982e-01
2.962291730210000082e+02 7.381438073960000512e-01
2.963421554249999872e+02 7.374716923170000493e-01
2.964551378300000124e+02 7.394073737180000272e-01
2.965681202350000376e+02 7.386159423460000317e-01
2.966811026389999597e+02 7.420506701879999722e-01
2.967940850439999849e+02 7.471607836250000467e-01
2.969070674490000101e+02 7.486651397650000428e-01
2.970200498529999891e+02 7.483788541000000460e-01
2.971330322580000143e+02 7.476299312899999938e-01
2.972460146629999826e+02 7.473169850209999687e-01
2.973589970670000184e+02 7.530221864870000337e-01
2.974719794720000436e+02 7.554502760819999940e-01
2.975849618769999552e+02 7.579389365980000459e-01
2.976979442819999804e+02 7.584184943109999466e-01
2.978109266860000162e+02 7.588252451789999631e-01
2.979239090909999845e+02 7.651581781820000483e-01
2.980368914960000097e+02 7.727878772020000397e-01
2.981498738999999887e+02 7.813638054779999953e-01
2.982628563050000139e+02 7.831442825809999952e-01
2.983758387100000391e+02 7.779226838710000536e-01
2.984888211139999612e+02 7.765212087160000554e-01
2.986018035189999864e+02 7.737464192259999596e-01
2.987147859240000116e+02 7.758351157239999907e-01
2.988277683279999906e+02 7.789946596479999652e-01
2.989407507330000158e+02 7.880150489680000092e-01
2.990537331379999841e+02 7.941933818999999950e-01
2.991667155430000093e+02 7.985012891030000004e-01
2.992796979470000451e+02 8.029048146510000539e-01
2.993926803519999567e+02 8.018430278300000547e-01
2.995056627569999819e+02 7.986153242460000135e-01
2.996186451610000177e+02 8.003324732900000127e-01
2.997316275659999860e+02 7.989260550500000280e-01
2.998446099710000112e+02 7.992004361700000281e-01
2.999575923749999902e+02 8.006849721409999843e-01
3.000705747800000154e+02 7.970823935249999881e-01
3.001835571850000406e+02 8.017105279239999938e-01
3.002965395889999627e+02 8.028280509680000288e-01
3.004095219939999879e+02 8.067365172379999949e-01
3.005225043990000131e+02 8.068290454190000238e-01
3.006354868039999815e+02 8.071277807679999583e-01
3.007484692080000173e+02 8.074755218650000455e-01
3.008614516129999856e+02 8.112051529029999930e-01
3.009744340180000108e+02 8.153962321990000373e-01
3.010874164219999898e+02 8.168533257650000268e-01
3.012003988269999581e+02 8.129063363399999798e-01
3.013133812319999834e+02 8.127969987330000423e-01
3.014263636360000191e+02 8.060454981819999976e-01
3.015393460409999875e+02 8.061280211089999481e-01
3.016523284460000127e+02 8.107309263580000369e-01
3.017653108499999917e+02 8.140190012489999516e-01
3.018782932550000169e+02 8.141366084569999773e-01
3.019912756600000421e+02 8.169903449850000055e-01
3.021042580650000104e+02 8.137283298059999614e-01
3.022172404689999894e+02 8.070063749789999630e-01
3.023302228740000146e+02 8.096959772199999739e-01
3.024432052789999830e+02 8.119562844340000307e-01
3.025561876830000188e+02 8.143651293839999639e-01
3.026691700879999871e+02 8.196762206330000522e-01
3.027821524930000123e+02 8.159563823340000299e-01
3.028951348969999913e+02 8.137232939299999801e-01
3.030081173019999596e+02 8.075915951090000267e-01
3.031210997069999848e+02 8.075253180060000258e-01
3.032340821110000206e+02 8.118404085510000368e-01
3.033470645159999890e+02 8.134500237420000390e-01
3.034600469210000142e+02 8.103243768090000465e-01
3.035730293259999826e+02 8.090326850910000145e-01
3.036860117300000184e+02 8.050357162460000104e-01
3.037989941350000436e+02 8.070708452379999898e-01
3.039119765399999551e+02 8.106455331730000324e-01
3.040249589439999909e+02 8.161619803990000088e-01
3.041379413490000161e+02 8.173707131140000026e-01
3.042509237539999845e+02 8.211229818180000306e-01
3.043639061580000202e+02 8.195563930210000292e-01
3.044768885629999886e+02 8.163741131089999881e-01
3.045898709680000138e+02 8.156137563869999552e-01
3.047028533719999928e+02 8.189075936719999449e-01
3.048158357769999611e+02 8.182515083870000039e-01
3.049288181819999863e+02 8.193434034550000078e-01
3.050418005870000115e+02 8.179934409850000421e-01
3.051547829909999905e+02 8.117225204629999746e-01
3.052677653960000157e+02 8.077437436009999860e-01
3.053807478009999841e+02 8.095116659819999727e-01
3.054937302050000199e+02 8.128796839769999449e-01
3.056067126100000451e+02 8.197759407569999990e-01
3.057196950149999566e+02 8.240786952490000150e-01
3.058326774189999924e+02 8.241581950969999459e-01
3.059456598240000176e+02 8.249473960700000053e-01
3.060586422289999859e+02 8.256110488969999883e-01
3.061716246330000217e+02 8.280772341469999631e-01
3.062846070379999901e+02 8.260193895659999619e-01
3.063975894430000153e+02 8.308659146389999473e-01
3.065105718480000405e+02 8.341384939589999714e-01
3.066235542519999626e+02 8.340594242579999484e-01
3.067365366569999878e+02 8.350251824459999916e-01
3.068495190620000130e+02 8.337485769150000392e-01
3.069625014659999920e+02 8.309542321880000193e-01
3.070754838710000172e+02 8.316078877420000071e-01
3.071884662759999856e+02 8.319029684519999579e-01
3.073014486800000213e+02 8.304043720699999520e-01
3.074144310849999897e+02 8.318070595309999815e-01
3.075274134899999581e+02 8.326783837419999834e-01
3.076403958939999939e+02 8.317824154549999793e-01
3.077533782990000191e+02 8.315139437770000530e-01
3.078663607039999874e+02 8.335907140760000500e-01
3.079793431090000126e+02 8.276480514370000430e-01
3.080923255129999916e+02 8.296435516010000066e-01
3.082053079180000168e+02 8.321818788860000371e-01
3.083182903230000420e+02 8.260761594840000388e-01
3.084312727269999641e+02 8.262360374549999609e-01
3.085442551319999893e+02 8.242974380819999558e-01
3.086572375370000145e+02 8.215226121290000183e-01
3.087702199409999935e+02 8.238517829029999850e-01
3.088832023460000187e+02 8.304712262640000509e-01
3.089961847509999870e+02 8.361569848680000527e-01
3.091091671549999660e+02 8.363599532900000133e-01
3.092221495599999912e+02 8.372567359939999676e-01
3.093351319649999596e+02 8.395332987100000421e-01
3.094481143699999848e+02 8.376334360880000052e-01
3.095610967740000206e+02 8.396778042579999823e-01
3.096740791789999889e+02 8.430650030030000242e-01
3.097870615840000141e+02 8.469110553780000439e-01
3.099000439879999931e+02 8.401533406740000487e-01
3.100130263930000183e+02 8.409958309439999891e-01
3.101260087980000435e+02 8.379096626280000404e-01
3.102389912019999656e+02 8.364982847040000058e-01
3.103519736069999908e+02 8.363708137009999710e-01
3.104649560120000160e+02 8.391855804109999983e-01
3.105779384159999950e+02 8.453052185689999831e-01
3.106909208210000202e+02 8.437004337829999701e-01
3.108039032259999885e+02 8.417342548389999957e-01
3.109168856299999675e+02 8.417424819469999653e-01
3.110298680349999927e+02 8.354957048969999800e-01
3.111428504399999611e+02 8.330590197649999640e-01
3.112558328449999863e+02 8.335940216660000512e-01
3.113688152490000220e+02 8.362285860879999921e-01
3.114817976539999904e+02 8.347724500409999804e-01
3.115947800590000156e+02 8.334064635190000514e-01
3.117077624629999946e+02 8.356902500880000195e-01
3.118207448680000198e+02 8.360941004569999446e-01
3.119337272730000450e+02 8.312174063639999888e-01
3.120467096769999671e+02 8.308398896769999542e-01
3.121596920819999923e+02 8.338521863050000205e-01
3.122726744870000175e+02 8.338160887159999923e-01
3.123856568909999964e+02 8.365764334190000096e-01
3.124986392960000217e+02 8.366474181580000336e-01
3.126116217009999900e+02 8.378233526510000528e-01
3.127246041060000152e+02 8.377164712610000175e-01
3.128375865099999942e+02 8.350989001409999668e-01
3.129505689149999625e+02 8.354815555660000115e-01
3.130635513199999878e+02 8.407953632200000360e-01
3.131765337240000235e+02 8.432754888329999643e-01
3.132895161289999919e+02 8.440070935479999648e-01
3.134024985340000171e+02 8.508525474020000035e-01
3.135154809379999961e+02 8.506009780650000129e-01
3.136284633430000213e+02 8.541268277539999509e-01
3.137414457479999896e+02 8.619786302759999685e-01
3.138544281519999686e+02 8.639902058059999446e-01
3.139674105569999938e+02 8.643365904869999561e-01
3.140803929620000190e+02 8.647452144630000115e-01
3.141933753669999874e+02 8.620824976299999998e-01
3.143063577710000231e+02 8.621805968679999710e-01
3.144193401759999915e+02 8.628595647210000052e-01
3.145323225810000167e+02 8.603663016770000116e-01
3.146453049849999957e+02 8.523555825569999467e-01
3.147582873899999640e+02 8.481399159300000434e-01
3.148712697949999892e+02 8.453315511260000026e-01
3.149842521990000250e+02 8.468745841639999661e-01
3.150972346039999934e+02 8.528595766800000089e-01
3.152102170090000186e+02 8.567737363640000048e-01
3.153231994129999975e+02 8.580481067099999803e-01
3.154361818179999659e+02 8.560402018180000017e-01
3.155491642229999911e+02 8.513598044869999937e-01
3.156621466279999595e+02 8.517989072489999813e-01
3.157751290319999953e+02 8.512382238710000104e-01
3.158881114370000205e+02 8.539276151089999489e-01
3.160010938419999889e+02 8.554069769740000329e-01
3.161140762460000246e+02 8.579487469209999828e-01
3.162270586509999930e+02 8.595112574369999647e-01
3.163400410560000182e+02 8.578374390849999864e-01
3.164530234599999972e+02 8.583294631090000459e-01
3.165660058649999655e+02 8.529932854080000126e-01
3.166789882699999907e+02 8.510048939300000059e-01
3.167919706740000265e+02 8.531434828620000355e-01
3.169049530789999949e+02 8.477558220180000381e-01
3.170179354840000201e+02 8.478074570320000003e-01
3.171309178889999885e+02 8.454471944810000306e-01
3.172439002929999674e+02 8.357026927270000405e-01
3.173568826979999926e+02 8.363118501880000277e-01
3.174698651029999610e+02 8.417355647619999548e-01
3.175828475069999968e+02 8.461369068799999837e-01
3.176958299120000220e+02 8.534324242699999896e-01
3.178088123169999903e+02 8.556005516129999711e-01
3.179217947210000261e+02 8.471374902520000250e-01
3.180347771259999945e+02 8.440250023699999993e-01
3.181477595310000197e+02 8.436316073549999794e-01
3.182607419349999986e+02 8.409059468389999958e-01
3.183737243399999670e+02 8.463494845750000328e-01
3.184867067449999922e+02 8.515648547390000100e-01
3.185996891500000174e+02 8.484476055009999573e-01
3.187126715539999964e+02 8.469439589970000348e-01
3.188256539590000216e+02 8.471170233779999892e-01
3.189386363639999900e+02 8.461486327270000274e-01
3.190516187679999689e+02 8.464929221000000448e-01
3.191646011729999941e+02 8.530067625280000065e-01
3.192775835779999625e+02 8.563094120230000383e-01
3.193905659819999983e+02 8.617391259179999485e-01
3.195035483870000235e+02 8.594889922580000174e-01
3.196165307919999918e+02 8.556538657540000425e-01
3.197295131960000276e+02 8.469801391440000549e-01
3.198424956009999960e+02 8.408580887509999879e-01
3.199554780060000212e+02 8.431568827330000460e-01
3.200684604109999896e+02 8.448601221989999743e-01
3.201814428149999685e+02 8.452331698299999641e-01
3.202944252199999937e+02 8.491922975429999632e-01
3.204074076250000189e+02 8.482641497239999939e-01
3.205203900289999979e+02 8.517715444929999657e-01
3.206333724340000231e+02 8.533331666860000109e-01
3.207463548389999914e+02 8.587690410320000245e-01
3.208593372429999704e+02 8.618015349209999787e-01
3.209723196479999956e+02 8.619823467449999610e-01
3.210853020529999640e+02 8.697450306389999941e-01
3.211982844569999997e+02 8.747926563929999677e-01
3.213112668620000250e+02 8.777751210319999498e-01
3.214242492669999933e+02 8.817161104809999594e-01
3.215372316720000185e+02 8.857966980650000544e-01
3.216502140759999975e+02 8.849995409380000400e-01
3.217631964810000227e+02 8.794054541350000420e-01
3.218761788859999911e+02 8.706955257299999751e-01
3.219891612899999700e+02 8.640538034839999604e-01
3.221021436949999952e+02 8.622379624220000149e-01
3.222151261000000204e+02 8.622073627099999804e-01
3.223281085039999994e+02 8.697559234020000307e-01
3.224410909090000246e+02 8.732765850910000349e-01
3.225540733139999929e+02 8.673412560000000049e-01
3.226670557179999719e+02 8.626607503580000502e-01
3.227800381229999971e+02 8.627041984990000412e-01
3.228930205279999655e+02 8.684079700290000536e-01
3.230060029329999907e+02 8.742628404050000190e-01
3.231189853370000264e+02 8.771034923639999814e-01
3.232319677419999948e+02 8.844805090320000396e-01
3.233449501470000200e+02 8.784091456189999647e-01
3.234579325509999990e+02 8.757297200589999608e-01
3.235709149559999673e+02 8.795427585099999668e-01
3.236838973609999925e+02 8.816716207620000079e-01
3.237968797649999715e+02 8.802047052079999823e-01
3.239098621699999967e+02 8.789002414190000279e-01
3.240228445750000219e+02 8.775908975949999746e-01
3.241358269790000008e+02 8.735816896770000062e-01
3.242488093840000261e+02 8.700177129620000338e-01
3.243617917889999944e+02 8.709360948559999871e-01
3.244747741940000196e+02 8.684306183229999476e-01
3.245877565979999986e+02 8.691379763050000040e-01
3.247007390029999669e+02 8.693240828389999786e-01
3.248137214079999922e+02 8.658358801519999703e-01
3.249267038120000279e+02 8.620558398009999790e-01
3.250396862169999963e+02 8.558554311320000219e-01
3.251526686220000215e+02 8.537453690909999615e-01
3.252656510260000005e+02 8.558173513429999657e-01
3.253786334309999688e+02 8.580402901350000500e-01
3.254916158359999940e+02 8.627955109620000229e-01
3.256045982399999730e+02 8.667096011729999994e-01
3.257175806449999982e+02 8.655104551610000030e-01
3.258305630500000234e+02 8.709908006800000102e-01
3.259435454549999918e+02 8.750852250909999519e-01
3.260565278590000275e+02 8.735738965399999501e-01
3.261695102639999959e+02 8.740984436769999588e-01
3.262824926690000211e+02 8.737463117889999742e-01
3.263954750730000001e+02 8.714007589440000423e-01
3.265084574779999684e+02 8.666974431549999691e-01
3.266214398829999936e+02 8.681286281700000274e-01
3.267344222870000294e+02 8.686969817130000271e-01
3.268474046919999978e+02 8.643282033720000035e-01
3.269603870970000230e+02 8.665469772899999645e-01
3.270733695010000019e+02 8.708241063230000023e-01
3.271863519059999703e+02 8.675602421700000511e-01
3.272993343109999955e+02 8.666436327569999598e-01
3.274123167159999639e+02 8.687945989440000183e-01
3.275252991199999997e+02 8.686907077650000142e-01
3.276382815250000249e+02 8.668582101230000170e-01
3.277512639299999933e+02 8.676515538119999871e-01
3.278642463340000290e+02 8.665696610909999764e-01
3.279772287389999974e+02 8.641369204109999869e-01
3.280902111440000226e+02 8.608694723399999971e-01
3.282031935480000016e+02 8.612552151610000095e-01
3.283161759529999699e+02 8.607262966800000026e-01
3.284291583579999951e+02 8.620407671140000172e-01
3.285421407620000309e+02 8.603347857480000416e-01
3.286551231669999993e+02 8.649946668500000380e-01
3.287681055720000245e+02 8.630099161880000480e-01
3.288810879769999929e+02 8.612481100940000411e-01
3.289940703809999718e+02 8.630201368209999835e-01
3.291070527859999970e+02 8.602176808210000303e-01
3.292200351909999654e+02 8.579550493259999744e-01
3.293330175950000012e+02 8.574667330559999634e-01
3.294460000000000264e+02 8.567115680000000344e-01
3.295589824049999947e+02 8.587420813199999614e-01
3.296719648090000305e+02 8.601015143700000420e-01
3.297849472139999989e+02 8.644060612260000553e-01
3.298979296189999673e+02 8.682598270500000437e-01
3.300109120230000030e+02 8.660147502759999449e-01
3.301238944279999714e+02 8.620240392379999728e-01
3.302368768329999966e+02 8.615398928740000128e-01
3.303498592380000218e+02 8.588668549679999709e-01
3.304628416420000008e+02 8.592556496250000064e-01
3.305758240470000260e+02 8.605406880939999725e-01
3.306888064519999944e+02 8.595625669030000360e-01
3.308017888559999733e+02 8.572093957769999495e-01
3.309147712609999985e+02 8.599925386450000264e-01
3.310277536659999669e+02 8.592026085039999872e-01
3.311407360700000027e+02 8.588240923990000386e-01
3.312537184750000279e+02 8.587235371139999573e-01
3.313667008799999962e+02 8.577156134310000013e-01
3.314796832840000320e+02 8.602681655720000320e-01
3.315926656890000004e+02 8.576907967619999962e-01
3.317056480939999688e+02 8.616876139239999510e-01
3.318186304989999940e+02 8.598723935950000063e-01
3.319316129029999729e+02 8.542234148389999948e-01
3.320445953079999981e+02 8.603932254249999634e-01
3.321575777130000233e+02 8.592662888209999794e-01
3.322705601170000023e+02 8.624983548969999969e-01
3.323835425220000275e+02 8.630579039300000366e-01
3.324965249269999958e+02 8.566735809379999456e-01
3.326095073309999748e+02 8.470362179000000546e-01
3.327224897360000000e+02 8.389709433959999796e-01
3.328354721409999684e+02 8.407161339119999521e-01
3.329484545450000041e+02 8.445461207269999715e-01
3.330614369500000294e+02 8.498372643989999808e-01
3.331744193549999977e+02 8.619519017419999818e-01
3.332874017600000229e+02 8.615337107449999587e-01
3.334003841640000019e+02 8.582290534080000421e-01
3.335133665689999702e+02 8.566893202580000422e-01
3.336263489739999955e+02 8.534240789739999666e-01
3.337393313779999744e+02 8.526649058649999890e-01
3.338523137829999996e+02 8.552463062289999973e-01
3.339652961880000248e+02 8.573372747680000350e-01
3.340782785920000038e+02 8.563845179589999468e-01
3.341912609970000290e+02 8.556390514370000311e-01
3.343042434019999973e+02 8.530798072380000319e-01
3.344172258059999763e+02 8.456902584519999655e-01
3.345302082110000015e+02 8.468651862170000211e-01
3.346431906159999699e+02 8.431747453140000514e-01
3.347561730209999951e+02 8.427273396479999512e-01
3.348691554250000308e+02 8.428473548039999708e-01
3.349821378299999992e+02 8.427493453550000124e-01
3.350951202350000244e+02 8.427787064280000129e-01
3.352081026390000034e+02 8.417407811789999750e-01
3.353210850439999717e+02 8.417445737830000496e-01
3.354340674489999969e+02 8.461856962170000163e-01
3.355470498529999759e+02 8.484171054900000453e-01
3.356600322580000011e+02 8.513012838710000141e-01
3.357730146630000263e+02 8.540164874840000531e-01
3.358859970670000052e+02 8.564774627860000100e-01
3.359989794720000305e+02 8.542905008800000255e-01
3.361119618769999988e+02 8.515291404520000107e-01
3.362249442819999672e+02 8.523808209380000500e-01
3.363379266860000030e+02 8.518651434370000386e-01
3.364509090909999713e+02 8.523219854550000418e-01
3.365638914959999966e+02 8.516377501230000258e-01
3.366768739000000323e+02 8.556641511789999655e-01
3.367898563050000007e+02 8.597311723930000094e-01
3.369028387100000259e+02 8.555137416770000058e-01
3.370158211140000049e+02 8.590624328150000544e-01
3.371288035189999732e+02 8.570163646220000375e-01
3.372417859239999984e+02 8.497024789789999755e-01
3.373547683279999774e+02 8.442595214429999828e-01
3.374677507330000026e+02 8.425382605279999604e-01
3.375807331380000278e+02 8.389639457480000395e-01
3.376937155429999962e+02 8.412775191439999523e-01
3.378066979470000319e+02 8.484503002819999695e-01
3.379196803520000003e+02 8.523104412380000383e-01
3.380326627569999687e+02 8.561121837540000001e-01
3.381456451610000045e+02 8.613868635479999813e-01
3.382586275659999728e+02 8.646719072609999612e-01
3.383716099709999980e+02 8.703957274660000243e-01
3.384845923750000338e+02 8.832833734189999841e-01
3.385975747800000022e+02 8.923309257070000111e-01
3.387105571850000274e+02 9.025702356010000260e-01
3.388235395890000063e+02 9.070431974489999716e-01
3.389365219939999747e+02 9.080508018530000225e-01
3.390495043989999999e+02 9.043924252959999466e-01
3.391624868039999683e+02 9.060973720589999836e-01
3.392754692080000041e+02 9.036912501760000493e-01
3.393884516130000293e+02 9.019918161290000347e-01
3.395014340179999976e+02 9.000129755129999687e-01
3.396144164220000334e+02 9.014145954369999769e-01
3.397273988270000018e+02 9.027519401169999957e-01
3.398403812319999702e+02 9.089690885040000445e-01
3.399533636360000060e+02 9.085770732729999688e-01
3.400663460409999743e+02 9.056811650439999806e-01
3.401793284459999995e+02 9.043292328330000407e-01
3.402923108500000353e+02 9.029479586509999711e-01
3.404052932550000037e+02 9.032632716420000429e-01
3.405182756600000289e+02 9.086220610440000067e-01
3.406312580649999973e+02 9.147462659349999692e-01
3.407442404689999762e+02 9.171543801520000150e-01
3.408572228740000014e+02 9.189612474249999607e-01
3.409702052789999698e+02 9.169139426979999730e-01
3.410831876830000056e+02 9.132631456359999733e-01
3.411961700880000308e+02 9.117078806330000118e-01
3.413091524929999991e+02 9.103981996829999535e-01
3.414221348969999781e+02 9.118277874600000388e-01
3.415351173020000033e+02 9.105062871260000135e-01
3.416480997069999717e+02 9.084639088679999919e-01
3.417610821110000074e+02 9.058945176539999755e-01
3.418740645159999758e+02 9.069837073550000017e-01
3.419870469210000010e+02 9.089387574780000145e-01
3.421000293260000262e+02 9.129882664520000413e-01
3.422130117300000052e+02 9.096580549499999613e-01
3.423259941350000304e+02 9.092267473780000220e-01
3.424389765399999987e+02 9.063440766389999625e-01
3.425519589439999777e+02 9.028695395779999799e-01
3.426649413490000029e+02 9.003002185339999963e-01
3.427779237539999713e+02 9.000493337710000485e-01
3.428909061580000071e+02 9.006161066279999572e-01
3.430038885630000323e+02 9.014694317420000047e-01
3.431168709680000006e+02 9.004207892900000232e-01
3.432298533719999796e+02 9.032267783580000264e-01
3.433428357770000048e+02 8.997941124460000495e-01
3.434558181819999731e+02 9.005452672729999941e-01
3.435688005869999984e+02 9.052453050669999612e-01
3.436817829909999773e+02 9.111255687510000367e-01
3.437947653960000025e+02 9.099246206450000152e-01
3.439077478010000277e+02 9.105493595889999625e-01
3.440207302050000067e+02 9.079415290729999644e-01
3.441337126100000319e+02 8.990629014550000075e-01
3.442466950150000002e+02 8.937101422350000046e-01
3.443596774189999792e+02 8.948569103229999655e-01
3.444726598240000044e+02 8.963280281469999666e-01
3.445856422289999728e+02 8.969943765510000055e-01
3.446986246330000085e+02 9.031499460880000330e-01
3.448116070380000338e+02 9.037936915540000227e-01
3.449245894430000021e+02 9.034241912020000154e-01
3.450375718480000273e+02 9.002307818889999647e-01
3.451505542520000063e+02 9.006929881820000539e-01
3.452635366569999746e+02 9.039854552139999777e-01
3.453765190619999998e+02 9.050743856949999833e-01
3.454895014659999788e+02 9.084486919649999992e-01
3.456024838710000040e+02 9.062556547100000248e-01
3.457154662760000292e+02 9.031886361759999815e-01
3.458284486800000082e+02 9.027328424749999636e-01
3.459414310850000334e+02 9.004456467450000501e-01
3.460544134900000017e+02 9.027570450440000061e-01
3.461673958939999807e+02 9.069561974190000209e-01
3.462803782990000059e+02 9.023355927620000383e-01
3.463933607039999742e+02 9.038674083640000356e-01
3.465063431089999995e+02 9.028933636949999508e-01
3.466193255130000352e+02 9.001507574189999694e-01
3.467323079180000036e+02 9.073045315659999943e-01
3.468452903230000288e+02 9.057642606450000411e-01
3.469582727270000078e+02 9.052975372729999970e-01
3.470712551319999761e+02 9.034230877300000184e-01
3.471842375370000013e+02 9.002017470090000195e-01
3.472972199409999803e+02 8.988908537009999700e-01
3.474102023460000055e+02 8.979648876889999576e-01
3.475231847510000307e+02 8.963596524460000214e-01
3.476361671550000096e+02 8.955547739820000075e-01
3.477491495599999780e+02 8.959332606450000069e-01
3.478621319650000032e+02 8.936233103580000225e-01
3.479751143699999716e+02 8.945156693489999533e-01
3.480880967740000074e+02 8.930706437419999588e-01
3.482010791789999757e+02 8.900500026859999858e-01
3.483140615840000009e+02 8.942777302640000370e-01
3.484270439880000367e+02 8.976634149329999479e-01
3.485400263930000051e+02 9.012168777539999454e-01
3.486530087980000303e+02 9.053609930210000378e-01
3.487659912020000093e+02 9.020946587570000119e-01
3.488789736069999776e+02 8.950143093839999509e-01
3.489919560120000028e+02 8.887859613140000059e-01
3.491049384159999818e+02 8.912077737710000225e-01
3.492179208210000070e+02 8.872698088270000172e-01
3.493309032260000322e+02 8.861672895479999479e-01
3.494438856300000111e+02 8.918139922290000410e-01
3.495568680349999795e+02 8.962893195309999950e-01
3.496698504400000047e+02 8.986179034490000550e-01
3.497828328449999731e+02 9.028905418529999949e-01
3.498958152490000089e+02 9.031305401879999861e-01
3.500087976539999772e+02 8.966849649850000548e-01
3.501217800590000024e+02 8.936045044989999742e-01
3.502347624630000382e+02 8.905661402350000255e-01
3.503477448680000066e+02 8.914224285099999756e-01
3.504607272730000318e+02 8.960395167269999961e-01
3.505737096770000107e+02 8.970663829030000036e-01
3.506866920819999791e+02 8.995216416889999511e-01
3.507996744870000043e+02 8.988917609850000101e-01
3.509126568909999833e+02 8.981339868500000101e-01
3.510256392960000085e+02 8.959699535890000011e-01
3.511386217010000337e+02 8.928700558359999873e-01
3.512516041060000020e+02 8.943833675129999605e-01
3.513645865099999810e+02 8.927623850670000083e-01
3.514775689150000062e+02 8.934596831319999710e-01
3.515905513199999746e+02 8.972183437770000491e-01
3.517035337240000104e+02 8.983360755129999875e-01
3.518165161289999787e+02 8.988217969030000143e-01
3.519294985340000039e+02 8.991098435369999642e-01
3.520424809380000397e+02 8.955682520119999657e-01
3.521554633430000081e+02 8.906107484569999455e-01
3.522684457480000333e+02 8.879467655720000296e-01
3.523814281520000122e+02 8.865337876069999679e-01
3.524944105569999806e+02 8.887486584279999935e-01
3.526073929620000058e+02 8.865691963230000194e-01
3.527203753669999742e+02 8.858951425809999947e-01
3.528333577710000100e+02 8.824022781820000105e-01
3.529463401760000352e+02 8.838067676480000356e-01
3.530593225810000035e+02 8.823627672899999608e-01
3.531723049849999825e+02 8.876539481640000062e-01
3.532852873900000077e+02 8.944250961230000296e-01
3.533982697949999761e+02 8.950576153079999875e-01
3.535112521990000118e+02 8.957300274430000098e-01
3.536242346039999802e+02 8.949044000470000038e-01
3.537372170090000054e+02 8.914415753309999912e-01
3.538501994130000412e+02 8.897154812549999958e-01
3.539631818180000096e+02 8.898496263640000015e-01
3.540761642229999779e+02 8.937655069330000535e-01
3.541891466280000031e+02 8.991769615069999944e-01
3.543021290319999821e+02 8.968179935479999587e-01
3.544151114370000073e+02 8.955889614549999989e-01
3.545280938419999757e+02 8.948910418769999708e-01
3.546410762460000115e+02 8.932969356069999645e-01
3.547540586510000367e+02 8.942676470849999504e-01
3.548670410560000050e+02 8.940800495009999516e-01
3.549800234599999840e+02 8.952331770439999614e-01
3.550930058650000092e+02 8.945397018180000215e-01
3.552059882699999775e+02 8.897099095249999534e-01
3.553189706740000133e+02 8.891904645979999966e-01
3.554319530789999817e+02 8.876110008330000412e-01
3.555449354840000069e+02 8.854892036770000141e-01
3.556579178890000321e+02 8.874444727860000270e-01
3.557709002930000111e+02 8.915782053430000298e-01
3.558838826979999794e+02 8.935163538999999489e-01
3.559968651030000046e+02 8.940152938180000453e-01
3.561098475069999836e+02 8.940808593079999644e-01
3.562228299120000088e+02 8.969993947209999874e-01
3.563358123169999772e+02 8.982214657599999486e-01
3.564487947210000129e+02 8.987632937070000327e-01
3.565617771260000382e+02 8.977586815370000028e-01
3.566747595310000065e+02 8.944089883400000440e-01
3.567877419349999855e+02 8.908735341939999497e-01
3.569007243400000107e+02 8.878655264279999848e-01
3.570137067449999790e+02 8.913915619350000208e-01
3.571266891500000042e+02 8.910600686920000513e-01
3.572396715539999832e+02 8.912565346159999624e-01
3.573526539590000084e+02 8.885491007619999992e-01
3.574656363640000336e+02 8.859239032729999686e-01
3.575786187679999557e+02 8.859552140940000209e-01
3.576916011729999809e+02 8.857937849150000487e-01
3.578045835780000061e+02 8.868203969329999659e-01
3.579175659819999851e+02 8.891188158360000537e-01
3.580305483870000103e+02 8.902993804519999665e-01
3.581435307919999786e+02 8.850117309560000534e-01
3.582565131960000144e+02 8.828904227680000050e-01
3.583694956010000396e+02 8.849185756949999870e-01
3.584824780060000080e+02 8.873104762169999882e-01
3.585954604110000332e+02 8.902678748500000294e-01
3.587084428150000122e+02 8.960346600530000316e-01
3.588214252199999805e+02 8.964795900880000445e-01
3.589344076250000057e+02 8.951033399300000193e-01
3.590473900289999847e+02 8.948265889740000256e-01
3.591603724340000099e+02 8.895957044629999588e-01
3.592733548390000351e+02 8.880083756129999450e-01
3.593863372429999572e+02 8.887530345220000516e-01
3.594993196479999824e+02 8.867330598829999966e-01
3.596123020530000076e+02 8.873106837830000426e-01
3.597252844569999866e+02 8.866734310380000039e-01
3.598382668620000118e+02 8.832693576129999613e-01
3.599512492669999801e+02 8.799779183699999452e-01
3.600642316720000053e+02 8.822998778120000329e-01
3.601772140760000411e+02 8.795242993549999833e-01
3.602901964810000095e+02 8.824342042110000506e-01
3.604031788859999779e+02 8.856725034489999482e-01
3.605161612900000137e+02 8.884108845160000323e-01
3.606291436949999820e+02 8.915316811610000114e-01
3.607421261000000072e+02 8.967129486799999549e-01
3.608551085039999862e+02 8.906798735600000017e-01
3.609680909090000114e+02 8.875792452730000281e-01
3.610810733140000366e+02 8.864037996010000198e-01
3.611940557179999587e+02 8.826098046920000106e-01
3.613070381229999839e+02 8.829518162460000541e-01
3.614200205280000091e+02 8.822969066450000453e-01
3.615330029329999775e+02 8.838295629789999497e-01
3.616459853370000133e+02 8.868652408860000502e-01
3.617589677419999816e+02 8.888184101939999859e-01
3.618719501470000068e+02 8.916822136950000033e-01
3.619849325510000426e+02 8.913844615129999926e-01
3.620979149560000110e+02 8.864410071499999599e-01
3.622108973609999794e+02 8.818431558479999932e-01
3.623238797650000151e+02 8.778478232430000361e-01
3.624368621699999835e+02 8.762046967740000358e-01
3.625498445750000087e+02 8.773682147329999736e-01
3.626628269789999877e+02 8.818137964459999978e-01
3.627758093840000129e+02 8.859859381819999991e-01
3.628887917890000381e+02 8.892160319649999867e-01
3.630017741940000064e+02 8.905318822579999516e-01
3.631147565979999854e+02 8.856081742989999617e-01
3.632277390030000106e+02 8.839577485920000477e-01
3.633407214079999790e+02 8.835885465099999614e-01
3.634537038120000148e+02 8.867750446859999913e-01
3.635666862169999831e+02 8.876939000000000357e-01
3.636796686220000083e+02 8.858072264109999594e-01
3.637926510260000441e+02 8.798219204220000256e-01
3.639056334309999556e+02 8.728219484160000263e-01
3.640186158359999808e+02 8.674975037769999675e-01
3.641315982400000166e+02 8.705592968040000157e-01
3.642445806449999850e+02 8.775570510969999960e-01
3.643575630500000102e+02 8.785439360000000253e-01
3.644705454549999786e+02 8.812756661820000392e-01
3.645835278590000144e+02 8.841680571029999491e-01
3.646965102640000396e+02 8.825125840469999483e-01
3.648094926690000079e+02 8.860633999820000106e-01
3.649224750729999869e+02 8.842557651029999688e-01
3.650354574780000121e+02 8.806350885220000091e-01
3.651484398829999805e+02 8.777047008330000066e-01
3.652614222870000162e+02 8.738844475949999469e-01
3.653744046919999846e+02 8.737944803639999813e-01
3.654873870970000098e+02 8.773914300649999776e-01
3.656003695009999888e+02 8.829071488559999681e-01
3.657133519059999571e+02 8.855801717889999480e-01
3.658263343109999823e+02 8.887114386509999964e-01
3.659393167160000075e+02 8.875763662169999790e-01
3.660522991199999865e+02 8.833049596359999756e-01
3.661652815250000117e+02 8.808141775129999518e-01
3.662782639299999801e+02 8.789940798940000244e-01
3.663912463340000158e+02 8.792861994130000136e-01
3.665042287390000411e+02 8.805154074130000508e-01
3.666172111440000094e+02 8.812460724630000186e-01
3.667301935479999884e+02 8.794360929029999552e-01
3.668431759530000136e+02 8.771333502289999640e-01
3.669561583579999819e+02 8.789162678009999619e-01
3.670691407620000177e+02 8.795582398360000109e-01
3.671821231669999861e+02 8.843035474020000120e-01
3.672951055720000113e+02 8.841372583869999691e-01
3.674080879770000365e+02 8.865010857130000144e-01
3.675210703809999586e+02 8.849256120530000214e-01
3.676340527859999838e+02 8.814545743809999445e-01
3.677470351910000090e+02 8.832759607919999922e-01
3.678600175949999880e+02 8.826498954720000123e-01
3.679730000000000132e+02 8.809936179999999784e-01
3.680859824049999816e+02 8.831601256300000147e-01
3.681989648090000173e+02 8.804195575009999830e-01
3.683119472140000425e+02 8.794864154020000102e-01
3.684249296190000109e+02 8.785054661229999562e-01
3.685379120229999899e+02 8.747451567159999497e-01
3.686508944280000151e+02 8.751395846920000388e-01
3.687638768329999834e+02 8.750041563279999934e-01
3.688768592380000086e+02 8.775501874600000196e-01
3.689898416419999876e+02 8.769852236949999824e-01
3.691028240470000128e+02 8.774603381759999987e-01
3.692158064520000380e+02 8.786791283870000191e-01
3.693287888559999601e+02 8.754644078890000403e-01
3.694417712609999853e+02 8.727913937240000530e-01
3.695547536660000105e+02 8.738922556660000396e-01
3.696677360699999895e+02 8.747999871549999584e-01
3.697807184750000147e+02 8.750601923749999900e-01
3.698937008799999830e+02 8.776027491850000306e-01
3.700066832840000188e+02 8.773158176069999481e-01
3.701196656890000440e+02 8.789880478239999739e-01
3.702326480939999556e+02 8.790874032669999671e-01
3.703456304989999808e+02 8.807047668620000547e-01
3.704586129030000166e+02 8.854616818710000503e-01
3.705715953079999849e+02 8.867222685279999572e-01
3.706845777130000101e+02 8.821618262349999462e-01
3.707975601169999891e+02 8.820141117540000186e-01
3.709105425220000143e+02 8.795542386800000445e-01
3.710235249270000395e+02 8.792381090209999694e-01
3.711365073309999616e+02 8.825112056770000324e-01
3.712494897359999868e+02 8.799844882230000165e-01
3.713624721410000120e+02 8.744283415310000196e-01
3.714754545449999910e+02 8.727174672730000360e-01
3.715884369500000162e+02 8.679217515660000437e-01
3.717014193549999845e+02 8.724059432259999580e-01
3.718144017600000097e+02 8.809902360000000376e-01
3.719273841639999887e+02 8.841652440470000318e-01
3.720403665689999571e+02 8.841375495890000380e-01
3.721533489739999823e+02 8.832402642350000166e-01
3.722663313780000180e+02 8.816536878830000257e-01
3.723793137829999864e+02 8.803434658650000078e-01
3.724922961880000116e+02 8.794634683459999769e-01
3.726052785919999906e+02 8.863432355429999854e-01
3.727182609970000158e+02 8.887806819650000412e-01
3.728312434020000410e+02 8.887748656299999661e-01
3.729442258059999631e+02 8.841320549029999531e-01
3.730572082109999883e+02 8.793085226389999454e-01
3.731701906160000135e+02 8.715020960410000406e-01
3.732831730209999819e+02 8.625577821230000497e-01
3.733961554250000177e+02 8.618551641289999843e-01
3.735091378299999860e+02 8.594964700530000057e-01
3.736221202350000112e+02 8.516468824159999507e-01
3.737351026389999902e+02 8.558089675069999736e-01
3.738480850439999585e+02 8.641527638360000374e-01
3.739610674489999838e+02 8.668258921060000288e-01
3.740740498530000195e+02 8.741477986160000047e-01
3.741870322579999879e+02 8.800795731610000505e-01
3.743000146630000131e+02 8.788271512899999971e-01
3.744129970669999921e+02 8.759834225220000103e-01
3.745259794720000173e+02 8.718347498299999776e-01
3.746389618770000425e+02 8.725741989090000095e-01
3.747519442820000108e+02 8.742937433780000323e-01
3.748649266859999898e+02 8.706162451029999527e-01
3.749779090910000150e+02 8.716456283639999469e-01
3.750908914959999834e+02 8.716718382639999652e-01
3.752038739000000191e+02 8.674992633550000498e-01
3.753168563049999875e+02 8.679598990850000417e-01
3.754298387100000127e+02 8.677186238709999611e-01
3.755428211139999917e+02 8.621119639180000460e-01
3.756558035189999600e+02 8.594481804160000182e-01
3.757687859239999852e+02 8.590025204810000092e-01
3.758817683280000210e+02 8.621929774840000338e-01
3.759947507329999894e+02 8.625183088560000044e-01
3.761077331380000146e+02 8.658882147209999713e-01
3.762207155429999830e+02 8.701132925400000273e-01
3.763336979470000188e+02 8.715282762460000443e-01
3.764466803520000440e+02 8.720136320000000385e-01
3.765596627569999555e+02 8.764708214659999719e-01
3.766726451609999913e+02 8.766576303230000367e-01
3.767856275660000165e+02 8.766209671610000198e-01
3.768986099709999849e+02 8.709594089150000107e-01
3.770115923750000206e+02 8.740509540819999534e-01
3.771245747799999890e+02 8.742818780059999906e-01
3.772375571850000142e+02 8.687884803230000452e-01
3.773505395889999932e+02 8.707532074489999774e-01
3.774635219939999615e+02 8.693068583930000370e-01
3.775765043989999867e+02 8.653126234600000410e-01
3.776894868040000119e+02 8.676549136360000025e-01
3.778024692079999909e+02 8.678198583459999504e-01
3.779154516130000161e+02 8.712918730969999581e-01
3.780284340179999845e+02 8.670587876599999966e-01
3.781414164220000202e+02 8.688295466040000248e-01
3.782543988270000455e+02 8.705478614080000010e-01
3.783673812319999570e+02 8.714403295010000328e-01
3.784803636359999928e+02 8.723190792730000087e-01
3.785933460410000180e+02 8.751989917419999987e-01
3.787063284459999863e+02 8.711082248910000381e-01
3.788193108500000221e+02 8.693711761579999697e-01
3.789322932549999905e+02 8.672587998240000040e-01
3.790452756600000157e+02 8.667983288680000120e-01
3.791582580650000409e+02 8.687806030970000037e-01
3.792712404689999630e+02 8.680172303109999765e-01
3.793842228739999882e+02 8.660274757770000109e-01
3.794972052790000134e+02 8.667078075480000310e-01
3.796101876829999924e+02 8.676147861470000500e-01
3.797231700880000176e+02 8.665788116189999668e-01
3.798361524929999860e+02 8.695795960940000402e-01
3.799491348970000217e+02 8.637825292959999679e-01
3.800621173019999901e+02 8.576582093140000529e-01
3.801750997069999585e+02 8.584541741290000472e-01
3.802880821109999943e+02 8.555767590149999657e-01
3.804010645160000195e+02 8.586592674840000106e-01
3.805140469209999878e+02 8.663151385920000447e-01
3.806270293260000130e+02 8.665955228089999851e-01
3.807400117299999920e+02 8.672489052199999771e-01
3.808529941350000172e+02 8.698457195480000514e-01
3.809659765400000424e+02 8.697947819119999924e-01
3.810789589439999645e+02 8.733879947510000408e-01
3.811919413489999897e+02 8.735340334550000252e-01
3.813049237540000149e+02 8.716296740119999775e-01
3.814179061579999939e+02 8.626932787329999464e-01
3.815308885630000191e+02 8.579737138299999843e-01
3.816438709679999874e+02 8.521275438709999817e-01
3.817568533719999664e+02 8.487300124990000416e-01
3.818698357769999916e+02 8.490880087740000359e-01
3.819828181819999600e+02 8.484492330909999547e-01
3.820958005869999852e+02 8.503383403399999985e-01
3.822087829910000210e+02 8.522116401760000404e-01
3.823217653959999893e+02 8.546663305220000284e-01
3.824347478010000145e+02 8.611418114190000361e-01
3.825477302049999935e+02 8.591386166919999789e-01
3.826607126100000187e+02 8.613919534720000382e-01
3.827736950150000439e+02 8.657905299120000064e-01
3.828866774189999660e+02 8.657686620000000222e-01
3.829996598239999912e+02 8.659685473670000189e-01
3.831126422290000164e+02 8.677039390499999838e-01
3.832256246329999954e+02 8.632956121879999944e-01
3.833386070380000206e+02 8.545157009089999756e-01
3.834515894429999889e+02 8.510501049149999941e-01
3.835645718480000141e+02 8.506371086330000164e-01
3.836775542519999931e+02 8.557749977240000083e-01
3.837905366569999615e+02 8.596677023109999816e-01
3.839035190619999867e+02 8.627434316130000447e-01
3.840165014660000224e+02 8.623693735309999608e-01
3.841294838709999908e+02 8.596645695479999683e-01
3.842424662760000160e+02 8.565426008090000209e-01
3.843554486799999950e+02 8.610561854429999995e-01
3.844684310850000202e+02 8.651567027569999624e-01
3.845814134900000454e+02 8.609523347680000382e-01
3.846943958939999675e+02 8.632871857830000106e-01
3.848073782989999927e+02 8.603096066509999806e-01
3.849203607040000179e+02 8.543060481940000228e-01
3.850333431089999863e+02 8.586151372429999817e-01
3.851463255130000221e+02 8.581834161169999975e-01
3.852593079179999904e+02 8.561127907679999538e-01
3.853722903230000156e+02 8.541955072260000170e-01
3.854852727269999946e+02 8.567459149089999837e-01
3.855982551319999629e+02 8.539147313489999780e-01
3.857112375369999882e+02 8.552057281410000433e-01
3.858242199410000239e+02 8.542401751029999879e-01
3.859372023459999923e+02 8.536910771850000357e-01
3.860501847510000175e+02 8.509108272550000018e-01
3.861631671549999965e+02 8.522512041059999710e-01
3.862761495600000217e+02 8.589826493609999947e-01
3.863891319649999900e+02 8.606078920120000531e-01
3.865021143699999584e+02 8.618461069970000388e-01
3.866150967739999942e+02 8.622954006449999875e-01
3.867280791790000194e+02 8.595570482400000101e-01
3.868410615839999878e+02 8.582077818769999755e-01
3.869540439880000235e+02 8.516886445219999935e-01
3.870670263929999919e+02 8.512085761880000545e-01
3.871800087980000171e+02 8.495508507329999626e-01
3.872929912019999961e+02 8.481593464519999737e-01
3.874059736069999644e+02 8.500365424160000183e-01
3.875189560119999896e+02 8.548329483519999661e-01
3.876319384160000254e+02 8.533180300589999767e-01
3.877449208209999938e+02 8.518529040819999842e-01
3.878579032260000190e+02 8.532283099999999898e-01
3.879708856299999979e+02 8.583192697239999669e-01
3.880838680349999663e+02 8.595296157480000199e-01
3.881968504399999915e+02 8.604499703810000177e-01
3.883098328449999599e+02 8.609258428389999773e-01
3.884228152489999957e+02 8.601542652789999632e-01
3.885357976540000209e+02 8.539194094659999790e-01
3.886487800589999893e+02 8.515848233780000109e-01
3.887617624630000250e+02 8.479131144929999975e-01
3.888747448679999934e+02 8.471572634720000439e-01
3.889877272730000186e+02 8.484050127269999741e-01
3.891007096769999976e+02 8.469749021939999567e-01
3.892136920819999659e+02 8.504029609380000521e-01
3.893266744869999911e+02 8.551907533839999687e-01
3.894396568910000269e+02 8.506753645160000099e-01
3.895526392959999953e+02 8.529134024050000207e-01
3.896656217010000205e+02 8.503440615889999998e-01
3.897786041059999889e+02 8.436019369739999885e-01
3.898915865099999678e+02 8.404146158940000166e-01
3.900045689149999930e+02 8.390997380529999772e-01
3.901175513199999614e+02 8.417216834020000427e-01
3.902305337239999972e+02 8.471465629440000367e-01
3.903435161290000224e+02 8.487648861940000344e-01
3.904564985339999907e+02 8.530236120940000166e-01
3.905694809380000265e+02 8.550801696540000219e-01
3.906824633429999949e+02 8.510322100880000074e-01
3.907954457480000201e+02 8.500293593840000383e-01
3.909084281519999990e+02 8.526903146630000485e-01
3.910214105569999674e+02 8.529989036720000417e-01
3.911343929619999926e+02 8.506460430029999520e-01
3.912473753670000178e+02 8.498270672429999451e-01
3.913603577709999968e+02 8.473380200819999875e-01
3.914733401760000220e+02 8.454352372490000489e-01
3.915863225809999904e+02 8.513006780649999827e-01
3.916993049849999693e+02 8.500075650789999937e-01
3.918122873899999945e+02 8.524065702049999915e-01
3.919252697949999629e+02 8.490450894080000532e-01
3.920382521989999987e+02 8.467352128799999766e-01
3.921512346040000239e+02 8.498766757710000119e-01
3.922642170089999922e+02 8.549279826629999635e-01
3.923771994130000280e+02 8.548968226099999956e-01
3.924901818179999964e+02 8.574003843640000122e-01
3.926031642230000216e+02 8.540684376889999818e-01
3.927161466279999900e+02 8.474834436360000334e-01
3.928291290319999689e+02 8.474254854839999851e-01
3.929421114369999941e+02 8.493287325510000541e-01
3.930550938420000193e+02 8.457437421639999453e-01
3.931680762459999983e+02 8.456258309330000333e-01
3.932810586510000235e+02 8.502470892669999891e-01
3.933940410559999918e+02 8.450631095010000537e-01
3.935070234599999708e+02 8.438235702640000113e-01
3.936200058649999960e+02 8.481318119880000284e-01
3.937329882699999644e+02 8.462625036769999554e-01
3.938459706740000001e+02 8.488868914599999593e-01
3.939589530790000254e+02 8.517606842870000250e-01
3.940719354839999937e+02 8.457251206450000502e-01
3.941849178890000189e+02 8.450414601579999685e-01
3.942979002929999979e+02 8.365023257949999458e-01
3.944108826979999662e+02 8.347365400699999771e-01
3.945238651029999914e+02 8.381502816889999652e-01
3.946368475069999704e+02 8.404054984459999877e-01
3.947498299119999956e+02 8.475910638120000007e-01
3.948628123170000208e+02 8.502018763580000416e-01
3.949757947209999998e+02 8.490523665339999582e-01
3.950887771260000250e+02 8.512404722819999492e-01
3.952017595309999933e+02 8.477341139590000019e-01
3.953147419349999723e+02 8.447564165809999803e-01
3.954277243399999975e+02 8.423238075660000046e-01
3.955407067449999658e+02 8.397062907210000038e-01
3.956536891499999911e+02 8.407678963519999993e-01
3.957666715540000268e+02 8.442739004989999740e-01
3.958796539589999952e+02 8.427809998009999637e-01
3.959926363640000204e+02 8.437506803640000275e-01
3.961056187679999994e+02 8.443784038939999848e-01
3.962186011729999677e+02 8.436132666160000015e-01
3.963315835779999929e+02 8.429276822869999908e-01
3.964445659819999719e+02 8.429158268619999506e-01
3.965575483869999971e+02 8.396855304520000063e-01
3.966705307920000223e+02 8.363775448269999968e-01
3.967835131960000012e+02 8.353084432380000202e-01
3.968964956010000265e+02 8.321038168040000294e-01
3.970094780059999948e+02 8.342677531609999919e-01
3.971224604110000200e+02 8.349576449150000190e-01
3.972354428149999990e+02 8.349259958589999586e-01
3.973484252199999673e+02 8.367063874900000364e-01
3.974614076249999925e+02 8.393139175949999586e-01
3.975743900290000283e+02 8.438938591500000364e-01
3.976873724339999967e+02 8.510070028739999959e-01
3.978003548390000219e+02 8.546437834840000525e-01
3.979133372430000009e+02 8.574588486219999472e-01
3.980263196479999692e+02 8.545384463340000014e-01
3.981393020529999944e+02 8.466669773839999857e-01
3.982522844569999734e+02 8.404012935369999937e-01
3.983652668619999986e+02 8.312490133840000350e-01
3.984782492670000238e+02 8.282576354430000176e-01
3.985912316719999922e+02 8.272819842819999492e-01
3.987042140760000279e+02 8.322255878240000238e-01
3.988171964809999963e+02 8.394924721169999549e-01
3.989301788860000215e+02 8.442256625749999799e-01
3.990431612900000005e+02 8.443871169029999457e-01
3.991561436949999688e+02 8.459477765399999738e-01
3.992691260999999940e+02 8.459866358359999783e-01
3.993821085040000298e+02 8.456655651440000421e-01
3.994950909089999982e+02 8.459307101819999453e-01
3.996080733140000234e+02 8.431873657359999497e-01
3.997210557180000023e+02 8.315315706739999646e-01
3.998340381229999707e+02 8.241497159999999766e-01
3.999470205279999959e+02 8.216318807619999998e-01
4.000600029329999643e+02 8.206819429739999894e-01
4.001729853370000001e+02 8.233672542640000369e-01
4.002859677420000253e+02 8.315896412900000145e-01
4.003989501469999936e+02 8.338287315889999496e-01
4.005119325510000294e+02 8.391758882290000221e-01
4.006249149559999978e+02 8.433777580760000170e-01
4.007378973609999662e+02 8.507189084749999797e-01
4.008508797650000020e+02 8.615232562460000132e-01
4.009638621699999703e+02 8.714315749269999634e-01
4.010768445749999955e+02 9.042663731379999570e-01
4.011898269790000313e+02 9.343059957770000201e-01
4.013028093839999997e+02 9.625041088450000393e-01
4.014157917890000249e+02 9.929458665689999686e-01
4.015287741939999933e+02 9.998008202579999892e-01
4.016417565979999722e+02 9.999453183230000430e-01
4.017547390029999974e+02 9.999696381579999960e-01
4.018677214079999658e+02 9.999799850560000536e-01
4.019807038120000016e+02 9.999861095600000027e-01
4.020936862170000268e+02 9.999901200759999664e-01
4.022066686219999951e+02 9.999939400589999972e-01
4.023196510260000309e+02 9.999965344160000047e-01
4.024326334309999993e+02 9.999982168679999450e-01
4.025456158359999677e+02 9.999995561579999581e-01
4.026585982400000034e+02 1.000000000000000000e+00
4.027715806449999718e+02 1.000000000000000000e+00
4.028845630499999970e+02 1.000000000000000000e+00
4.029975454550000222e+02 1.000000000000000000e+00
4.031105278590000012e+02 1.000000000000000000e+00
4.032235102640000264e+02 1.000000000000000000e+00
4.033364926689999947e+02 1.000000000000000000e+00
4.034494750729999737e+02 1.000000000000000000e+00
4.035624574779999989e+02 1.000000000000000000e+00
4.036754398829999673e+02 1.000000000000000000e+00
4.037884222870000031e+02 1.000000000000000000e+00
4.039014046920000283e+02 1.000000000000000000e+00
4.040143870969999966e+02 1.000000000000000000e+00
4.041273695010000324e+02 1.000000000000000000e+00
4.042403519060000008e+02 1.000000000000000000e+00
4.043533343109999691e+02 1.000000000000000000e+00
4.044663167159999944e+02 1.000000000000000000e+00
4.045792991199999733e+02 1.000000000000000000e+00
4.046922815249999985e+02 1.000000000000000000e+00
4.048052639300000237e+02 1.000000000000000000e+00
4.049182463340000027e+02 1.000000000000000000e+00
4.050312287390000279e+02 1.000000000000000000e+00
4.051442111439999962e+02 1.000000000000000000e+00
4.052571935479999752e+02 1.000000000000000000e+00
4.053701759530000004e+02 1.000000000000000000e+00
4.054831583579999688e+02 1.000000000000000000e+00
4.055961407620000045e+02 1.000000000000000000e+00
4.057091231670000298e+02 1.000000000000000000e+00
4.058221055719999981e+02 1.000000000000000000e+00
4.059350879770000233e+02 1.000000000000000000e+00
4.060480703810000023e+02 1.000000000000000000e+00
4.061610527859999706e+02 1.000000000000000000e+00
4.062740351909999958e+02 1.000000000000000000e+00
4.063870175949999748e+02 1.000000000000000000e+00
4.065000000000000000e+02 1.000000000000000000e+00
