# Wavelength (Nm)     Mean
2.896650000000000205e+02 9.232706800000000102e-01
2.897303323560000194e+02 9.161416086410000270e-01
2.897956647120000184e+02 9.110206182600000258e-01
2.898609970670000280e+02 9.055811013200000259e-01
2.899263294230000270e+02 9.011766688369999834e-01
2.899916617790000259e+02 8.971030415049999762e-01
2.900569941350000249e+02 8.961020014660000532e-01
2.901223264910000239e+02 8.960997344869999770e-01
2.901876588470000229e+02 8.982851645360000470e-01
2.902529912020000324e+02 9.006873797069999688e-01
2.903183235580000314e+02 9.020051780650000239e-01
2.903836559140000304e+02 9.057420437630000487e-01
2.904489882700000294e+02 9.103873951909999818e-01
2.905143206260000284e+02 9.132822239300000255e-01
2.905796529809999811e+02 9.145017810169999706e-01
2.906449853369999801e+02 9.164647346919999604e-01
2.907103176929999790e+02 9.166535300289999633e-01
2.907756500489999780e+02 9.172960551909999927e-01
2.908409824050000339e+02 9.169127492080000330e-01
2.909063147610000328e+02 9.142235849269999548e-01
2.909716471159999855e+02 9.132182119060000547e-01
2.910369794719999845e+02 9.132331634020000033e-01
2.911023118279999835e+02 9.115090890320000083e-01
2.911676441839999825e+02 9.121665235779999881e-01
2.912329765399999815e+02 9.125365337830000367e-01
2.912983088949999910e+02 9.121640268330000190e-01
2.913636412509999900e+02 9.148669432260000400e-01
2.914289736069999890e+02 9.150382741939999676e-01
2.914943059629999880e+02 9.153115655719999966e-01
2.915596383189999870e+02 9.160655502250000248e-01
2.916249706739999965e+02 9.145789173020000273e-01
2.916903030299999955e+02 9.140677703030000156e-01
2.917556353859999945e+02 9.139873674880000243e-01
2.918209677419999935e+02 9.152993251609999881e-01
2.918863000979999924e+02 9.139830645750000038e-01
2.919516324539999914e+02 9.132205592469999633e-01
2.920169648090000010e+02 9.137035053369999549e-01
2.920822971649999999e+02 9.151789268329999505e-01
2.921476295209999989e+02 9.155083987880000551e-01
2.922129618769999979e+02 9.135995727569999891e-01
2.922782942329999969e+02 9.103590831669999828e-01
2.923436265880000064e+02 9.073601420819999985e-01
2.924089589440000054e+02 9.083914917300000003e-01
2.924742913000000044e+02 9.094182567349999857e-01
2.925396236560000034e+02 9.080322234409999860e-01
2.926049560120000024e+02 9.073156442230000396e-01
2.926702883680000014e+02 9.066131180449999993e-01
2.927356207230000109e+02 9.067283368909999641e-01
2.928009530790000099e+02 9.051012775950000311e-01
2.928662854350000089e+02 9.054457809189999651e-01
2.929316177910000079e+02 9.033451123950000383e-01
2.929969501470000068e+02 9.023107245450000535e-01
2.930622825020000164e+02 9.005994298730000125e-01
2.931276148580000154e+02 9.022270249460000446e-01
2.931929472140000144e+02 9.028718578300000130e-01
2.932582795700000133e+02 9.034563573120000246e-01
2.933236119260000123e+02 9.037400964809999548e-01
2.933889442820000113e+02 9.041412770379999575e-01
2.934542766370000209e+02 9.072071425809999923e-01
2.935196089930000198e+02 9.083260705669999879e-01
2.935849413490000188e+02 9.081155403520000391e-01
2.936502737050000178e+02 9.066224788760000042e-01
2.937156060610000168e+02 9.061365612120000357e-01
2.937809384159999695e+02 9.069005992669999516e-01
2.938462707719999685e+02 9.094245582800000172e-01
2.939116031279999675e+02 9.086507066179999592e-01
2.939769354839999664e+02 9.077438503229999789e-01
2.940422678400000223e+02 9.090908531379999769e-01
2.941076001960000212e+02 9.111138140179999567e-01
2.941729325509999740e+02 9.112785408500000406e-01
2.942382649069999729e+02 9.109739140760000353e-01
2.943035972629999719e+02 9.103395123559999691e-01
2.943689296189999709e+02 9.084512300879999946e-01
2.944342619749999699e+02 9.058364659340000236e-01
2.944995943299999794e+02 9.021056733919999848e-01
2.945649266859999784e+02 8.991021302639999879e-01
2.946302590419999774e+02 8.964541096189999614e-01
2.946955913979999764e+02 8.954530601079999652e-01
2.947609237539999754e+02 8.972742767160000188e-01
2.948262561089999849e+02 8.954339281330000455e-01
2.948915884649999839e+02 8.947357943299999450e-01
2.949569208209999829e+02 8.951309042520000370e-01
2.950222531769999819e+02 8.962046528839999748e-01
2.950875855329999808e+02 8.960669748289999959e-01
2.951529178889999798e+02 8.999170518479999714e-01
2.952182502439999894e+02 9.024008544179999980e-01
2.952835825999999884e+02 9.003429760900000245e-01
2.953489149559999873e+02 8.995968715250000081e-01
2.954142473119999863e+02 9.013631765590000011e-01
2.954795796679999853e+02 9.009406425120000117e-01
2.955449120229999949e+02 9.021598823459999750e-01
2.956102443789999938e+02 9.035258401560000152e-01
2.956755767349999928e+02 9.012823022479999890e-01
2.957409090909999918e+02 9.019351500000000188e-01
2.958062414469999908e+02 9.051604196870000063e-01
2.958715738029999898e+02 9.065560701470000149e-01
2.959369061579999993e+02 9.083187309089999495e-01
2.960022385139999983e+02 9.094787511630000321e-01
2.960675708699999973e+02 9.090960535090000239e-01
2.961329032259999963e+02 9.088489061290000448e-01
2.961982355819999952e+02 9.094087691890000436e-01
2.962635679370000048e+02 9.109614254350000273e-01
2.963289002930000038e+02 9.138297702640000297e-01
2.963942326490000028e+02 9.147094021410000497e-01
2.964595650050000017e+02 9.128146551910000239e-01
2.965248973610000007e+02 9.130496899409999978e-01
2.965902297169999997e+02 9.124314973410000418e-01
2.966555620720000093e+02 9.103202195799999785e-01
2.967208944280000082e+02 9.076363085630000382e-01
2.967862267840000072e+02 9.041213332259999680e-01
2.968515591400000062e+02 8.994118612899999476e-01
2.969168914960000052e+02 8.983763095890000550e-01
2.969822238509999579e+02 9.011995667840000390e-01
2.970475562069999569e+02 9.020794003809999850e-01
2.971128885629999559e+02 9.029301606449999795e-01
2.971782209189999548e+02 9.039718252589999947e-01
2.972435532750000107e+02 9.066759856110000459e-01
2.973088856299999634e+02 9.107166135480000424e-01
2.973742179859999624e+02 9.177657181039999834e-01
2.974395503419999613e+02 9.228277985430000108e-01
2.975048826979999603e+02 9.260315453959999665e-01
2.975702150539999593e+02 9.308734911830000014e-01
2.976355474099999583e+02 9.363068888369999732e-01
2.977008797649999678e+02 9.407447679179999911e-01
2.977662121209999668e+02 9.415983127270000086e-01
2.978315444769999658e+02 9.383065537629999842e-01
2.978968768329999648e+02 9.336786246329999983e-01
2.979622091889999638e+02 9.320456653959999782e-01
2.980275415439999733e+02 9.305883196480000397e-01
2.980928738999999723e+02 9.319981512020000247e-01
2.981582062559999713e+02 9.342190768329999839e-01
2.982235386119999703e+02 9.349255172629999944e-01
2.982888709679999693e+02 9.368995580650000266e-01
2.983542033239999682e+02 9.400620429520000210e-01
2.984195356789999778e+02 9.422461579080000371e-01
2.984848680349999768e+02 9.442004485039999784e-01
2.985502003909999758e+02 9.445552628929999583e-01
2.986155327469999747e+02 9.427840503909999947e-01
2.986808651029999737e+02 9.410062946039999821e-01
2.987461974579999833e+02 9.401086678400000229e-01
2.988115298139999823e+02 9.399157126299999554e-01
2.988768621699999812e+02 9.398324616719999636e-01
2.989421945259999802e+02 9.405850485829999608e-01
2.990075268819999792e+02 9.403776484950000514e-01
2.990728592379999782e+02 9.411474695599999496e-01
2.991381915929999877e+02 9.411463206839999485e-01
2.992035239489999867e+02 9.409656680160000120e-01
2.992688563049999857e+02 9.426725694719999549e-01
2.993341886609999847e+02 9.414473532360000396e-01
2.993995210169999837e+02 9.399672903710000194e-01
2.994648533719999932e+02 9.409138229910000151e-01
2.995301857279999922e+02 9.420031129620000110e-01
2.995955180839999912e+02 9.400858895600000542e-01
2.996608504399999902e+02 9.399642925810000049e-01
2.997261827959999891e+02 9.403718881720000144e-01
2.997915151519999881e+02 9.401855996969999962e-01
2.998568475069999977e+02 9.423266285629999794e-01
2.999221798629999967e+02 9.426522590220000053e-01
2.999875122189999956e+02 9.394104837929999618e-01
3.000528445749999946e+02 9.399212995889999478e-01
3.001181769309999936e+02 9.405266607919999799e-01
3.001835092860000032e+02 9.396960300879999561e-01
3.002488416420000021e+02 9.385631853370000055e-01
3.003141739980000011e+02 9.374148296380000467e-01
3.003795063540000001e+02 9.352566836750000334e-01
3.004448387099999991e+02 9.345875922580000328e-01
3.005101710650000086e+02 9.325468036559999563e-01
3.005755034210000076e+02 9.285038253959999599e-01
3.006408357770000066e+02 9.261633100289999865e-01
3.007061681330000056e+02 9.274622316909999498e-01
3.007715004890000046e+02 9.277882452879999686e-01
3.008368328450000035e+02 9.299123735480000486e-01
3.009021652000000131e+02 9.326634698439999482e-01
3.009674975560000121e+02 9.355214944090000095e-01
3.010328299120000111e+02 9.370618831379999847e-01
3.010981622680000100e+02 9.388054591009999950e-01
3.011634946240000090e+02 9.385923652690000285e-01
3.012288269790000186e+02 9.362923360120000149e-01
3.012941593350000176e+02 9.362394641150000307e-01
3.013594916910000165e+02 9.350097138809999597e-01
3.014248240470000155e+02 9.340793750439999599e-01
3.014901564030000145e+02 9.342001169700000496e-01
3.015554887590000135e+02 9.336541636359999563e-01
3.016208211140000230e+02 9.327793034019999929e-01
3.016861534700000220e+02 9.327563237439999710e-01
3.017514858260000210e+02 9.346346505179999875e-01
3.018168181820000200e+02 9.340934245449999951e-01
3.018821505380000190e+02 9.343500782800000515e-01
3.019474828930000285e+02 9.322549410070000153e-01
3.020128152490000275e+02 9.301023368330000318e-01
3.020781476050000265e+02 9.324186883970000395e-01
3.021434799610000255e+02 9.345739208409999943e-01
3.022088123170000244e+02 9.340433604400000256e-01
3.022741446730000234e+02 9.333474465490000371e-01
3.023394770280000330e+02 9.346185110069999968e-01
3.024048093840000320e+02 9.360675601760000131e-01
3.024701417400000309e+02 9.367822787589999978e-01
3.025354740960000299e+02 9.380695979469999557e-01
3.026008064520000289e+02 9.395933148389999934e-01
3.026661388070000385e+02 9.403590100880000469e-01
3.027314711630000374e+02 9.420566746140000003e-01
3.027968035190000364e+02 9.407418663929999481e-01
3.028621358750000354e+02 9.380211655519999914e-01
3.029274682310000344e+02 9.386268439299999544e-01
3.029928005870000334e+02 9.410892522579999975e-01
3.030581329420000429e+02 9.400739306740000245e-01
3.031234652980000419e+02 9.382761316230000537e-01
3.031887976540000409e+02 9.368904876829999839e-01
3.032541300100000399e+02 9.348869482599999614e-01
3.033194623660000389e+02 9.352301389249999541e-01
3.033847947209999916e+02 9.372666150730000201e-01
3.034501270769999905e+02 9.387947230109999763e-01
3.035154594329999895e+02 9.398475289350000095e-01
3.035807917890000454e+02 9.416815429329999931e-01
3.036461241450000443e+02 9.430920218670000299e-01
3.037114564999999970e+02 9.441630682499999594e-01
3.037767888559999960e+02 9.469967313199999515e-01
3.038421212119999950e+02 9.476974193939999846e-01
3.039074535679999940e+02 9.454570705279999876e-01
3.039727859239999930e+02 9.436765154249999732e-01
3.040381182799999920e+02 9.415339015050000482e-01
3.041034506350000015e+02 9.418528798040000094e-01
3.041687829910000005e+02 9.406452544869999821e-01
3.042341153469999995e+02 9.377292266079999550e-01
3.042994477029999985e+02 9.334652484950000106e-01
3.043647800589999974e+02 9.323521666280000231e-01
3.044301124140000070e+02 9.322452925419999481e-01
3.044954447700000060e+02 9.323952695799999635e-01
3.045607771260000050e+02 9.302896183279999454e-01
3.046261094820000039e+02 9.282569196290000324e-01
3.046914418380000029e+02 9.290135976929999595e-01
3.047567741940000019e+02 9.300946154839999647e-01
3.048221065490000115e+02 9.301058972919999945e-01
3.048874389050000104e+02 9.290008275659999981e-01
3.049527712610000094e+02 9.265559149850000065e-01
3.050181036170000084e+02 9.240675847510000374e-01
3.050834359730000074e+02 9.248778611729999710e-01
3.051487683280000169e+02 9.231024510259999705e-01
3.052141006840000159e+02 9.233849245849999887e-01
3.052794330400000149e+02 9.246964105570000259e-01
3.053447653960000139e+02 9.275571161290000477e-01
3.054100977520000129e+02 9.293698621699999496e-01
3.054754301080000118e+02 9.326711470970000528e-01
3.055407624630000214e+02 9.352027680940000476e-01
3.056060948190000204e+02 9.364700189639999506e-01
3.056714271750000194e+02 9.384371037340000221e-01
3.057367595310000183e+02 9.403656231089999595e-01
3.058020918870000173e+02 9.400822677810000139e-01
3.058674242420000269e+02 9.386402066669999877e-01
3.059327565980000259e+02 9.375684444570000498e-01
3.059980889540000248e+02 9.371538379770000260e-01
3.060634213100000238e+02 9.366389729230000238e-01
3.061287536660000228e+02 9.382039368329999629e-01
3.061940860220000218e+02 9.385553505379999883e-01
3.062594183770000313e+02 9.385076658259999816e-01
3.063247507330000303e+02 9.382947540179999990e-01
3.063900830890000293e+02 9.419443913289999859e-01
3.064554154450000283e+02 9.418330669400000188e-01
3.065207478010000273e+02 9.403439240759999818e-01
3.065860801559999800e+02 9.387217457669999598e-01
3.066514125119999790e+02 9.360355734599999922e-01
3.067167448679999779e+02 9.342177517890000171e-01
3.067820772240000338e+02 9.336658771069999974e-01
3.068474095800000327e+02 9.335851255329999931e-01
3.069127419349999855e+02 9.326124235480000024e-01
3.069780742909999844e+02 9.324634223459999927e-01
3.070434066469999834e+02 9.324775735779999852e-01
3.071087390029999824e+02 9.343333399409999851e-01
3.071740713589999814e+02 9.358190993939999869e-01
3.072394037149999804e+02 9.379646723950000320e-01
3.073047360699999899e+02 9.405499892959999775e-01
3.073700684259999889e+02 9.398633623459999864e-01
3.074354007819999879e+02 9.373967160020000300e-01
3.075007331379999869e+02 9.365069615840000417e-01
3.075660654939999858e+02 9.351519052300000245e-01
3.076313978489999954e+02 9.345102578489999923e-01
3.076967302049999944e+02 9.332329492380000424e-01
3.077620625609999934e+02 9.302230959139999866e-01
3.078273949169999923e+02 9.266367022679999899e-01
3.078927272729999913e+02 9.272204218180000179e-01
3.079580596289999903e+02 9.287329869399999493e-01
3.080233919839999999e+02 9.296333189829999455e-01
3.080887243399999988e+02 9.296939452200000398e-01
3.081540566959999978e+02 9.301867053760000115e-01
3.082193890519999968e+02 9.313658013290000426e-01
3.082847214079999958e+02 9.317344384160000104e-01
3.083500537630000053e+02 9.325702249459999482e-01
3.084153861190000043e+02 9.320451535289999700e-01
3.084807184750000033e+02 9.323751663929999989e-01
3.085460508310000023e+02 9.338283463930000527e-01
3.086113831870000013e+02 9.325331519839999972e-01
3.086767155430000003e+02 9.291247253959999952e-01
3.087420478980000098e+02 9.283177471750000409e-01
3.088073802540000088e+02 9.295430314370000113e-01
3.088727126100000078e+02 9.308203921990000351e-01
3.089380449660000068e+02 9.298326758160000427e-01
3.090033773220000057e+02 9.286504870670000411e-01
3.090687096770000153e+02 9.281338729029999790e-01
3.091340420330000143e+02 9.308528254550000325e-01
3.091993743890000133e+02 9.327086026199999935e-01
3.092647067450000122e+02 9.330594700880000536e-01
3.093300391010000112e+02 9.322775367159999993e-01
3.093953714570000102e+02 9.325827431380000476e-01
3.094607038120000198e+02 9.317839175950000108e-01
3.095260361680000187e+02 9.324753829330000299e-01
3.095913685240000177e+02 9.315525580250000326e-01
3.096567008800000167e+02 9.315362976540000339e-01
3.097220332360000157e+02 9.345704050640000204e-01
3.097873655909999684e+02 9.353300502150000417e-01
3.098526979469999674e+02 9.356451729620000046e-01
3.099180303029999664e+02 9.355636939389999629e-01
3.099833626590000222e+02 9.358070799409999863e-01
3.100486950150000212e+02 9.335633851029999652e-01
3.101140273699999739e+02 9.359829781230000201e-01
3.101793597259999729e+02 9.342712375949999704e-01
3.102446920819999718e+02 9.307076991199999538e-01
3.103100244379999708e+02 9.270569760119999891e-01
3.103753567939999698e+02 9.254017276439999717e-01
3.104406891499999688e+02 9.263543191199999915e-01
3.105060215049999783e+02 9.280957051610000397e-01
3.105713538609999773e+02 9.284191585919999712e-01
3.106366862169999763e+02 9.259728795889999864e-01
3.107020185729999753e+02 9.250639170869999761e-01
3.107673509289999743e+02 9.265055306549999647e-01
3.108326832839999838e+02 9.281677084749999640e-01
3.108980156399999828e+02 9.269113502639999558e-01
3.109633479959999818e+02 9.245503526389999838e-01
3.110286803519999808e+02 9.220205711440000451e-01
3.110940127079999797e+02 9.205617934209999742e-01
3.111593450639999787e+02 9.211899664520000197e-01
3.112246774189999883e+02 9.222197090320000123e-01
3.112900097749999873e+02 9.237560355620000330e-01
3.113553421309999862e+02 9.260152405570000189e-01
3.114206744869999852e+02 9.280918388859999979e-01
3.114860068429999842e+02 9.297377210649999668e-01
3.115513391979999938e+02 9.323044504990000148e-01
3.116166715539999927e+02 9.339783046630000252e-01
3.116820039099999917e+02 9.343392130009999796e-01
3.117473362659999907e+02 9.329432103420000066e-01
3.118126686219999897e+02 9.313720503229999670e-01
3.118780009779999887e+02 9.319749664519999532e-01
3.119433333329999982e+02 9.329629799999999973e-01
3.120086656889999972e+02 9.331246995009999656e-01
3.120739980449999962e+02 9.323849014080000108e-01
3.121393304009999952e+02 9.342725707140000502e-01
3.122046627569999941e+02 9.346271546629999483e-01
3.122699951120000037e+02 9.367132965879999551e-01
3.123353274680000027e+02 9.366947085429999653e-01
3.124006598240000017e+02 9.375973235779999637e-01
3.124659921800000006e+02 9.378035536459999877e-01
3.125313245359999996e+02 9.391170159530000117e-01
3.125966568910000092e+02 9.393774702639999807e-01
3.126619892470000082e+02 9.386209925809999577e-01
3.127273216030000071e+02 9.388583668619999711e-01
3.127926539590000061e+02 9.372159117299999620e-01
3.128579863150000051e+02 9.352389372830000047e-01
3.129233186710000041e+02 9.327004698530000359e-01
3.129886510259999568e+02 9.290422429329999732e-01
3.130539833819999558e+02 9.265077723260000120e-01
3.131193157379999548e+02 9.268436893450000547e-01
3.131846480940000106e+02 9.250389284459999972e-01
3.132499804500000096e+02 9.238260835579999997e-01
3.133153128049999623e+02 9.247693461779999957e-01
3.133806451609999613e+02 9.237551032259999628e-01
3.134459775169999602e+02 9.243531032649999757e-01
3.135113098729999592e+02 9.249068027960000160e-01
3.135766422289999582e+02 9.230184195599999697e-01
3.136419745849999572e+02 9.208683591980000305e-01
3.137073069399999667e+02 9.218055863730000299e-01
3.137726392959999657e+02 9.225034899120000409e-01
3.138379716519999647e+02 9.225530281329999971e-01
3.139033040079999637e+02 9.242287880739999961e-01
3.139686363639999627e+02 9.266292954549999461e-01
3.140339687189999722e+02 9.276219505180000047e-01
3.140993010749999712e+02 9.279650095700000545e-01
3.141646334309999702e+02 9.298137684460000552e-01
3.142299657869999692e+02 9.289965359820000490e-01
3.142952981429999681e+02 9.293298671359999652e-01
3.143606304989999671e+02 9.278525957180000505e-01
3.144259628539999767e+02 9.268794270189999462e-01
3.144912952099999757e+02 9.271178229519999592e-01
3.145566275659999746e+02 9.294062643399999546e-01
3.146219599219999736e+02 9.322585328250000414e-01
3.146872922779999726e+02 9.342628745059999851e-01
3.147526246329999822e+02 9.359393759530000301e-01
3.148179569889999811e+02 9.376754240860000200e-01
3.148832893449999801e+02 9.383957795309999517e-01
3.149486217009999791e+02 9.361411088559999927e-01
3.150139540569999781e+02 9.342782572240000416e-01
3.150792864129999771e+02 9.320512517300000299e-01
3.151446187679999866e+02 9.285343160410000074e-01
3.152099511239999856e+02 9.268598835779999767e-01
3.152752834799999846e+02 9.253384693349999690e-01
3.153406158359999836e+02 9.237353754839999764e-01
3.154059481919999826e+02 9.248371170379999784e-01
3.154712805469999921e+02 9.252809439100000422e-01
3.155366129029999911e+02 9.244711338709999948e-01
3.156019452589999901e+02 9.259487782399999922e-01
3.156672776149999891e+02 9.253786194719999525e-01
3.157326099709999880e+02 9.244819053959999477e-01
3.157979423259999976e+02 9.257563029030000390e-01
3.158632746819999966e+02 9.257716639880000375e-01
3.159286070379999956e+02 9.242667635189999453e-01
3.159939393939999945e+02 9.244661963639999591e-01
3.160592717499999935e+02 9.245619040179999804e-01
3.161246041059999925e+02 9.250023920819999690e-01
3.161899364610000021e+02 9.278691303320000250e-01
3.162552688170000010e+02 9.260310576339999544e-01
3.163206011730000000e+02 9.231346894430000338e-01
3.163859335289999990e+02 9.195521411529999911e-01
3.164512658849999980e+02 9.181882701760000209e-01
3.165165982400000075e+02 9.181127746630000086e-01
3.165819305960000065e+02 9.164762520229999820e-01
3.166472629520000055e+02 9.141777146820000421e-01
3.167125953080000045e+02 9.139208775370000204e-01
3.167779276640000035e+02 9.149739649460000290e-01
3.168432600200000024e+02 9.170923826779999732e-01
3.169085923750000120e+02 9.194361225810000482e-01
3.169739247310000110e+02 9.215707919350000221e-01
3.170392570870000100e+02 9.224385399610000036e-01
3.171045894430000089e+02 9.241162907919999725e-01
3.171699217990000079e+02 9.246893392770000331e-01
3.172352541540000175e+02 9.247193026200000165e-01
3.173005865100000165e+02 9.245582415249999908e-01
3.173659188660000154e+02 9.259445289050000083e-01
3.174312512220000144e+02 9.289179273509999835e-01
3.174965835780000134e+02 9.278475729330000199e-01
3.175619159340000124e+02 9.267068681519999851e-01
3.176272482890000219e+02 9.254126126099999627e-01
3.176925806450000209e+02 9.227889683869999748e-01
3.177579130010000199e+02 9.220049550240000391e-01
3.178232453570000189e+02 9.221384095600000386e-01
3.178885777130000179e+02 9.187865796480000347e-01
3.179539100680000274e+02 9.171628440860000175e-01
3.180192424240000264e+02 9.174539130300000123e-01
3.180845747800000254e+02 9.192512243399999505e-01
3.181499071360000244e+02 9.206748794819999970e-01
3.182152394920000233e+02 9.218980795310000032e-01
3.182805718480000223e+02 9.206475059530000449e-01
3.183459042030000319e+02 9.225620097169999756e-01
3.184112365590000309e+02 9.226824267740000307e-01
3.184765689150000298e+02 9.225271935479999463e-01
3.185419012710000288e+02 9.221448758460000228e-01
3.186072336270000278e+02 9.198812356400000168e-01
3.186725659820000374e+02 9.207829085630000465e-01
3.187378983380000363e+02 9.221106613099999683e-01
3.188032306940000353e+02 9.223850135000000172e-01
3.188685630500000343e+02 9.231642676250000346e-01
3.189338954060000333e+02 9.248550649560000059e-01
3.189992277610000428e+02 9.281642640270000300e-01
3.190645601170000418e+02 9.307070641060000149e-01
3.191298924730000408e+02 9.309770329030000457e-01
3.191952248290000398e+02 9.317028499220000315e-01
3.192605571850000388e+02 9.327645453370000395e-01
3.193258895410000378e+02 9.330365664909999746e-01
3.193912218959999905e+02 9.308308120820000253e-01
3.194565542519999894e+02 9.280350011139999467e-01
3.195218866080000453e+02 9.241373003709999479e-01
3.195872189640000443e+02 9.226888662169999700e-01
3.196525513200000432e+02 9.218133677419999561e-01
3.197178836749999959e+02 9.179667288070000319e-01
3.197832160309999949e+02 9.166226166569999556e-01
3.198485483869999939e+02 9.159385529029999695e-01
3.199138807429999929e+02 9.174923706159999748e-01
3.199792130989999919e+02 9.196046881230000025e-01
3.200445454549999909e+02 9.209888472730000109e-01
3.201098778100000004e+02 9.188821167249999755e-01
3.201752101659999994e+02 9.174848143499999553e-01
3.202405425219999984e+02 9.177407311440000104e-01
3.203058748779999974e+02 9.189782391790000116e-01
3.203712072339999963e+02 9.200746746729999703e-01
3.204365395890000059e+02 9.202348768910000310e-01
3.205018719450000049e+02 9.186269771160000541e-01
3.205672043010000039e+02 9.190293073120000544e-01
3.206325366570000028e+02 9.224545091789999596e-01
3.206978690130000018e+02 9.256022214660000191e-01
3.207632013690000008e+02 9.265049508499999531e-01
3.208285337240000104e+02 9.260704339590000167e-01
3.208938660800000093e+02 9.257688717890000252e-01
3.209591984360000083e+02 9.264023356210000504e-01
3.210245307920000073e+02 9.266589160410000359e-01
3.210898631480000063e+02 9.262575363830000130e-01
3.211551955030000158e+02 9.253706861970000253e-01
3.212205278590000148e+02 9.221913360700000339e-01
3.212858602150000138e+02 9.201640730110000055e-01
3.213511925710000128e+02 9.177557609580000442e-01
3.214165249270000118e+02 9.172088331379999460e-01
3.214818572830000107e+02 9.158842741149999522e-01
3.215471896380000203e+02 9.164207372139999697e-01
3.216125219940000193e+02 9.184726691500000317e-01
3.216778543500000183e+02 9.203801391010000277e-01
3.217431867060000172e+02 9.221942508899999558e-01
3.218085190620000162e+02 9.245475645749999805e-01
3.218738514170000258e+02 9.252358087780000462e-01
3.219391837730000248e+02 9.260524044090000517e-01
3.220045161290000237e+02 9.257890270969999502e-01
3.220698484850000227e+02 9.240482003029999447e-01
3.221351808410000217e+02 9.218737424049999740e-01
3.222005131960000313e+02 9.219330278299999737e-01
3.222658455520000302e+02 9.210485248680000403e-01
3.223311779080000292e+02 9.200807077910000409e-01
3.223965102640000282e+02 9.214562513780000241e-01
3.224618426200000272e+02 9.215536828150000526e-01
3.225271749760000262e+02 9.234479884070000422e-01
3.225925073309999789e+02 9.254619873020000220e-01
3.226578396869999779e+02 9.232752567940000210e-01
3.227231720430000337e+02 9.218337907529999820e-01
3.227885043990000327e+02 9.206417825220000184e-01
3.228538367550000316e+02 9.173453597170000418e-01
3.229191691099999844e+02 9.153306276829999977e-01
3.229845014659999833e+02 9.131454166860000221e-01
3.230498338219999823e+02 9.111840054550000012e-01
3.231151661779999813e+02 9.105966286509999952e-01
3.231804985339999803e+02 9.111539215839999928e-01
3.232458308899999793e+02 9.101713357180000186e-01
3.233111632449999888e+02 9.107335824440000449e-01
3.233764956009999878e+02 9.089630866569999856e-01
3.234418279569999868e+02 9.088225212899999628e-01
3.235071603129999858e+02 9.073390962459999542e-01
3.235724926689999847e+02 9.058893111439999535e-01
3.236378250239999943e+02 9.059119668620000398e-01
3.237031573799999933e+02 9.067461038509999627e-01
3.237684897359999923e+02 9.069476529619999727e-01
3.238338220919999912e+02 9.070919783769999523e-01
3.238991544479999902e+02 9.070010688559999590e-01
3.239644868039999892e+02 9.086831401170000211e-01
3.240298191589999988e+02 9.116239868719999695e-01
3.240951515149999977e+02 9.112249509090000199e-01
3.241604838709999967e+02 9.111528596769999933e-01
3.242258162269999957e+02 9.117256598830000280e-01
3.242911485829999947e+02 9.137240841939999747e-01
3.243564809380000042e+02 9.166970509089999997e-01
3.244218132940000032e+02 9.175658270969999641e-01
3.244871456500000022e+02 9.162890240269999653e-01
3.245524780060000012e+02 9.144278025509999797e-01
3.246178103620000002e+02 9.137120033819999820e-01
3.246831427170000097e+02 9.150051081429999567e-01
3.247484750730000087e+02 9.167679473309999771e-01
3.248138074290000077e+02 9.177826625020000240e-01
3.248791397850000067e+02 9.181645103229999494e-01
3.249444721410000056e+02 9.190356025220000058e-01
3.250098044970000046e+02 9.193762064520000221e-01
3.250751368520000142e+02 9.225770554640000398e-01
3.251404692080000132e+02 9.233496123169999681e-01
3.252058015640000121e+02 9.210438159530000002e-01
3.252711339200000111e+02 9.205526259240000009e-01
3.253364662760000101e+02 9.195449231379999588e-01
3.254017986310000197e+02 9.189849912019999456e-01
3.254671309870000186e+02 9.203077987190000364e-01
3.255324633430000176e+02 9.201339038710000251e-01
3.255977956990000166e+02 9.198690183869999704e-01
3.256631280550000156e+02 9.186249298140000130e-01
3.257284604110000146e+02 9.188236767740000088e-01
3.257937927659999673e+02 9.181636377320000486e-01
3.258591251219999663e+02 9.175486135679999933e-01
3.259244574780000221e+02 9.180328125509999992e-01
3.259897898340000211e+02 9.171199033429999758e-01
3.260551221900000201e+02 9.176458740570000439e-01
3.261204545449999728e+02 9.198809854549999665e-01
3.261857869009999717e+02 9.222366498139999980e-01
3.262511192569999707e+02 9.226596573999999995e-01
3.263164516129999697e+02 9.230220470969999758e-01
3.263817839689999687e+02 9.219026407329999895e-01
3.264471163249999677e+02 9.216776538809999808e-01
3.265124486799999772e+02 9.223648032550000320e-01
3.265777810359999762e+02 9.224575537829999838e-01
3.266431133919999752e+02 9.218077926100000097e-01
3.267084457479999742e+02 9.205945171260000448e-01
3.267737781039999732e+02 9.176070711339999741e-01
3.268391104589999827e+02 9.199637532940000417e-01
3.269044428149999817e+02 9.221439384159999531e-01
3.269697751709999807e+02 9.222054450050000129e-01
3.270351075269999797e+02 9.216196958060000055e-01
3.271004398829999786e+02 9.223475808800000175e-01
3.271657722389999776e+02 9.214035913689999635e-01
3.272311045939999872e+02 9.203237408990000423e-01
3.272964369499999862e+02 9.173068578009999641e-01
3.273617693059999851e+02 9.149311748580000181e-01
3.274271016619999841e+02 9.130375448480000378e-01
3.274924340179999831e+02 9.137602179470000197e-01
3.275577663729999927e+02 9.136049297070000241e-01
3.276230987289999916e+02 9.117471118669999708e-01
3.276884310849999906e+02 9.132339019059999563e-01
3.277537634409999896e+02 9.158239688170000115e-01
3.278190957969999886e+02 9.179850085240000013e-01
3.278844281519999981e+02 9.190188304990000168e-01
3.279497605079999971e+02 9.206347599409999694e-01
3.280150928639999961e+02 9.202809296970000386e-01
3.280804252199999951e+02 9.208648564810000270e-01
3.281457575759999941e+02 9.188371951520000191e-01
3.282110899319999930e+02 9.176817833139999658e-01
3.282764222870000026e+02 9.175263211730000368e-01
3.283417546430000016e+02 9.176294245160000473e-01
3.284070869990000006e+02 9.150252427370000330e-01
3.284724193549999995e+02 9.139109274190000409e-01
3.285377517109999985e+02 9.134322004889999791e-01
3.286030840660000081e+02 9.131547543110000165e-01
3.286684164220000071e+02 9.159141567740000101e-01
3.287337487780000060e+02 9.160723471649999672e-01
3.287990811340000050e+02 9.162189569499999964e-01
3.288644134900000040e+02 9.164220853669999833e-01
3.289297458460000030e+02 9.184403869599999659e-01
3.289950782009999557e+02 9.182373306940000424e-01
3.290604105569999547e+02 9.188532137239999731e-01
3.291257429130000105e+02 9.176422693739999525e-01
3.291910752690000095e+02 9.158085645160000121e-01
3.292564076250000085e+02 9.142261985630000254e-01
3.293217399799999612e+02 9.120730038709999876e-01
3.293870723359999602e+02 9.123494024049999540e-01
3.294524046919999591e+02 9.127871125509999795e-01
3.295177370479999581e+02 9.118681327569999606e-01
3.295830694039999571e+02 9.097779558359999630e-01
3.296484017599999561e+02 9.096199936069999659e-01
3.297137341149999656e+02 9.096811145259999787e-01
3.297790664709999646e+02 9.108922706940000280e-01
3.298443988269999636e+02 9.107775429909999998e-01
3.299097311829999626e+02 9.090704754839999957e-01
3.299750635389999616e+02 9.074119500289999918e-01
3.300403958939999711e+02 9.064241837240000210e-01
3.301057282499999701e+02 9.060029927079999990e-01
3.301710606059999691e+02 9.080616087880000187e-01
3.302363929619999681e+02 9.095324955429999747e-01
3.303017253179999670e+02 9.104329396479999836e-01
3.303670576739999660e+02 9.119348850830000242e-01
3.304323900289999756e+02 9.117094490910000459e-01
3.304977223849999746e+02 9.139134569700000377e-01
3.305630547409999735e+02 9.184574778790000060e-01
3.306283870969999725e+02 9.202214090320000039e-01
3.306937194529999715e+02 9.216158792380000353e-01
3.307590518079999811e+02 9.213524684070000248e-01
3.308243841639999800e+02 9.201616873019999865e-01
3.308897165199999790e+02 9.202586709679999588e-01
3.309550488759999780e+02 9.197269331670000492e-01
3.310203812319999770e+02 9.188879777709999530e-01
3.310857135869999865e+02 9.178557238219999803e-01
3.311510459429999855e+02 9.167773605279999627e-01
3.312163782989999845e+02 9.129727855429999872e-01
3.312817106549999835e+02 9.122672818770000136e-01
3.313470430109999825e+02 9.120064640859999461e-01
3.314123753669999815e+02 9.119366530210000210e-01
3.314777077219999910e+02 9.116974988760000453e-01
3.315430400779999900e+02 9.093567681719999518e-01
3.316083724339999890e+02 9.070416467449999853e-01
3.316737047899999880e+02 9.071724906350000506e-01
3.317390371459999869e+02 9.091909532749999912e-01
3.318043695009999965e+02 9.106746698530000517e-01
3.318697018569999955e+02 9.127589198040000351e-01
3.319350342129999945e+02 9.142937551319999523e-01
3.320003665689999934e+02 9.157907526690000077e-01
3.320656989249999924e+02 9.169945361289999486e-01
3.321310312809999914e+02 9.164860181720000387e-01
3.321963636360000010e+02 9.170199909089999935e-01
3.322616959919999999e+02 9.170981626490000149e-01
3.323270283479999989e+02 9.167569287979999704e-01
3.323923607039999979e+02 9.149820318770000016e-01
3.324576930599999969e+02 9.152077087190000348e-01
3.325230254150000064e+02 9.125173638610000193e-01
3.325883577710000054e+02 9.119632618180000261e-01
3.326536901270000044e+02 9.120922101370000368e-01
3.327190224830000034e+02 9.103412821699999879e-01
3.327843548390000024e+02 9.105855532259999885e-01
3.328496871950000013e+02 9.114139672140000314e-01
3.329150195500000109e+02 9.098140673700000347e-01
3.329803519060000099e+02 9.086824173019999451e-01
3.330456842620000089e+02 9.107512825710000204e-01
3.331110166180000078e+02 9.095524816619999786e-01
3.331763489740000068e+02 9.074693560409999860e-01
3.332416813290000164e+02 9.066138808210000288e-01
3.333070136850000154e+02 9.053397897949999606e-01
3.333723460410000143e+02 9.060599992960000071e-01
3.334376783970000133e+02 9.090788828839999614e-01
3.335030107530000123e+02 9.105222376339999757e-01
3.335683431090000113e+02 9.126070965100000487e-01
3.336336754640000208e+02 9.158526217789999535e-01
3.336990078200000198e+02 9.184922810260000015e-01
3.337643401760000188e+02 9.202111690319999537e-01
3.338296725320000178e+02 9.194555976149999532e-01
3.338950048880000168e+02 9.189840318669999508e-01
3.339603372430000263e+02 9.182471543989999541e-01
3.340256695990000253e+02 9.165800084849999863e-01
3.340910019550000243e+02 9.145741018570000547e-01
3.341563343110000233e+02 9.120844164219999994e-01
3.342216666670000222e+02 9.105680266669999856e-01
3.342869990220000318e+02 9.088485220330000391e-01
3.343523313780000308e+02 9.085890379769999692e-01
3.344176637340000298e+02 9.073304979470000475e-01
3.344829960900000287e+02 9.069961749360000436e-01
3.345483284460000277e+02 9.065232202349999824e-01
3.346136608020000267e+02 9.068024729329999811e-01
3.346789931570000363e+02 9.086467503809999569e-01
3.347443255130000352e+02 9.090959429029999983e-01
3.348096578690000342e+02 9.089030496379999491e-01
3.348749902250000332e+02 9.102482553180000213e-01
3.349403225810000322e+02 9.122677935480000277e-01
3.350056549360000417e+02 9.148822466179999946e-01
3.350709872920000407e+02 9.177045636559999497e-01
3.351363196480000397e+02 9.172444839000000183e-01
3.352016520040000387e+02 9.153196991590000220e-01
3.352669843600000377e+02 9.127046817599999695e-01
3.353323167160000366e+02 9.122135258060000140e-01
3.353976490709999894e+02 9.117035280059999636e-01
3.354629814270000452e+02 9.107661579860000245e-01
3.355283137830000442e+02 9.083885458360000387e-01
3.355936461390000431e+02 9.072361928050000079e-01
3.356589784950000421e+02 9.099923247310000018e-01
3.357243108499999948e+02 9.131507368910000144e-01
3.357896432059999938e+02 9.157169981820000304e-01
3.358549755619999928e+02 9.146003844569999819e-01
3.359203079179999918e+02 9.112309196479999596e-01
3.359856402739999908e+02 9.105342142719999865e-01
3.360509726299999897e+02 9.109485699120000168e-01
3.361163049849999993e+02 9.107750265690000013e-01
3.361816373409999983e+02 9.090047534120000439e-01
3.362469696969999973e+02 9.086570533329999533e-01
3.363123020529999962e+02 9.101836516129999666e-01
3.363776344089999952e+02 9.111537475269999575e-01
3.364429667640000048e+02 9.113755044569999963e-01
3.365082991200000038e+02 9.098852147210000352e-01
3.365736314760000027e+02 9.092551849659999963e-01
3.366389638320000017e+02 9.095862227369999609e-01
3.367042961880000007e+02 9.105111962759999678e-01
3.367696285430000103e+02 9.098544287390000207e-01
3.368349608990000092e+02 9.091965240179999963e-01
3.369002932550000082e+02 9.093369141349999518e-01
3.369656256110000072e+02 9.104102982499999719e-01
3.370309579670000062e+02 9.109677026979999814e-01
3.370962903230000052e+02 9.107994474189999856e-01
3.371616226780000147e+02 9.106537016029999654e-01
3.372269550340000137e+02 9.079610080550000184e-01
3.372922873900000127e+02 9.072681182990000037e-01
3.373576197460000117e+02 9.079555760699999922e-01
3.374229521020000107e+02 9.104887299320000293e-01
3.374882844570000202e+02 9.104845664220000412e-01
3.375536168130000192e+02 9.110363518480000256e-01
3.376189491690000182e+02 9.109045299610000201e-01
3.376842815250000172e+02 9.128299601170000166e-01
3.377496138810000161e+02 9.161407304399999951e-01
3.378149462370000151e+02 9.179910875269999826e-01
3.378802785920000247e+02 9.175086912019999597e-01
3.379456109480000237e+02 9.160292891500000367e-01
3.380109433040000226e+02 9.157389669890000361e-01
3.380762756600000216e+02 9.151266675660000294e-01
3.381416080160000206e+02 9.138958187290000534e-01
3.382069403710000302e+02 9.123293919060000423e-01
3.382722727270000291e+02 9.094956072730000507e-01
3.383376050830000281e+02 9.075244097560000167e-01
3.384029374390000271e+02 9.046839312609999961e-01
3.384682697950000261e+02 9.015582642820000325e-01
3.385336021510000251e+02 9.002059226880000375e-01
3.385989345059999778e+02 8.988301051999999514e-01
3.386642668620000336e+02 8.982634038119999831e-01
3.387295992180000326e+02 8.969342205279999813e-01
3.387949315740000316e+02 8.982839963049999987e-01
3.388602639300000305e+02 9.000535109680000145e-01
3.389255962849999833e+02 9.033180047019999659e-01
3.389909286409999822e+02 9.069803601370000079e-01
3.390562609969999812e+02 9.074399491789999495e-01
3.391215933529999802e+02 9.066142677609999589e-01
3.391869257089999792e+02 9.085745971849999991e-01
3.392522580649999782e+02 9.076450561290000385e-01
3.393175904199999877e+02 9.051051168820000159e-01
3.393829227759999867e+02 9.051209134700000103e-01
3.394482551319999857e+02 9.061076171259999645e-01
3.395135874879999847e+02 9.075471577520000110e-01
3.395789198439999836e+02 9.089933455719999555e-01
3.396442521989999932e+02 9.117478897359999612e-01
3.397095845549999922e+02 9.129536095700000464e-01
3.397749169109999912e+02 9.151830838119999756e-01
3.398402492669999901e+02 9.157264838119999473e-01
3.399055816229999891e+02 9.132018474880000403e-01
3.399709139779999987e+02 9.091930830109999917e-01
3.400362463339999977e+02 9.081574855130000179e-01
3.401015786899999966e+02 9.074079292769999805e-01
3.401669110459999956e+02 9.056968824240000382e-01
3.402322434019999946e+02 9.041087585039999652e-01
3.402975757579999936e+02 9.045261054550000068e-01
3.403629081130000031e+02 9.033301452390000152e-01
3.404282404690000021e+02 9.044097597069999939e-01
3.404935728250000011e+02 9.053869826779999963e-01
3.405589051810000001e+02 9.059452328049999448e-01
3.406242375369999991e+02 9.059493240470000153e-01
3.406895698920000086e+02 9.064393268820000182e-01
3.407549022480000076e+02 9.077610580449999578e-01
3.408202346040000066e+02 9.090139086799999824e-01
3.408855669600000056e+02 9.110936726389999851e-01
3.409508993160000045e+02 9.111315097950000164e-01
3.410162316720000035e+02 9.097475791789999544e-01
3.410815640270000131e+02 9.087691882699999724e-01
3.411468963830000121e+02 9.072369244569999935e-01
3.412122287390000110e+02 9.082134224050000260e-01
3.412775610950000100e+02 9.063483016129999514e-01
3.413428934510000090e+02 9.043193596090000064e-01
3.414082258060000186e+02 9.051354125810000539e-01
3.414735581620000175e+02 9.082380696580000246e-01
3.415388905180000165e+02 9.100622168330000372e-01
3.416042228740000155e+02 9.092928751909999940e-01
3.416695552300000145e+02 9.094469265589999463e-01
3.417348875860000135e+02 9.064511774000000299e-01
3.418002199409999662e+02 9.079229809679999486e-01
3.418655522970000220e+02 9.081734226000000021e-01
3.419308846530000210e+02 9.032373584459999494e-01
3.419962170090000200e+02 9.003917381229999961e-01
3.420615493650000190e+02 9.023624442909999877e-01
3.421268817199999717e+02 9.041672103229999591e-01
3.421922140759999706e+02 9.049681772140000247e-01
3.422575464319999696e+02 9.069044742130000225e-01
3.423228787879999686e+02 9.090364066670000298e-01
3.423882111439999676e+02 9.122599862169999962e-01
3.424535434999999666e+02 9.136880316230000521e-01
3.425188758549999761e+02 9.117391754250000480e-01
3.425842082109999751e+02 9.087800914660000284e-01
3.426495405669999741e+02 9.082970155620000430e-01
3.427148729229999731e+02 9.070764214759999833e-01
3.427802052789999721e+02 9.062875522579999510e-01
3.428455376339999816e+02 9.039186501079999880e-01
3.429108699899999806e+02 9.036016303620000301e-01
3.429762023459999796e+02 9.060841399119999862e-01
3.430415347019999786e+02 9.079096403319999453e-01
3.431068670579999775e+02 9.078090807619999536e-01
3.431721994129999871e+02 9.059248722580000024e-01
3.432375317689999861e+02 9.050662709290000496e-01
3.433028641249999851e+02 9.035809033820000336e-01
3.433681964809999840e+02 9.042693435190000129e-01
3.434335288369999830e+02 9.003462110459999890e-01
3.434988611929999820e+02 8.993298315250000119e-01
3.435641935479999916e+02 9.003563587099999710e-01
3.436295259039999905e+02 9.036172253180000391e-01
3.436948582599999895e+02 9.056041034799999778e-01
3.437601906159999885e+02 9.063677310559999922e-01
3.438255229719999875e+02 9.071397418379999467e-01
3.438908553269999970e+02 9.074135176340000219e-01
3.439561876829999960e+02 9.095331607619999703e-01
3.440215200389999950e+02 9.092878135869999490e-01
3.440868523949999940e+02 9.061335854149999980e-01
3.441521847509999930e+02 9.037030494429999505e-01
3.442175171069999919e+02 9.042106518279999783e-01
3.442828494620000015e+02 9.042812582800000554e-01
3.443481818180000005e+02 9.031593981819999728e-01
3.444135141739999995e+02 9.052214413200000420e-01
3.444788465299999984e+02 9.072339515149999700e-01
3.445441788859999974e+02 9.079888814369999617e-01
3.446095112410000070e+02 9.068788175559999720e-01
3.446748435970000060e+02 9.042690336169999510e-01
3.447401759530000049e+02 9.023781910849999477e-01
3.448055083090000039e+02 9.008704073019999647e-01
3.448708406650000029e+02 9.002535023459999897e-01
3.449361730210000019e+02 8.975198026389999972e-01
3.450015053759999546e+02 8.954419486019999930e-01
3.450668377320000104e+02 8.964710128839999959e-01
3.451321700880000094e+02 8.998978003519999547e-01
3.451975024440000084e+02 9.018041563830000440e-01
3.452628348000000074e+02 9.040295755620000318e-01
3.453281671549999601e+02 9.045937335479999897e-01
3.453934995109999591e+02 9.051990046529999612e-01
3.454588318669999580e+02 9.028128547310000362e-01
3.455241642229999570e+02 9.002892931960000400e-01
3.455894965789999560e+02 8.993957701270000049e-01
3.456548289349999550e+02 8.987577630890000169e-01
3.457201612899999645e+02 8.960887448390000287e-01
3.457854936459999635e+02 8.956532112020000325e-01
3.458508260019999625e+02 8.955023467249999536e-01
3.459161583579999615e+02 8.943008808210000105e-01
3.459814907139999605e+02 8.944373011339999957e-01
3.460468230689999700e+02 8.941512766960000302e-01
3.461121554249999690e+02 8.925580809090000178e-01
3.461774877809999680e+02 8.925076860220000352e-01
3.462428201369999670e+02 8.934240896770000440e-01
3.463081524929999659e+02 8.940388593550000484e-01
3.463734848479999755e+02 8.921897112119999695e-01
3.464388172039999745e+02 8.911055322580000437e-01
3.465041495599999735e+02 8.936735055129999550e-01
3.465694819159999724e+02 8.965789805670000279e-01
3.466348142719999714e+02 8.986051978589999489e-01
3.467001466279999704e+02 8.999069665100000170e-01
3.467654789829999800e+02 9.003018772240000134e-01
3.468308113389999789e+02 9.018144529810000476e-01
3.468961436949999779e+02 9.046907160699999562e-01
3.469614760509999769e+02 9.064989911830000358e-01
3.470268084069999759e+02 9.048466039689999629e-01
3.470921407619999854e+02 9.040979715539999573e-01
3.471574731179999844e+02 9.037146070970000222e-01
3.472228054739999834e+02 8.995783379280000158e-01
3.472881378299999824e+02 8.985565811440000550e-01
3.473534701859999814e+02 8.967165388469999776e-01
3.474188025419999803e+02 8.963529872629999451e-01
3.474841348969999899e+02 8.979568307919999492e-01
3.475494672529999889e+02 8.992121775169999998e-01
3.476147996089999879e+02 8.984408250440000243e-01
3.476801319649999868e+02 8.996616036360000068e-01
3.477454643209999858e+02 9.023379269789999491e-01
3.478107966759999954e+02 9.008128757379999518e-01
3.478761290319999944e+02 9.007714922580000172e-01
3.479414613879999933e+02 8.973426061489999661e-01
3.480067937439999923e+02 8.915988074880000225e-01
3.480721260999999913e+02 8.887080956889999994e-01
3.481374584559999903e+02 8.867448800199999592e-01
3.482027908109999998e+02 8.837774401660000168e-01
3.482681231669999988e+02 8.834554331959999507e-01
3.483334555229999978e+02 8.833155330299999886e-01
3.483987878789999968e+02 8.814434345449999597e-01
3.484641202349999958e+02 8.837162706740000484e-01
3.485294525900000053e+02 8.882887334700000359e-01
3.485947849460000043e+02 8.909364005380000506e-01
3.486601173020000033e+02 8.944795866860000277e-01
3.487254496580000023e+02 8.990028957969999901e-01
3.487907820140000013e+02 9.015557529230000533e-01
3.488561143700000002e+02 9.032263922580000548e-01
3.489214467250000098e+02 9.060489649070000429e-01
3.489867790810000088e+02 9.065073233629999949e-01
3.490521114370000078e+02 9.038259590620000283e-01
3.491174437930000067e+02 9.037510501469999680e-01
3.491827761490000057e+02 9.030848705180000158e-01
3.492481085040000153e+02 9.002754342519999620e-01
3.493134408600000143e+02 9.002651322579999782e-01
3.493787732160000132e+02 9.012671060119999966e-01
3.494441055720000122e+02 9.010343772429999509e-01
3.495094379280000112e+02 9.024839364910000050e-01
3.495747702830000208e+02 9.028733733529999972e-01
3.496401026390000197e+02 8.997719125809999774e-01
3.497054349950000187e+02 8.973445808990000438e-01
3.497707673510000177e+02 8.926474262269999960e-01
3.498360997070000167e+02 8.887124857479999918e-01
3.499014320630000157e+02 8.893344247309999950e-01
3.499667644180000252e+02 8.866152516130000327e-01
3.500320967740000242e+02 8.864918229029999930e-01
3.500974291300000232e+02 8.884861943109999549e-01
3.501627614860000222e+02 8.911874366759999777e-01
3.502280938420000211e+02 8.936521121410000434e-01
3.502934261970000307e+02 8.959376006839999684e-01
3.503587585530000297e+02 8.949094057090000165e-01
3.504240909090000287e+02 8.927686790909999948e-01
3.504894232650000276e+02 8.926281037340000335e-01
3.505547556210000266e+02 8.920757968720000042e-01
3.506200879770000256e+02 8.902973056890000070e-01
3.506854203320000352e+02 8.893342141250000221e-01
3.507507526880000341e+02 8.894535436560000452e-01
3.508160850440000331e+02 8.893599676250000252e-01
3.508814174000000321e+02 8.905357358550000102e-01
3.509467497560000311e+02 8.929798861090000317e-01
3.510120821110000406e+02 8.955532497949999504e-01
3.510774144670000396e+02 8.953590691010000491e-01
3.511427468230000386e+02 8.960901008599999606e-01
3.512080791790000376e+02 8.959334596479999746e-01
3.512734115350000366e+02 8.960347840079999626e-01
3.513387438910000355e+02 8.964248444379999681e-01
3.514040762460000451e+02 8.964505492080000471e-01
3.514694086020000441e+02 8.982165838710000072e-01
3.515347409580000431e+02 8.983270697559999629e-01
3.516000733140000420e+02 8.977480939880000399e-01
3.516654056700000410e+02 8.968698106160000183e-01
3.517307380249999937e+02 8.981556368130000356e-01
3.517960703809999927e+02 8.968241771849999600e-01
3.518614027369999917e+02 8.972764213589999871e-01
3.519267350929999907e+02 8.950525803319999696e-01
3.519920674489999897e+02 8.943921865689999917e-01
3.520573998039999992e+02 8.950812675860000400e-01
3.521227321599999982e+02 8.971706068820000102e-01
3.521880645159999972e+02 8.965842748390000505e-01
3.522533968719999962e+02 8.961118997560000299e-01
3.523187292279999951e+02 9.028481522969999951e-01
3.523840615839999941e+02 9.142639457769999867e-01
3.524493939390000037e+02 9.272517709090000171e-01
3.525147262950000027e+02 9.390642812510000548e-01
3.525800586510000016e+02 9.507110189440000081e-01
3.526453910070000006e+02 9.632943227369999972e-01
3.527107233629999996e+02 9.768605081719999861e-01
3.527760557180000092e+02 9.902323067160000436e-01
3.528413880740000081e+02 9.963927034409999495e-01
3.529067204300000071e+02 9.973872827959999743e-01
3.529720527860000061e+02 9.979184239299999648e-01
3.530373851420000051e+02 9.984080499799999897e-01
3.531027174980000041e+02 9.988678787679999838e-01
3.531680498530000136e+02 9.993027762459999463e-01
3.532333822090000126e+02 9.994023539390000099e-01
3.532987145650000116e+02 9.995023050439999501e-01
3.533640469210000106e+02 9.996041237539999846e-01
3.534293792770000096e+02 9.996922916810000448e-01
3.534947116320000191e+02 9.997691627960000327e-01
3.535600439880000181e+02 9.998367623170000273e-01
3.536253763440000171e+02 9.998965344089999485e-01
3.536907087000000161e+02 9.999497000289999660e-01
3.537560410560000150e+02 9.999972604110000107e-01
3.538213734120000140e+02 1.000000000000000000e+00
3.538867057670000236e+02 1.000000000000000000e+00
3.539520381230000226e+02 1.000000000000000000e+00
3.540173704790000215e+02 1.000000000000000000e+00
3.540827028350000205e+02 1.000000000000000000e+00
3.541480351910000195e+02 1.000000000000000000e+00
3.542133675460000291e+02 1.000000000000000000e+00
3.542786999020000280e+02 1.000000000000000000e+00
3.543440322580000270e+02 1.000000000000000000e+00
3.544093646140000260e+02 1.000000000000000000e+00
3.544746969700000250e+02 1.000000000000000000e+00
3.545400293260000240e+02 1.000000000000000000e+00
3.546053616810000335e+02 1.000000000000000000e+00
3.546706940370000325e+02 1.000000000000000000e+00
3.547360263930000315e+02 1.000000000000000000e+00
3.548013587490000305e+02 1.000000000000000000e+00
3.548666911050000294e+02 1.000000000000000000e+00
3.549320234599999822e+02 1.000000000000000000e+00
3.549973558159999811e+02 1.000000000000000000e+00
3.550626881719999801e+02 1.000000000000000000e+00
3.551280205279999791e+02 1.000000000000000000e+00
3.551933528839999781e+02 1.000000000000000000e+00
3.552586852389999876e+02 1.000000000000000000e+00
3.553240175949999866e+02 1.000000000000000000e+00
3.553893499509999856e+02 1.000000000000000000e+00
3.554546823069999846e+02 1.000000000000000000e+00
3.555200146629999836e+02 1.000000000000000000e+00
3.555853470189999825e+02 1.000000000000000000e+00
3.556506793739999921e+02 1.000000000000000000e+00
3.557160117299999911e+02 1.000000000000000000e+00
3.557813440859999901e+02 1.000000000000000000e+00
3.558466764419999890e+02 1.000000000000000000e+00
3.559120087979999880e+02 1.000000000000000000e+00
3.559773411529999976e+02 1.000000000000000000e+00
3.560426735089999966e+02 1.000000000000000000e+00
3.561080058649999955e+02 1.000000000000000000e+00
3.561733382209999945e+02 1.000000000000000000e+00
3.562386705769999935e+02 1.000000000000000000e+00
3.563040029329999925e+02 1.000000000000000000e+00
3.563693352880000020e+02 1.000000000000000000e+00
3.564346676440000010e+02 1.000000000000000000e+00
3.565000000000000000e+02 1.000000000000000000e+00
