# Wavelength (Nm)      Variance
2.884719999999999800e+02 1.786003600000000135e-01
2.885018416419999880e+02 1.741319347570000065e-01
2.885316832839999961e+02 1.700323920700000102e-01
2.885615249269999936e+02 1.686352634249999871e-01
2.885913665690000016e+02 1.682376447389999918e-01
2.886212082110000097e+02 1.669966523749999987e-01
2.886510498530000177e+02 1.628698044809999967e-01
2.886808914960000152e+02 1.595632772789999931e-01
2.887107331379999664e+02 1.570211583109999975e-01
2.887405747799999745e+02 1.585461708270000103e-01
2.887704164220000393e+02 1.612998903229999892e-01
2.888002580649999800e+02 1.656437467100000116e-01
2.888300997069999880e+02 1.696217693019999861e-01
2.888599413489999961e+02 1.716681273669999896e-01
2.888897829910000041e+02 1.720109029090000075e-01
2.889196246330000122e+02 1.726111100880000082e-01
2.889494662760000097e+02 1.734833799999999926e-01
2.889793079180000177e+02 1.733682119059999915e-01
2.890091495600000258e+02 1.735495633309999952e-01
2.890389912019999770e+02 1.726748865690000134e-01
2.890688328449999744e+02 1.707265383580000018e-01
2.890986744870000393e+02 1.684643022400000023e-01
2.891285161289999905e+02 1.676116632259999906e-01
2.891583577709999986e+02 1.694063339590000106e-01
2.891881994130000066e+02 1.698473891960000093e-01
2.892180410560000041e+02 1.685742528449999944e-01
2.892478826980000122e+02 1.650512632610000030e-01
2.892777243399999634e+02 1.610751648329999952e-01
2.893075659820000283e+02 1.576665071439999899e-01
2.893374076250000257e+02 1.543715831320000009e-01
2.893672492669999770e+02 1.537179804109999881e-01
2.893970909089999850e+02 1.540180949090000084e-01
2.894269325509999931e+02 1.538512878359999947e-01
2.894567741939999905e+02 1.528577296770000093e-01
2.894866158359999986e+02 1.522144762110000105e-01
2.895164574780000066e+02 1.518549787679999985e-01
2.895462991200000147e+02 1.522544609270000127e-01
2.895761407620000227e+02 1.520090986629999974e-01
2.896059824049999634e+02 1.529497805749999995e-01
2.896358240470000283e+02 1.546196778299999963e-01
2.896656656889999795e+02 1.562490593549999973e-01
2.896955073309999875e+02 1.581268481289999916e-01
2.897253489739999850e+02 1.617887368450000030e-01
2.897551906159999930e+02 1.669202617009999945e-01
2.897850322580000011e+02 1.708344318710000032e-01
2.898148739000000091e+02 1.722382842229999989e-01
2.898447155430000066e+02 1.725273770790000105e-01
2.898745571850000147e+02 1.724077510149999992e-01
2.899043988270000227e+02 1.738095287270000067e-01
2.899342404689999739e+02 1.751641330790000006e-01
2.899640821110000388e+02 1.769231809969999958e-01
2.899939237539999795e+02 1.780242821699999922e-01
2.900237653959999875e+02 1.796646521290000131e-01
2.900536070379999956e+02 1.809197820410000102e-01
2.900834486800000036e+02 1.821193050319999951e-01
2.901132903230000011e+02 1.802148199999999978e-01
2.901431319650000091e+02 1.770272933020000106e-01
2.901729736070000172e+02 1.748073755660000117e-01
2.902028152490000252e+02 1.743906278709999869e-01
2.902326568909999764e+02 1.743635710850000020e-01
2.902624985339999739e+02 1.732563563639999971e-01
2.902923401760000388e+02 1.723329438239999956e-01
2.903221818179999900e+02 1.716546014549999999e-01
2.903520234599999981e+02 1.709344175370000052e-01
2.903818651029999955e+02 1.702119933610000135e-01
2.904117067450000036e+02 1.694739656890000001e-01
2.904415483870000116e+02 1.715119335480000118e-01
2.904713900289999629e+02 1.732750057709999958e-01
2.905012316720000172e+02 1.739189028860000097e-01
2.905310733140000252e+02 1.736481732550000101e-01
2.905609149559999764e+02 1.713726332549999898e-01
2.905907565979999845e+02 1.694637198239999920e-01
2.906205982399999925e+02 1.697113634490000078e-01
2.906504398829999900e+02 1.700702752140000051e-01
2.906802815249999981e+02 1.696134171379999889e-01
2.907101231670000061e+02 1.671244770089999887e-01
2.907399648090000142e+02 1.648186061939999891e-01
2.907698064520000116e+02 1.643971205160000004e-01
2.907996480939999628e+02 1.639711562110000020e-01
2.908294897360000277e+02 1.648274349680000084e-01
2.908593313779999789e+02 1.656695704399999969e-01
2.908891730209999764e+02 1.655511115889999885e-01
2.909190146629999845e+02 1.644635933489999868e-01
2.909488563049999925e+02 1.613105881880000092e-01
2.909786979470000006e+02 1.584874553429999888e-01
2.910085395890000086e+02 1.560539569499999890e-01
2.910383812320000061e+02 1.549952663929999863e-01
2.910682228740000141e+02 1.569263831319999969e-01
2.910980645160000222e+02 1.584272121289999891e-01
2.911279061579999734e+02 1.598244105340000110e-01
2.911577478010000277e+02 1.613419130790000044e-01
2.911875894429999789e+02 1.621363661109999910e-01
2.912174310849999870e+02 1.637485164689999884e-01
2.912472727269999950e+02 1.643387101819999974e-01
2.912771143699999925e+02 1.625665371960000050e-01
2.913069560120000006e+02 1.615121730209999884e-01
2.913367976540000086e+02 1.622307853839999869e-01
2.913666392960000167e+02 1.637800371729999926e-01
2.913964809380000247e+02 1.640147848329999991e-01
2.914263225810000222e+02 1.640833509680000024e-01
2.914561642229999734e+02 1.652802571850000013e-01
2.914860058650000383e+02 1.671454851139999864e-01
2.915158475069999895e+02 1.709144572319999944e-01
2.915456891499999870e+02 1.749893782289999866e-01
2.915755307919999950e+02 1.764448844929999982e-01
2.916053724340000031e+02 1.759861168330000003e-01
2.916352140760000111e+02 1.744159710150000042e-01
2.916650557179999623e+02 1.731632650440000087e-01
2.916948973610000166e+02 1.726552866980000100e-01
2.917247390030000247e+02 1.718813808680000055e-01
2.917545806449999759e+02 1.718504025810000113e-01
2.917844222869999840e+02 1.734629936540000028e-01
2.918142639300000383e+02 1.752056979349999877e-01
2.918441055719999895e+02 1.747729294900000063e-01
2.918739472139999975e+02 1.746255980649999984e-01
2.919037888560000056e+02 1.746193119649999959e-01
2.919336304990000031e+02 1.738708195189999917e-01
2.919634721410000111e+02 1.733231805980000040e-01
2.919933137829999623e+02 1.726729837540000034e-01
2.920231554250000272e+02 1.701781181939999998e-01
2.920529970669999784e+02 1.660006486800000014e-01
2.920828387099999759e+02 1.636224469679999904e-01
2.921126803519999839e+02 1.640120630499999899e-01
2.921425219939999920e+02 1.663102872020000011e-01
2.921723636360000000e+02 1.682751650909999896e-01
2.922022052789999975e+02 1.701287694430000108e-01
2.922320469210000056e+02 1.711743646099999905e-01
2.922618885630000136e+02 1.714860488209999922e-01
2.922917302050000217e+02 1.704212992609999977e-01
2.923215718479999623e+02 1.684235862990000054e-01
2.923514134900000272e+02 1.672641893840000060e-01
2.923812551319999784e+02 1.677013355310000009e-01
2.924110967739999865e+02 1.689761599999999864e-01
2.924409384159999945e+02 1.721379812790000130e-01
2.924707800589999920e+02 1.757778055600000000e-01
2.925006217010000000e+02 1.781528456300000007e-01
2.925304633430000081e+02 1.806534901940000104e-01
2.925603049850000161e+02 1.845323813020000037e-01
2.925901466280000136e+02 1.866825659939999882e-01
2.926199882700000217e+02 1.881146670970000045e-01
2.926498299119999729e+02 1.891259792960000019e-01
2.926796715540000378e+02 1.879269785219999933e-01
2.927095131959999890e+02 1.856606342169999924e-01
2.927393548389999864e+02 1.836930189679999992e-01
2.927691964809999945e+02 1.824377537009999883e-01
2.927990381230000025e+02 1.827951548389999958e-01
2.928288797650000106e+02 1.845050769970000004e-01
2.928587214080000081e+02 1.847755607509999898e-01
2.928885630500000161e+02 1.834762845980000001e-01
2.929184046920000242e+02 1.824691694310000001e-01
2.929482463339999754e+02 1.789671357769999915e-01
2.929780879769999729e+02 1.752816756130000098e-01
2.930079296190000377e+02 1.728888786040000125e-01
2.930377712609999890e+02 1.706146039180000129e-01
2.930676129029999970e+02 1.683173148390000040e-01
2.930974545450000051e+02 1.663164018180000037e-01
2.931272961880000025e+02 1.634846770560000051e-01
2.931571378300000106e+02 1.613227556830000020e-01
2.931869794719999618e+02 1.617937594490000131e-01
2.932168211140000267e+02 1.623519095840000037e-01
2.932466627570000242e+02 1.619735289149999979e-01
2.932765043989999754e+02 1.610403534310000107e-01
2.933063460409999834e+02 1.586530048329999887e-01
2.933361876829999915e+02 1.565459286920000137e-01
2.933660293259999889e+02 1.559386452319999894e-01
2.933958709679999970e+02 1.562309948389999925e-01
2.934257126100000050e+02 1.568403745920000092e-01
2.934555542520000131e+02 1.578670307210000012e-01
2.934853958940000211e+02 1.592574835779999864e-01
2.935152375369999618e+02 1.596376098060000026e-01
2.935450791790000267e+02 1.581057109679999961e-01
2.935749208209999779e+02 1.575046756129999947e-01
2.936047624629999859e+02 1.575108765159999868e-01
2.936346041059999834e+02 1.577369438940000035e-01
2.936644457479999915e+02 1.581536996600000078e-01
2.936942873899999995e+02 1.584142541939999871e-01
2.937241290320000076e+02 1.582179920000000017e-01
2.937539706740000156e+02 1.585149509559999892e-01
2.937838123170000131e+02 1.582365369379999942e-01
2.938136539590000211e+02 1.599457762700000063e-01
2.938434956009999723e+02 1.623192764220000028e-01
2.938733372430000372e+02 1.654589364219999914e-01
2.939031788859999779e+02 1.659703767980000022e-01
2.939330205279999859e+02 1.643003709209999996e-01
2.939628621699999940e+02 1.631602694429999945e-01
2.939927038120000020e+02 1.612519608799999893e-01
2.940225454549999995e+02 1.602972210910000028e-01
2.940523870970000075e+02 1.616745338059999981e-01
2.940822287390000156e+02 1.626874383230000054e-01
2.941120703810000236e+02 1.635262646099999995e-01
2.941419120229999749e+02 1.640883278589999883e-01
2.941717536659999723e+02 1.638666742400000098e-01
2.942015953080000372e+02 1.647004117070000051e-01
2.942314369499999884e+02 1.673498558360000110e-01
2.942612785919999965e+02 1.705203147450000123e-01
2.942911202349999940e+02 1.733402459820000130e-01
2.943209618770000020e+02 1.740140907330000042e-01
2.943508035190000101e+02 1.719183925399999924e-01
2.943806451609999613e+02 1.676669765159999881e-01
2.944104868040000156e+02 1.653843794250000054e-01
2.944403284460000236e+02 1.635938292670000016e-01
2.944701700879999748e+02 1.622246944749999864e-01
2.945000117299999829e+02 1.614149695369999915e-01
2.945298533719999909e+02 1.614024585340000095e-01
2.945596950149999884e+02 1.605851112020000027e-01
2.945895366569999965e+02 1.609176401169999937e-01
2.946193782990000045e+02 1.613531837770000033e-01
2.946492199410000126e+02 1.616422077299999871e-01
2.946790615840000100e+02 1.623874215720000069e-01
2.947089032259999613e+02 1.625692010320000103e-01
2.947387448680000261e+02 1.617164998239999929e-01
2.947685865099999774e+02 1.608701053140000059e-01
2.947984281519999854e+02 1.586440801879999973e-01
2.948282697949999829e+02 1.567280915429999921e-01
2.948581114369999909e+02 1.571882672959999949e-01
2.948879530789999990e+02 1.595108950149999871e-01
2.949177947210000070e+02 1.616962308500000112e-01
2.949476363640000045e+02 1.642876181819999948e-01
2.949774780060000126e+02 1.666641462289999986e-01
2.950073196480000206e+02 1.692384624989999864e-01
2.950371612899999718e+02 1.719615096769999962e-01
2.950670029330000261e+02 1.727270302639999922e-01
2.950968445749999773e+02 1.718711652319999950e-01
2.951266862169999854e+02 1.714960892669999959e-01
2.951565278589999934e+02 1.704253526220000092e-01
2.951863695010000015e+02 1.678804599410000098e-01
2.952162111439999990e+02 1.661117426740000014e-01
2.952460527860000070e+02 1.652066017009999888e-01
2.952758944280000151e+02 1.663264772549999937e-01
2.953057360700000231e+02 1.691924779710000104e-01
2.953355777130000206e+02 1.715474697359999912e-01
2.953654193549999718e+02 1.728395298060000085e-01
2.953952609970000367e+02 1.734365449149999905e-01
2.954251026389999879e+02 1.742881144869999899e-01
2.954549442819999854e+02 1.756758500180000127e-01
2.954847859239999934e+02 1.764070127859999892e-01
2.955146275660000015e+02 1.762985673899999939e-01
2.955444692080000095e+02 1.764825940530000137e-01
2.955743108499999607e+02 1.768709189790000080e-01
2.956041524930000151e+02 1.767402568210000025e-01
2.956339941350000231e+02 1.762536476250000095e-01
2.956638357769999743e+02 1.772679806449999895e-01
2.956936774189999824e+02 1.793889861940000108e-01
2.957235190620000367e+02 1.817390135130000084e-01
2.957533607039999879e+02 1.829878873430000052e-01
2.957832023459999959e+02 1.833678213490000097e-01
2.958130439880000040e+02 1.842053807619999928e-01
2.958428856300000120e+02 1.842118604930000070e-01
2.958727272730000095e+02 1.838381894549999951e-01
2.959025689149999607e+02 1.832251911320000037e-01
2.959324105570000256e+02 1.825670713779999899e-01
2.959622521990000337e+02 1.821185528210000071e-01
2.959920938419999743e+02 1.822302240700000020e-01
2.960219354839999824e+02 1.810644378060000115e-01
2.960517771259999904e+02 1.800928208560000077e-01
2.960816187679999985e+02 1.801811365400000087e-01
2.961114604109999959e+02 1.814369836480000109e-01
2.961413020530000040e+02 1.819914229090000002e-01
2.961711436950000120e+02 1.802149397889999949e-01
2.962009853370000201e+02 1.765494999299999923e-01
2.962308269789999713e+02 1.731647197650000025e-01
2.962606686220000256e+02 1.708527548859999912e-01
2.962905102640000337e+02 1.682646789209999993e-01
2.963203519059999849e+02 1.674841875660000035e-01
2.963501935479999929e+02 1.661993965159999920e-01
2.963800351909999904e+02 1.650053704399999932e-01
2.964098768329999984e+02 1.661597692550000060e-01
2.964397184750000065e+02 1.678064856890000012e-01
2.964695601170000145e+02 1.698131308270000028e-01
2.964994017600000120e+02 1.702589181580000111e-01
2.965292434020000201e+02 1.709772426979999926e-01
2.965590850439999713e+02 1.704105045510000138e-01
2.965889266860000362e+02 1.709630836480000027e-01
2.966187683279999874e+02 1.714472224520000032e-01
2.966486099709999849e+02 1.727415047739999931e-01
2.966784516129999929e+02 1.747063741940000081e-01
2.967082932550000010e+02 1.762572209740000118e-01
2.967381348970000090e+02 1.759527813139999952e-01
2.967679765400000065e+02 1.754799863810000138e-01
2.967978181820000145e+02 1.746549327270000007e-01
2.968276598240000226e+02 1.733542171849999924e-01
2.968575014659999738e+02 1.742402839649999924e-01
2.968873431089999713e+02 1.741934243050000108e-01
2.969171847510000362e+02 1.725581272489999929e-01
2.969470263929999874e+02 1.707272050789999940e-01
2.969768680349999954e+02 1.693532929029999967e-01
2.970067096770000035e+02 1.695482529029999907e-01
2.970365513200000009e+02 1.708780853259999899e-01
2.970663929620000090e+02 1.711269091379999940e-01
2.970962346039999602e+02 1.705465550730000113e-01
2.971260762460000251e+02 1.706247696189999996e-01
2.971559178890000226e+02 1.700292573490000125e-01
2.971857595309999738e+02 1.706931048679999896e-01
2.972156011729999818e+02 1.719219698999999990e-01
2.972454428149999899e+02 1.744195207979999940e-01
2.972752844569999979e+02 1.773388075070000125e-01
2.973051260999999954e+02 1.784739315430000084e-01
2.973349677420000035e+02 1.788397521289999959e-01
2.973648093840000115e+02 1.805700208909999938e-01
2.973946510260000196e+02 1.837536643169999928e-01
2.974244926689999602e+02 1.848651235190000020e-01
2.974543343110000251e+02 1.845306095250000000e-01
2.974841759530000331e+02 1.838604137709999864e-01
2.975140175949999843e+02 1.838356076250000082e-01
2.975438592379999818e+02 1.845557609379999964e-01
2.975737008799999899e+02 1.856454769499999991e-01
2.976035425219999979e+02 1.843288290439999977e-01
2.976333841640000060e+02 1.813084697129999923e-01
2.976632258060000140e+02 1.785996407740000069e-01
2.976930674490000115e+02 1.758844036359999974e-01
2.977229090910000195e+02 1.749541309089999996e-01
2.977527507329999708e+02 1.733146655480000131e-01
2.977825923750000356e+02 1.723772999060000088e-01
2.978124340180000331e+02 1.723058078120000003e-01
2.978422756599999843e+02 1.714722163400000110e-01
2.978721173019999924e+02 1.696565344279999943e-01
2.979019589440000004e+02 1.676564686800000037e-01
2.979318005869999979e+02 1.684932146510000062e-01
2.979616422290000060e+02 1.692031858999999971e-01
2.979914838710000140e+02 1.703620809030000072e-01
2.980213255130000221e+02 1.701593942519999958e-01
2.980511671549999733e+02 1.681579051729999996e-01
2.980810087979999707e+02 1.659136916479999890e-01
2.981108504400000356e+02 1.650084549330000094e-01
2.981406920819999868e+02 1.648030583460000087e-01
2.981705337239999949e+02 1.644347621699999984e-01
2.982003753669999924e+02 1.665186080820000025e-01
2.982302170090000004e+02 1.685159742050000020e-01
2.982600586510000085e+02 1.700602187680000099e-01
2.982899002929999597e+02 1.718411047510000067e-01
2.983197419350000246e+02 1.749862103229999910e-01
2.983495835780000220e+02 1.779382583459999945e-01
2.983794252199999733e+02 1.792383234490000088e-01
2.984092668619999813e+02 1.793102325750000059e-01
2.984391085039999894e+02 1.786214083750000126e-01
2.984689501469999868e+02 1.765587263929999928e-01
2.984987917889999949e+02 1.738163039650000019e-01
2.985286334310000029e+02 1.718879665220000019e-01
2.985584750730000110e+02 1.722414603280000012e-01
2.985883167160000085e+02 1.735401544630000015e-01
2.986181583579999597e+02 1.747084066859999896e-01
2.986480000000000246e+02 1.762802800000000114e-01
2.986778416420000326e+02 1.777662536769999968e-01
2.987076832839999838e+02 1.754660490319999988e-01
2.987375249269999813e+02 1.730683993309999891e-01
2.987673665689999893e+02 1.707126745449999983e-01
2.987972082109999974e+02 1.677578499590000050e-01
2.988270498530000054e+02 1.634639189210000121e-01
2.988568914960000029e+02 1.600577693490000120e-01
2.988867331380000110e+02 1.581457194249999976e-01
2.989165747800000190e+02 1.568763485630000065e-01
2.989464164219999702e+02 1.574244708499999978e-01
2.989762580650000245e+02 1.601611379350000031e-01
2.990060997070000326e+02 1.630976440699999919e-01
2.990359413489999838e+02 1.651194419349999998e-01
2.990657829909999919e+02 1.657694567740000124e-01
2.990956246329999999e+02 1.667455779239999936e-01
2.991254662759999974e+02 1.692509702399999927e-01
2.991553079180000054e+02 1.709914758709999982e-01
2.991851495600000135e+02 1.731791335950000066e-01
2.992149912020000215e+02 1.757996745450000065e-01
2.992448328450000190e+02 1.781550417599999936e-01
2.992746744869999702e+02 1.807954412320000037e-01
2.993045161290000351e+02 1.840239935480000033e-01
2.993343577709999863e+02 1.879622645629999977e-01
2.993641994129999944e+02 1.914239787099999979e-01
2.993940410559999918e+02 1.938729512260000121e-01
2.994238826979999999e+02 1.950049734189999995e-01
2.994537243400000079e+02 1.943497939240000083e-01
2.994835659819999591e+02 1.942902842349999992e-01
2.995134076250000135e+02 1.940862364810000129e-01
2.995432492670000215e+02 1.936825701000000066e-01
2.995730909089999727e+02 1.940210218179999890e-01
2.996029325509999808e+02 1.937409577239999903e-01
2.996327741940000351e+02 1.930558460650000085e-01
2.996626158359999863e+02 1.935598601759999926e-01
2.996924574779999944e+02 1.950218342049999942e-01
2.997222991200000024e+02 1.956075641989999947e-01
2.997521407620000105e+02 1.956749783739999970e-01
2.997819824050000079e+02 1.920215933140000109e-01
2.998118240469999591e+02 1.905943908269999987e-01
2.998416656890000240e+02 1.889196950619999871e-01
2.998715073310000321e+02 1.869412629330000075e-01
2.999013489739999727e+02 1.862275102990000042e-01
2.999311906159999808e+02 1.875730907569999883e-01
2.999610322579999888e+02 1.886486068390000048e-01
2.999908738999999969e+02 1.888147223699999933e-01
3.000207155429999943e+02 1.894583943339999965e-01
3.000505571850000024e+02 1.902606921760000014e-01
3.000803988270000104e+02 1.897971218889999978e-01
3.001102404690000185e+02 1.876262479999999955e-01
3.001400821109999697e+02 1.861934567859999945e-01
3.001699237540000240e+02 1.851441428739999950e-01
3.001997653960000321e+02 1.836212102989999984e-01
3.002296070379999833e+02 1.828622884339999866e-01
3.002594486799999913e+02 1.842065137289999877e-01
3.002892903229999888e+02 1.821918322580000082e-01
3.003191319649999969e+02 1.789254300760000083e-01
3.003489736070000049e+02 1.762568042819999958e-01
3.003788152490000130e+02 1.743687471089999941e-01
3.004086568910000210e+02 1.728921958830000050e-01
3.004384985340000185e+02 1.705652410319999923e-01
3.004683401759999697e+02 1.667984468860000125e-01
3.004981818180000346e+02 1.647581218180000084e-01
3.005280234599999858e+02 1.622354290789999876e-01
3.005578651029999833e+02 1.600260241060000033e-01
3.005877067449999913e+02 1.593814758940000076e-01
3.006175483869999994e+02 1.592914922579999892e-01
3.006473900290000074e+02 1.590270746040000072e-01
3.006772316720000049e+02 1.576991729149999910e-01
3.007070733140000129e+02 1.577552015129999874e-01
3.007369149560000210e+02 1.580289739469999954e-01
3.007667565979999722e+02 1.581710391320000075e-01
3.007965982399999803e+02 1.592892991200000052e-01
3.008264398830000346e+02 1.606527225690000116e-01
3.008562815249999858e+02 1.608410309680000094e-01
3.008861231669999938e+02 1.596573076599999974e-01
3.009159648090000019e+02 1.577115265919999954e-01
3.009458064519999994e+02 1.578160516129999968e-01
3.009756480940000074e+02 1.590685464990000131e-01
3.010054897359999586e+02 1.586544930790000085e-01
3.010353313780000235e+02 1.573010790849999896e-01
3.010651730210000210e+02 1.566503544989999996e-01
3.010950146629999722e+02 1.580926328449999974e-01
3.011248563049999802e+02 1.606694137709999970e-01
3.011546979470000451e+02 1.617011828269999951e-01
3.011845395889999963e+02 1.629548826739999901e-01
3.012143812319999938e+02 1.631437908499999978e-01
3.012442228740000019e+02 1.618290089149999889e-01
3.012740645160000099e+02 1.622772763870000134e-01
3.013039061580000180e+02 1.632244367740000035e-01
3.013337478009999586e+02 1.640691418059999906e-01
3.013635894430000235e+02 1.654048251380000056e-01
3.013934310850000315e+02 1.682994015250000031e-01
3.014232727269999828e+02 1.715874756359999920e-01
3.014531143699999802e+02 1.747363544630000098e-01
3.014829560120000451e+02 1.765679066860000035e-01
3.015127976539999963e+02 1.790031744989999951e-01
3.015426392960000044e+02 1.824323275660000021e-01
3.015724809380000124e+02 1.858259423580000125e-01
3.016023225810000099e+02 1.873245274839999974e-01
3.016321642230000180e+02 1.874256828970000122e-01
3.016620058649999692e+02 1.877119955540000051e-01
3.016918475070000341e+02 1.872915278589999954e-01
3.017216891500000315e+02 1.877736724690000081e-01
3.017515307919999827e+02 1.887639840820000137e-01
3.017813724339999908e+02 1.884426070030000011e-01
3.018112140759999988e+02 1.879431258769999891e-01
3.018410557180000069e+02 1.894977467450000008e-01
3.018708973610000044e+02 1.914173030030000000e-01
3.019007390030000124e+02 1.912282926330000077e-01
3.019305806450000205e+02 1.908548593549999894e-01
3.019604222869999717e+02 1.904797928209999991e-01
3.019902639299999692e+02 1.911068466280000100e-01
3.020201055720000340e+02 1.908841581940000087e-01
3.020499472139999853e+02 1.894264585340000029e-01
3.020797888559999933e+02 1.872838003639999971e-01
3.021096304989999908e+02 1.845100423699999881e-01
3.021394721409999988e+02 1.829573588270000106e-01
3.021693137830000069e+02 1.827110658889999906e-01
3.021991554249999581e+02 1.830490973370000052e-01
3.022289970670000230e+02 1.826289137600000112e-01
3.022588387100000205e+02 1.828625143229999916e-01
3.022886803519999717e+02 1.833404907919999882e-01
3.023185219939999797e+02 1.839259798360000087e-01
3.023483636360000446e+02 1.836713963640000113e-01
3.023782052789999852e+02 1.827019690670000085e-01
3.024080469209999933e+02 1.838849268390000125e-01
3.024378885630000013e+02 1.830123530209999960e-01
3.024677302050000094e+02 1.804810695010000132e-01
3.024975718480000069e+02 1.792034897829999918e-01
3.025274134899999581e+02 1.787817080119999957e-01
3.025572551320000230e+02 1.800141289849999937e-01
3.025870967740000310e+02 1.805232896769999873e-01
3.026169384159999822e+02 1.820281782289999983e-01
3.026467800589999797e+02 1.825564813610000003e-01
3.026766217010000446e+02 1.817726447159999925e-01
3.027064633429999958e+02 1.803053629209999953e-01
3.027363049850000039e+02 1.800768696189999907e-01
3.027661466280000013e+02 1.806221214189999980e-01
3.027959882700000094e+02 1.815817084690000138e-01
3.028258299120000174e+02 1.824093672140000011e-01
3.028556715539999686e+02 1.835067500060000023e-01
3.028855131960000335e+02 1.842367619349999930e-01
3.029153548390000310e+02 1.845754916129999923e-01
3.029451964809999822e+02 1.856785685039999967e-01
3.029750381229999903e+02 1.856568689739999944e-01
3.030048797649999983e+02 1.841575531849999892e-01
3.030347214079999958e+02 1.835066943110000015e-01
3.030645630500000038e+02 1.817917400590000065e-01
3.030944046920000119e+02 1.820511116599999868e-01
3.031242463340000199e+02 1.836119085160000108e-01
3.031540879770000174e+02 1.858361074490000042e-01
3.031839296189999686e+02 1.876537165980000088e-01
3.032137712610000335e+02 1.892157967860000067e-01
3.032436129029999847e+02 1.889231114840000114e-01
3.032734545449999928e+02 1.879062578179999943e-01
3.033032961879999903e+02 1.853731646329999927e-01
3.033331378299999983e+02 1.827575161290000139e-01
3.033629794720000064e+02 1.810309439879999871e-01
3.033928211139999576e+02 1.792513844810000034e-01
3.034226627570000119e+02 1.781301039879999992e-01
3.034525043990000199e+02 1.779373389439999897e-01
3.034823460409999711e+02 1.798269699120000065e-01
3.035121876829999792e+02 1.822936207039999867e-01
3.035420293260000335e+02 1.840354097240000097e-01
3.035718709679999847e+02 1.858154833550000051e-01
3.036017126099999928e+02 1.858497267800000019e-01
3.036315542520000008e+02 1.840401387679999889e-01
3.036613958940000089e+02 1.821436720350000094e-01
3.036912375370000063e+02 1.799316411609999944e-01
3.037210791789999575e+02 1.780715451379999981e-01
3.037509208210000224e+02 1.771448317650000104e-01
3.037807624630000305e+02 1.780683212899999979e-01
3.038106041059999711e+02 1.801355685630000036e-01
3.038404457479999792e+02 1.818711054080000000e-01
3.038702873900000441e+02 1.827792764929999925e-01
3.039001290319999953e+02 1.837001409029999921e-01
3.039299706740000033e+02 1.830253271550000005e-01
3.039598123170000008e+02 1.827846620290000113e-01
3.039896539590000089e+02 1.828180825809999910e-01
3.040194956010000169e+02 1.841366594599999906e-01
3.040493372429999681e+02 1.845504379819999929e-01
3.040791788860000224e+02 1.843271088560000104e-01
3.041090205280000305e+02 1.844492490440000076e-01
3.041388621699999817e+02 1.848226095949999925e-01
3.041687038119999897e+02 1.853711085629999866e-01
3.041985454550000441e+02 1.864924429089999947e-01
3.042283870969999953e+02 1.884385193550000004e-01
3.042582287390000033e+02 1.905628270380000100e-01
3.042880703810000114e+02 1.915483379240000006e-01
3.043179120230000194e+02 1.921323845510000128e-01
3.043477536660000169e+02 1.935187737949999875e-01
3.043775953079999681e+02 1.949066770669999893e-01
3.044074369500000330e+02 1.964485027329999911e-01
3.044372785919999842e+02 1.978283899349999875e-01
3.044671202349999817e+02 1.997326097240000042e-01
3.044969618769999897e+02 2.000055699000000131e-01
3.045268035189999978e+02 1.996256609379999936e-01
3.045566451610000058e+02 2.013285063230000060e-01
3.045864868040000033e+02 2.023169635660000132e-01
3.046163284460000114e+02 2.024825067799999878e-01
3.046461700880000194e+02 2.025235577950000032e-01
3.046760117299999706e+02 2.026398779470000022e-01
3.047058533719999787e+02 2.021382609269999908e-01
3.047356950150000330e+02 2.007208252319999942e-01
3.047655366569999842e+02 1.995667328799999862e-01
3.047953782989999922e+02 1.989925386389999884e-01
3.048252199410000003e+02 1.987907187100000084e-01
3.048550615839999978e+02 1.984783561169999877e-01
3.048849032260000058e+02 1.985452430970000015e-01
3.049147448679999570e+02 1.974413255720000038e-01
3.049445865100000219e+02 1.946427449029999868e-01
3.049744281520000300e+02 1.908182999999999963e-01
3.050042697949999706e+02 1.881794646219999978e-01
3.050341114369999787e+02 1.848392629789999964e-01
3.050639530790000435e+02 1.812229056190000076e-01
3.050937947209999948e+02 1.806288266509999962e-01
3.051236363639999922e+02 1.810132909090000075e-01
3.051534780060000003e+02 1.804599160940000002e-01
3.051833196480000083e+02 1.792483099349999887e-01
3.052131612900000164e+02 1.800906600000000135e-01
3.052430029329999570e+02 1.800178762459999915e-01
3.052728445750000219e+02 1.797076208800000019e-01
3.053026862170000300e+02 1.798411919650000079e-01
3.053325278589999812e+02 1.791090957539999973e-01
3.053623695009999892e+02 1.774317236359999883e-01
3.053922111440000435e+02 1.744006891029999951e-01
3.054220527859999947e+02 1.738375676829999883e-01
3.054518944280000028e+02 1.750426072490000040e-01
3.054817360700000108e+02 1.746709337600000078e-01
3.055115777130000083e+02 1.741463405279999876e-01
3.055414193550000164e+02 1.740057305809999955e-01
3.055712609969999676e+02 1.735202221699999880e-01
3.056011026390000325e+02 1.717381198360000139e-01
3.056309442820000299e+02 1.693090933020000022e-01
3.056607859239999812e+02 1.686417616889999971e-01
3.056906275659999892e+02 1.685489051259999871e-01
3.057204692079999973e+02 1.674901634600000078e-01
3.057503108500000053e+02 1.682190040590000046e-01
3.057801524930000028e+02 1.691630397770000072e-01
3.058099941350000108e+02 1.701692351090000055e-01
3.058398357770000189e+02 1.713965893490000114e-01
3.058696774189999701e+02 1.736444961289999867e-01
3.058995190619999676e+02 1.759826355309999923e-01
3.059293607040000325e+02 1.759233743339999878e-01
3.059592023459999837e+02 1.777658700649999979e-01
3.059890439879999917e+02 1.813082093960000085e-01
3.060188856299999998e+02 1.840943401759999876e-01
3.060487272729999972e+02 1.856105901819999904e-01
3.060785689150000053e+02 1.863053389680000005e-01
3.061084105569999565e+02 1.859308229330000062e-01
3.061382521990000214e+02 1.866817908969999884e-01
3.061680938420000189e+02 1.877054545450000111e-01
3.061979354839999701e+02 1.899778129030000040e-01
3.062277771259999781e+02 1.908543065340000122e-01
3.062576187680000430e+02 1.900029363050000086e-01
3.062874604109999837e+02 1.879939700649999879e-01
3.063173020529999917e+02 1.861926564220000024e-01
3.063471436949999998e+02 1.845276904160000064e-01
3.063769853370000078e+02 1.826419429210000001e-01
3.064068269790000159e+02 1.823775977360000133e-01
3.064366686219999565e+02 1.834802859240000084e-01
3.064665102640000214e+02 1.835487972429999948e-01
3.064963519060000294e+02 1.831865714489999963e-01
3.065261935479999806e+02 1.830369672259999914e-01
3.065560351909999781e+02 1.851275156599999916e-01
3.065858768330000430e+02 1.874886306980000084e-01
3.066157184749999942e+02 1.901710917889999908e-01
3.066455601170000023e+02 1.914364952260000086e-01
3.066754017599999997e+02 1.910835681409999987e-01
3.067052434020000078e+02 1.903654321409999906e-01
3.067350850440000158e+02 1.919239335719999939e-01
3.067649266859999670e+02 1.944365350149999949e-01
3.067947683280000319e+02 1.970781414660000008e-01
3.068246099710000294e+02 1.994275137950000110e-01
3.068544516129999806e+02 2.007829611610000009e-01
3.068842932549999887e+02 2.029036887510000109e-01
3.069141348969999967e+02 2.031568478009999901e-01
3.069439765399999942e+02 2.033911348859999968e-01
3.069738181820000023e+02 2.025759607269999873e-01
3.070036598240000103e+02 2.005045704160000053e-01
3.070335014660000184e+02 1.985903050910000078e-01
3.070633431090000158e+02 1.961271085040000028e-01
3.070931847509999670e+02 1.929991458299999962e-01
3.071230263930000319e+02 1.904442056660000104e-01
3.071528680349999831e+02 1.889664398239999932e-01
3.071827096769999912e+02 1.877555120000000133e-01
3.072125513199999887e+02 1.862230647510000059e-01
3.072423929619999967e+02 1.840724228389999939e-01
3.072722346040000048e+02 1.822214868389999964e-01
3.073020762459999560e+02 1.789474108040000067e-01
3.073319178890000103e+02 1.751702485280000055e-01
3.073617595310000183e+02 1.727736707330000121e-01
3.073916011729999695e+02 1.696192844459999960e-01
3.074214428149999776e+02 1.683564584159999988e-01
3.074512844570000425e+02 1.677835678010000109e-01
3.074811260999999831e+02 1.685003297600000116e-01
3.075109677419999912e+02 1.695873967740000043e-01
3.075408093839999992e+02 1.708657663929999959e-01
3.075706510260000073e+02 1.727618394600000107e-01
3.076004926690000048e+02 1.747859850559999872e-01
3.076303343109999560e+02 1.766129514489999941e-01
3.076601759530000209e+02 1.786418938999999872e-01
3.076900175950000289e+02 1.799681088679999930e-01
3.077198592379999695e+02 1.805539511550000031e-01
3.077497008799999776e+02 1.807788812899999986e-01
3.077795425220000425e+02 1.798809084690000115e-01
3.078093841639999937e+02 1.794308113199999943e-01
3.078392258060000017e+02 1.788793285159999968e-01
3.078690674489999992e+02 1.791027701819999929e-01
3.078989090910000073e+02 1.807261261820000131e-01
3.079287507330000153e+02 1.817509041879999954e-01
3.079585923749999665e+02 1.829996960699999953e-01
3.079884340180000208e+02 1.835952830850000050e-01
3.080182756600000289e+02 1.842655816540000047e-01
3.080481173019999801e+02 1.846436873199999995e-01
3.080779589439999882e+02 1.850075870729999961e-01
3.081078005870000425e+02 1.852377234600000033e-01
3.081376422289999937e+02 1.824982080349999980e-01
3.081674838710000017e+02 1.786397512260000098e-01
3.081973255130000098e+02 1.783602123639999870e-01
3.082271671550000178e+02 1.793503038239999958e-01
3.082570087980000153e+02 1.808152208209999889e-01
3.082868504399999665e+02 1.823912623929999921e-01
3.083166920820000314e+02 1.835385891609999931e-01
3.083465337239999826e+02 1.847269757180000083e-01
3.083763753669999801e+02 1.855809465100000111e-01
3.084062170089999881e+02 1.868732655129999864e-01
3.084360586509999962e+02 1.874214700999999872e-01
3.084659002930000042e+02 1.871389166219999955e-01
3.084957419349999554e+02 1.870253080000000012e-01
3.085255835780000098e+02 1.860542618999999898e-01
3.085554252200000178e+02 1.851676435780000018e-01
3.085852668619999690e+02 1.852059542170000073e-01
3.086151085039999771e+02 1.858160034599999899e-01
3.086449501470000314e+02 1.871599862290000138e-01
3.086747917889999826e+02 1.864557324339999878e-01
3.087046334309999907e+02 1.839317743699999952e-01
3.087344750729999987e+02 1.829470136190000096e-01
3.087643167159999962e+02 1.834934422760000072e-01
3.087941583580000042e+02 1.851879976539999861e-01
3.088239999999999554e+02 1.876581840000000057e-01
3.088538416420000203e+02 1.889041579469999954e-01
3.088836832840000284e+02 1.891478872260000110e-01
3.089135249269999690e+02 1.876684810089999933e-01
3.089433665689999771e+02 1.867862498179999886e-01
3.089732082110000420e+02 1.856615986980000022e-01
3.090030498529999932e+02 1.846164962459999892e-01
3.090328914959999906e+02 1.830288432380000052e-01
3.090627331379999987e+02 1.807391023459999913e-01
3.090925747800000067e+02 1.792394348269999993e-01
3.091224164220000148e+02 1.786947996949999895e-01
3.091522580649999554e+02 1.804814141939999894e-01
3.091820997070000203e+02 1.834349434130000123e-01
3.092119413490000284e+02 1.859219227449999956e-01
3.092417829909999796e+02 1.846798758240000005e-01
3.092716246329999876e+02 1.815390930670000014e-01
3.093014662760000419e+02 1.804356219940000117e-01
3.093313079179999932e+02 1.804821308969999927e-01
3.093611495600000012e+02 1.795434508150000052e-01
3.093909912020000093e+02 1.790677727389999863e-01
3.094208328450000067e+02 1.798018391910000124e-01
3.094506744870000148e+02 1.800641639879999867e-01
3.094805161289999660e+02 1.815891118709999918e-01
3.095103577710000309e+02 1.825659598240000070e-01
3.095401994129999821e+02 1.842802410909999966e-01
3.095700410559999796e+02 1.850220173719999972e-01
3.095998826979999876e+02 1.852114235189999958e-01
3.096297243399999957e+02 1.855564908969999927e-01
3.096595659820000037e+02 1.871527734550000044e-01
3.096894076250000012e+02 1.879737933370000114e-01
3.097192492670000092e+02 1.876101753670000039e-01
3.097490909090000173e+02 1.888992290909999872e-01
3.097789325509999685e+02 1.906649231199999961e-01
3.098087741939999660e+02 1.895772716130000035e-01
3.098386158360000309e+02 1.875387697129999864e-01
3.098684574779999821e+02 1.868505582170000012e-01
3.098982991199999901e+02 1.872915209969999994e-01
3.099281407619999982e+02 1.884350181699999960e-01
3.099579824049999957e+02 1.886282169850000134e-01
3.099878240470000037e+02 1.873419689270000021e-01
3.100176656889999549e+02 1.878646422639999869e-01
3.100475073310000198e+02 1.874292628739999966e-01
3.100773489740000173e+02 1.876720693610000046e-01
3.101071906159999685e+02 1.876936681989999911e-01
3.101370322579999765e+02 1.872400647739999868e-01
3.101668739000000414e+02 1.863367281290000121e-01
3.101967155429999821e+02 1.857442119059999897e-01
3.102265571849999901e+02 1.846131491849999917e-01
3.102563988269999982e+02 1.836707451850000117e-01
3.102862404690000062e+02 1.828642621229999987e-01
3.103160821110000143e+02 1.832215663929999960e-01
3.103459237539999549e+02 1.862252740760000080e-01
3.103757653960000198e+02 1.884701451380000059e-01
3.104056070380000278e+02 1.876899959770000070e-01
3.104354486799999790e+02 1.853974641170000048e-01
3.104652903229999765e+02 1.841639445159999888e-01
3.104951319650000414e+02 1.828472654549999910e-01
3.105249736069999926e+02 1.824121107330000102e-01
3.105548152490000007e+02 1.830289619240000054e-01
3.105846568910000087e+02 1.824453157769999889e-01
3.106144985340000062e+02 1.816456464990000019e-01
3.106443401760000143e+02 1.820446848089999903e-01
3.106741818179999655e+02 1.826382109090000094e-01
3.107040234600000304e+02 1.836780995070000089e-01
3.107338651030000278e+02 1.842552919769999964e-01
3.107637067449999790e+02 1.838327959880000084e-01
3.107935483869999871e+02 1.831938625810000110e-01
3.108233900289999951e+02 1.817763169030000014e-01
3.108532316719999926e+02 1.798006025570000055e-01
3.108830733140000007e+02 1.773509634129999957e-01
3.109129149560000087e+02 1.768738009739999895e-01
3.109427565980000168e+02 1.772484353079999964e-01
3.109725982399999680e+02 1.789984671909999880e-01
3.110024398829999654e+02 1.808094369150000102e-01
3.110322815250000303e+02 1.812770585340000018e-01
3.110621231669999815e+02 1.809261201169999889e-01
3.110919648089999896e+02 1.816648116129999935e-01
3.111218064519999871e+02 1.810020849029999879e-01
3.111516480939999951e+02 1.791408011030000136e-01
3.111814897360000032e+02 1.771623459470000050e-01
3.112113313780000112e+02 1.768855851139999880e-01
3.112411730210000087e+02 1.787472643399999894e-01
3.112710146630000168e+02 1.809793815009999862e-01
3.113008563049999680e+02 1.834915742869999977e-01
3.113306979469999760e+02 1.842668414549999967e-01
3.113605395890000409e+02 1.851133299939999866e-01
3.113903812319999815e+02 1.880697482110000041e-01
3.114202228739999896e+02 1.887801039879999920e-01
3.114500645159999976e+02 1.884235974189999996e-01
3.114799061580000057e+02 1.879774890320000114e-01
3.115097478010000032e+02 1.873708887980000126e-01
3.115395894430000112e+02 1.867018101469999913e-01
3.115694310850000193e+02 1.866546613370000107e-01
3.115992727270000273e+02 1.859235720000000092e-01
3.116291143699999679e+02 1.859757229560000114e-01
3.116589560119999760e+02 1.870215991910000042e-01
3.116887976540000409e+02 1.884934826390000095e-01
3.117186392959999921e+02 1.890897303459999901e-01
3.117484809380000002e+02 1.892520662989999880e-01
3.117783225809999976e+02 1.890520543230000128e-01
3.118081642230000057e+02 1.878913746629999881e-01
3.118380058650000137e+02 1.887440880350000072e-01
3.118678475069999649e+02 1.882614783809999914e-01
3.118976891500000193e+02 1.869474290910000114e-01
3.119275307920000273e+02 1.872748014429999885e-01
3.119573724339999785e+02 1.877269794720000107e-01
3.119872140759999866e+02 1.884361516720000074e-01
3.120170557179999946e+02 1.892217941229999978e-01
3.120468973609999921e+02 1.912717898530000016e-01
3.120767390030000001e+02 1.920304101699999988e-01
3.121065806450000082e+02 1.927521738059999878e-01
3.121364222870000162e+02 1.933768947800000026e-01
3.121662639300000137e+02 1.926894908150000030e-01
3.121961055719999649e+02 1.917079981940000011e-01
3.122259472140000298e+02 1.910560669090000108e-01
3.122557888559999810e+02 1.902406331610000112e-01
3.122856304989999785e+02 1.900073672139999947e-01
3.123154721409999866e+02 1.903526516600000107e-01
3.123453137829999946e+02 1.894744570319999988e-01
3.123751554250000027e+02 1.882745758940000125e-01
3.124049970670000107e+02 1.881260107920000035e-01
3.124348387100000082e+02 1.874773135480000130e-01
3.124646803520000162e+02 1.873307816420000105e-01
3.124945219939999674e+02 1.879438858420000025e-01
3.125243636359999755e+02 1.889916287270000106e-01
3.125542052790000298e+02 1.885555153429999964e-01
3.125840469209999810e+02 1.882028369500000076e-01
3.126138885629999891e+02 1.877229648800000095e-01
3.126437302049999971e+02 1.871953180289999963e-01
3.126735718479999946e+02 1.876627134549999909e-01
3.127034134900000026e+02 1.890837601760000097e-01
3.127332551320000107e+02 1.905827166569999953e-01
3.127630967740000187e+02 1.920456069679999933e-01
3.127929384160000268e+02 1.943516249739999924e-01
3.128227800589999674e+02 1.963475040119999904e-01
3.128526217009999755e+02 1.982143446799999875e-01
3.128824633430000404e+02 1.995015717889999929e-01
3.129123049849999916e+02 1.991767385100000065e-01
3.129421466279999891e+02 1.996547263579999953e-01
3.129719882699999971e+02 1.994082174779999994e-01
3.130018299120000052e+02 1.986048288330000133e-01
3.130316715540000132e+02 1.984875763639999957e-01
3.130615131959999644e+02 2.002023671910000135e-01
3.130913548390000187e+02 2.028581002579999959e-01
3.131211964810000268e+02 2.058480774900000032e-01
3.131510381229999780e+02 2.089860573960000134e-01
3.131808797649999860e+02 2.102497771849999864e-01
3.132107214080000404e+02 2.089383406920000130e-01
3.132405630499999916e+02 2.073581256539999973e-01
3.132704046919999996e+02 2.054021446219999880e-01
3.133002463340000077e+02 2.041227306739999969e-01
3.133300879770000051e+02 2.049450252199999933e-01
3.133599296190000132e+02 2.065201987680000129e-01
3.133897712609999644e+02 2.091347140410000083e-01
3.134196129030000293e+02 2.115835975479999909e-01
3.134494545449999805e+02 2.124470887269999941e-01
3.134792961879999780e+02 2.110047504399999996e-01
3.135091378299999860e+02 2.104518064160000035e-01
3.135389794719999941e+02 2.093855938530000127e-01
3.135688211140000021e+02 2.078183811500000089e-01
3.135986627569999996e+02 2.064983141579999903e-01
3.136285043990000077e+02 2.057210885040000048e-01
3.136583460410000157e+02 2.043960651260000039e-01
3.136881876829999669e+02 2.032551226980000014e-01
3.137180293259999644e+02 2.034893856889999908e-01
3.137478709680000293e+02 2.029342181940000100e-01
3.137777126099999805e+02 2.019092024049999878e-01
3.138075542519999885e+02 2.002505430619999915e-01
3.138373958939999966e+02 1.985449379589999952e-01
3.138672375369999941e+02 1.952735456190000107e-01
3.138970791790000021e+02 1.916726347209999903e-01
3.139269208210000102e+02 1.888644491500000022e-01
3.139567624630000182e+02 1.890993935370000045e-01
3.139866041060000157e+02 1.907222046450000041e-01
3.140164457479999669e+02 1.905522337130000077e-01
3.140462873899999749e+02 1.902738072959999915e-01
3.140761290320000398e+02 1.902549083869999880e-01
3.141059706739999910e+02 1.902454391789999977e-01
3.141358123169999885e+02 1.887340741580000036e-01
3.141656539589999966e+02 1.871971327510000005e-01
3.141954956010000046e+02 1.863833901470000054e-01
3.142253372430000127e+02 1.865082175949999976e-01
3.142551788860000102e+02 1.877549468149999901e-01
3.142850205280000182e+02 1.887191972900000014e-01
3.143148621700000263e+02 1.888973346280000132e-01
3.143447038119999775e+02 1.889839214779999998e-01
3.143745454549999749e+02 1.895523818179999931e-01
3.144043870970000398e+02 1.898161686450000052e-01
3.144342287389999910e+02 1.899325326690000093e-01
3.144640703809999991e+02 1.892436987799999970e-01
3.144939120230000071e+02 1.879342104869999863e-01
3.145237536660000046e+02 1.861241473899999943e-01
3.145535953080000127e+02 1.838260623230000002e-01
3.145834369499999639e+02 1.817306235539999926e-01
3.146132785920000288e+02 1.807999875190000050e-01
3.146431202350000262e+02 1.821252556719999971e-01
3.146729618769999774e+02 1.827832933140000060e-01
3.147028035189999855e+02 1.814142391670000021e-01
3.147326451609999935e+02 1.806124101940000115e-01
3.147624868039999910e+02 1.809584720819999992e-01
3.147923284459999991e+02 1.813437061940000039e-01
3.148221700880000071e+02 1.812388858060000052e-01
3.148520117300000152e+02 1.819525364340000007e-01
3.148818533719999664e+02 1.832027609740000118e-01
3.149116950149999639e+02 1.839738754370000007e-01
3.149415366570000288e+02 1.844027440229999981e-01
3.149713782989999800e+02 1.845477036950000094e-01
3.150012199409999880e+02 1.840694789089999950e-01
3.150310615839999855e+02 1.845279210090000066e-01
3.150609032259999935e+02 1.860030771610000078e-01
3.150907448680000016e+02 1.874291624630000097e-01
3.151205865100000096e+02 1.881008027570000019e-01
3.151504281520000177e+02 1.881068970670000118e-01
3.151802697950000152e+02 1.898050279179999966e-01
3.152101114369999664e+02 1.925395024519999942e-01
3.152399530789999744e+02 1.926369993429999927e-01
3.152697947210000393e+02 1.905700058060000035e-01
3.152996363639999799e+02 1.887979425450000137e-01
3.153294780059999880e+02 1.868517557890000125e-01
3.153593196479999961e+02 1.856495199650000094e-01
3.153891612900000041e+02 1.859491823230000063e-01
3.154190029330000016e+02 1.869882388859999967e-01
3.154488445750000096e+02 1.873753845280000108e-01
3.154786862170000177e+02 1.884254566920000040e-01
3.155085278590000257e+02 1.907566861580000106e-01
3.155383695009999769e+02 1.924262370669999889e-01
3.155682111439999744e+02 1.928964424630000007e-01
3.155980527860000393e+02 1.921602147679999928e-01
3.156278944279999905e+02 1.904342655950000129e-01
3.156577360699999986e+02 1.891681960469999979e-01
3.156875777129999960e+02 1.876766221700000015e-01
3.157174193550000041e+02 1.860008522580000045e-01
3.157472609970000121e+02 1.864798481989999868e-01
3.157771026389999633e+02 1.875788743930000002e-01
3.158069442820000177e+02 1.889645303109999952e-01
3.158367859240000257e+02 1.882837209969999981e-01
3.158666275659999769e+02 1.834463225809999931e-01
3.158964692079999850e+02 1.754537520090000136e-01
3.159263108499999930e+02 1.668859408900000008e-01
3.159561524929999905e+02 1.578965900740000039e-01
3.159859941349999986e+02 1.487118614150000073e-01
3.160158357770000066e+02 1.395873104220000105e-01
3.160456774190000147e+02 1.306714666969999994e-01
3.160755190620000121e+02 1.223081441899999955e-01
3.161053607039999633e+02 1.147265511479999972e-01
3.161352023460000282e+02 1.070205449759999983e-01
3.161650439879999794e+02 9.873917519060000647e-02
3.161948856299999875e+02 9.046639430029999873e-02
3.162247272729999850e+02 8.163411661819999776e-02
3.162545689149999930e+02 7.250315038709999327e-02
3.162844105570000011e+02 6.336888738889999428e-02
3.163142521990000091e+02 5.453171045750000029e-02
3.163440938420000066e+02 4.733369511550000047e-02
3.163739354840000146e+02 4.322991890320000002e-02
3.164037771260000227e+02 4.107414025100000060e-02
3.164336187679999739e+02 3.954831741820000190e-02
3.164634604110000282e+02 3.808179421700000344e-02
3.164933020529999794e+02 3.655923941110000158e-02
3.165231436949999875e+02 3.499909442819999772e-02
3.165529853369999955e+02 3.342463394370000229e-02
3.165828269790000036e+02 3.185821840229999952e-02
3.166126686220000011e+02 3.031922171849999945e-02
3.166425102640000091e+02 2.882306424749999860e-02
3.166723519060000172e+02 2.738108713670000041e-02
3.167021935480000252e+02 2.600091452900000003e-02
3.167320351910000227e+02 2.468707846689999902e-02
3.167618768329999739e+02 2.344164131379999905e-02
3.167917184750000388e+02 2.226482661579999925e-02
3.168215601169999900e+02 2.115549757540000075e-02
3.168514017599999875e+02 2.011157849379999890e-02
3.168812434019999955e+02 1.913038182170000157e-02
3.169110850440000036e+02 1.820884804690000094e-02
3.169409266860000116e+02 1.734371087040000037e-02
3.169707683279999628e+02 1.653164218770000055e-02
3.170006099710000171e+02 1.576933861700000050e-02
3.170304516130000252e+02 1.505357650319999983e-02
3.170602932549999764e+02 1.438126918360000013e-02
3.170901348969999844e+02 1.374946942049999968e-02
3.171199765400000388e+02 1.315541390850000041e-02
3.171498181819999900e+02 1.259653391999999983e-02
3.171796598239999980e+02 1.190568580700000073e-02
3.172095014660000061e+02 1.091243039689999972e-02
3.172393431090000036e+02 9.964824626829999962e-03
3.172691847510000116e+02 9.060060398090000189e-03
3.172990263929999628e+02 8.195517271989999353e-03
3.173288680350000277e+02 7.368765408060000063e-03
3.173587096769999789e+02 6.577547423310000328e-03
3.173885513199999764e+02 5.819765130049999596e-03
3.174183929619999844e+02 5.093467368169999655e-03
3.174482346039999925e+02 4.396842516560000268e-03
3.174780762460000005e+02 3.728203194570000115e-03
3.175079178889999980e+02 3.085977487819999837e-03
3.175377595310000061e+02 2.468706740610000176e-03
3.175676011730000141e+02 1.875025382950000052e-03
3.175974428150000222e+02 1.303665386940000082e-03
3.176272844569999734e+02 7.534408804330000207e-04
3.176571261000000277e+02 2.232444901689999996e-04
3.176869677419999789e+02 1.302846774190000042e-09
3.177168093839999869e+02 0.000000000000000000e+00
3.177466510259999950e+02 0.000000000000000000e+00
3.177764926689999925e+02 0.000000000000000000e+00
3.178063343110000005e+02 0.000000000000000000e+00
3.178361759530000086e+02 0.000000000000000000e+00
3.178660175950000166e+02 0.000000000000000000e+00
3.178958592380000141e+02 0.000000000000000000e+00
3.179257008800000222e+02 0.000000000000000000e+00
3.179555425219999734e+02 0.000000000000000000e+00
3.179853841640000383e+02 0.000000000000000000e+00
3.180152258059999895e+02 0.000000000000000000e+00
3.180450674489999869e+02 0.000000000000000000e+00
3.180749090909999950e+02 0.000000000000000000e+00
3.181047507330000030e+02 0.000000000000000000e+00
3.181345923750000111e+02 0.000000000000000000e+00
3.181644340180000086e+02 0.000000000000000000e+00
3.181942756600000166e+02 0.000000000000000000e+00
3.182241173020000247e+02 0.000000000000000000e+00
3.182539589439999759e+02 0.000000000000000000e+00
3.182838005869999733e+02 0.000000000000000000e+00
3.183136422290000382e+02 0.000000000000000000e+00
3.183434838709999894e+02 0.000000000000000000e+00
3.183733255129999975e+02 0.000000000000000000e+00
3.184031671550000056e+02 0.000000000000000000e+00
3.184330087980000030e+02 0.000000000000000000e+00
3.184628504400000111e+02 0.000000000000000000e+00
3.184926920819999623e+02 0.000000000000000000e+00
3.185225337240000272e+02 0.000000000000000000e+00
3.185523753670000247e+02 0.000000000000000000e+00
3.185822170089999759e+02 0.000000000000000000e+00
3.186120586509999839e+02 0.000000000000000000e+00
3.186419002929999920e+02 0.000000000000000000e+00
3.186717419350000000e+02 0.000000000000000000e+00
3.187015835779999975e+02 0.000000000000000000e+00
3.187314252200000055e+02 0.000000000000000000e+00
3.187612668620000136e+02 0.000000000000000000e+00
3.187911085040000216e+02 0.000000000000000000e+00
3.188209501469999623e+02 0.000000000000000000e+00
3.188507917890000272e+02 0.000000000000000000e+00
3.188806334309999784e+02 0.000000000000000000e+00
3.189104750729999864e+02 0.000000000000000000e+00
3.189403167159999839e+02 0.000000000000000000e+00
3.189701583579999919e+02 0.000000000000000000e+00
3.190000000000000000e+02 0.000000000000000000e+00
