# Wavelength (Nm)      Variance
2.896650000000000205e+02 1.669978199999999913e-01
2.897303323560000194e+02 1.845194608800000136e-01
2.897956647120000184e+02 1.999876718280000076e-01
2.898609970670000280e+02 2.133939732840000048e-01
2.899263294230000270e+02 2.235959023849999894e-01
2.899916617790000259e+02 2.308646146820000078e-01
2.900569941350000249e+02 2.329553787679999877e-01
2.901223264910000239e+02 2.335427847310000138e-01
2.901876588470000229e+02 2.308561968329999881e-01
2.902529912020000324e+02 2.275061112020000109e-01
2.903183235580000314e+02 2.252975341150000033e-01
2.903836559140000304e+02 2.212415752690000126e-01
2.904489882700000294e+02 2.137275102639999980e-01
2.905143206260000284e+02 2.079582756599999971e-01
2.905796529809999811e+02 2.061750506939999950e-01
2.906449853369999801e+02 1.999104133140000017e-01
2.907103176929999790e+02 1.996686004690000071e-01
2.907756500489999780e+02 1.999937673609999966e-01
2.908409824050000339e+02 1.984586136070000117e-01
2.909063147610000328e+02 2.028687037049999864e-01
2.909716471159999855e+02 2.052532449270000059e-01
2.910369794719999845e+02 2.049780457479999929e-01
2.911023118279999835e+02 2.085549789249999952e-01
2.911676441839999825e+02 2.092327557969999863e-01
2.912329765399999815e+02 2.075553396479999924e-01
2.912983088949999910e+02 2.077792469699999978e-01
2.913636412509999900e+02 2.061091279370000084e-01
2.914289736069999890e+02 2.049495917299999914e-01
2.914943059629999880e+02 2.049501010170000082e-01
2.915596383189999870e+02 2.023597710460000032e-01
2.916249706739999965e+02 2.042433833429999901e-01
2.916903030299999955e+02 2.041247921209999872e-01
2.917556353859999945e+02 2.032645232259999990e-01
2.918209677419999935e+02 1.994400874189999895e-01
2.918863000979999924e+02 2.000050896970000103e-01
2.919516324539999914e+02 2.023070352199999866e-01
2.920169648090000010e+02 2.009419629330000123e-01
2.920822971649999999e+02 1.982053607139999951e-01
2.921476295209999989e+02 1.957325401560000011e-01
2.922129618769999979e+02 1.990389805870000084e-01
2.922782942329999969e+02 2.046416429719999930e-01
2.923436265880000064e+02 2.114470426779999912e-01
2.924089589440000054e+02 2.100917193550000117e-01
2.924742913000000044e+02 2.087015408900000091e-01
2.925396236560000034e+02 2.124127961289999922e-01
2.926049560120000024e+02 2.139918537830000078e-01
2.926702883680000014e+02 2.176201186710000068e-01
2.927356207230000109e+02 2.184140808210000007e-01
2.928009530790000099e+02 2.205065987679999950e-01
2.928662854350000089e+02 2.180363645160000030e-01
2.929316177910000079e+02 2.204494774390000078e-01
2.929969501470000068e+02 2.211264669499999891e-01
2.930622825020000164e+02 2.234830166569999887e-01
2.931276148580000154e+02 2.219337568820000106e-01
2.931929472140000144e+02 2.199486594129999861e-01
2.932582795700000133e+02 2.187506265589999888e-01
2.933236119260000123e+02 2.188624019550000077e-01
2.933889442820000113e+02 2.211639511440000039e-01
2.934542766370000209e+02 2.165079684260000081e-01
2.935196089930000198e+02 2.165174814470000042e-01
2.935849413490000188e+02 2.162837719650000101e-01
2.936502737050000178e+02 2.165460898340000051e-01
2.937156060610000168e+02 2.187392896969999889e-01
2.937809384159999695e+02 2.175648676830000128e-01
2.938462707719999685e+02 2.102305132360000051e-01
2.939116031279999675e+02 2.085073518080000077e-01
2.939769354839999664e+02 2.095700658059999888e-01
2.940422678400000223e+02 2.062868256010000068e-01
2.941076001960000212e+02 2.020962625809999968e-01
2.941729325509999740e+02 2.016333088560000042e-01
2.942382649069999729e+02 2.011701329230000113e-01
2.943035972629999719e+02 2.022303544869999969e-01
2.943689296189999709e+02 2.059438474489999893e-01
2.944342619749999699e+02 2.095552235089999937e-01
2.944995943299999794e+02 2.154104319060000106e-01
2.945649266859999784e+02 2.196103666860000081e-01
2.946302590419999774e+02 2.232562036359999891e-01
2.946955913979999764e+02 2.254059273119999873e-01
2.947609237539999754e+02 2.223850259819999953e-01
2.948262561089999849e+02 2.251062344670000104e-01
2.948915884649999839e+02 2.264039347019999870e-01
2.949569208209999829e+02 2.275716756600000001e-01
2.950222531769999819e+02 2.253396720230000094e-01
2.950875855329999808e+02 2.267132116810000042e-01
2.951529178889999798e+02 2.239956177709999940e-01
2.952182502439999894e+02 2.181787073310000047e-01
2.952835825999999884e+02 2.219305737829999903e-01
2.953489149559999873e+02 2.232646455429999899e-01
2.954142473119999863e+02 2.201341924730000066e-01
2.954795796679999853e+02 2.194016632749999918e-01
2.955449120229999949e+02 2.189228595890000129e-01
2.956102443789999938e+02 2.160709926690000116e-01
2.956755767349999928e+02 2.182377340370000030e-01
2.957409090909999918e+02 2.183949481820000038e-01
2.958062414469999908e+02 2.118247990809999926e-01
2.958715738029999898e+02 2.102273155130000015e-01
2.959369061579999993e+02 2.085871148389999985e-01
2.960022385139999983e+02 2.059280823169999941e-01
2.960675708699999973e+02 2.075463409580000085e-01
2.961329032259999963e+02 2.084041554839999866e-01
2.961982355819999952e+02 2.080802328249999888e-01
2.962635679370000048e+02 2.069800919160000030e-01
2.963289002930000038e+02 2.019036696189999980e-01
2.963942326490000028e+02 1.992840753859999869e-01
2.964595650050000017e+02 2.027684362849999922e-01
2.965248973610000007e+02 2.031995467159999902e-01
2.965902297169999997e+02 2.019402823660000068e-01
2.966555620720000093e+02 2.049193501759999925e-01
2.967208944280000082e+02 2.089368850439999870e-01
2.967862267840000072e+02 2.140575066279999938e-01
2.968515591400000062e+02 2.229115731180000004e-01
2.969168914960000052e+02 2.260351299710000039e-01
2.969822238509999579e+02 2.223002035970000068e-01
2.970475562069999569e+02 2.225324621900000022e-01
2.971128885629999559e+02 2.201237747210000040e-01
2.971782209189999548e+02 2.174235042419999930e-01
2.972435532750000107e+02 2.140862317109999968e-01
2.973088856299999634e+02 2.098509126389999924e-01
2.973742179859999624e+02 1.998320819939999882e-01
2.974395503419999613e+02 1.925677339590000092e-01
2.975048826979999603e+02 1.892102413489999968e-01
2.975702150539999593e+02 1.829551519350000044e-01
2.976355474099999583e+02 1.783020402740000121e-01
2.977008797649999678e+02 1.738168280060000126e-01
2.977662121209999668e+02 1.732444557579999878e-01
2.978315444769999658e+02 1.788571843300000019e-01
2.978968768329999648e+02 1.880223758360000108e-01
2.979622091889999638e+02 1.902290018380000114e-01
2.980275415439999733e+02 1.922564935290000110e-01
2.980928738999999723e+02 1.905718641059999940e-01
2.981582062559999713e+02 1.863056750729999989e-01
2.982235386119999703e+02 1.841517208990000043e-01
2.982888709679999693e+02 1.802407025810000007e-01
2.983542033239999682e+02 1.740542087979999875e-01
2.984195356789999778e+02 1.705543470969999864e-01
2.984848680349999768e+02 1.668058040469999892e-01
2.985502003909999758e+02 1.652897837729999930e-01
2.986155327469999747e+02 1.690286933429999972e-01
2.986808651029999737e+02 1.724261458649999912e-01
2.987461974579999833e+02 1.733772823460000001e-01
2.988115298139999823e+02 1.742812973020000100e-01
2.988768621699999812e+02 1.725473318769999986e-01
2.989421945259999802e+02 1.698215368129999958e-01
2.990075268819999792e+02 1.704547158059999956e-01
2.990728592379999782e+02 1.691169606450000085e-01
2.991381915929999877e+02 1.683104685629999986e-01
2.992035239489999867e+02 1.684360251610000081e-01
2.992688563049999857e+02 1.659299054549999985e-01
2.993341886609999847e+02 1.677096422090000039e-01
2.993995210169999837e+02 1.705459568819999994e-01
2.994648533719999932e+02 1.710527519060000001e-01
2.995301857279999922e+02 1.674168027659999891e-01
2.995955180839999912e+02 1.724650757969999892e-01
2.996608504399999902e+02 1.725910489739999887e-01
2.997261827959999891e+02 1.712235651610000131e-01
2.997915151519999881e+02 1.714570126670000028e-01
2.998568475069999977e+02 1.674262370559999880e-01
2.999221798629999967e+02 1.674256632239999876e-01
2.999875122189999956e+02 1.738422669290000111e-01
3.000528445749999946e+02 1.745990843870000031e-01
3.001181769309999936e+02 1.721785910339999892e-01
3.001835092860000032e+02 1.742254745529999982e-01
3.002488416420000021e+02 1.772637890500000091e-01
3.003141739980000011e+02 1.796309436749999877e-01
3.003795063540000001e+02 1.840505958750000004e-01
3.004448387099999991e+02 1.858882574190000025e-01
3.005101710650000086e+02 1.887927816620000032e-01
3.005755034210000076e+02 1.960632636559999920e-01
3.006408357770000066e+02 2.013463664519999918e-01
3.007061681330000056e+02 1.997561364419999930e-01
3.007715004890000046e+02 1.983893279370000096e-01
3.008368328450000035e+02 1.953325011139999956e-01
3.009021652000000131e+02 1.899525059920000036e-01
3.009674975560000121e+02 1.834376323949999943e-01
3.010328299120000111e+02 1.806882666859999931e-01
3.010981622680000100e+02 1.782813220330000115e-01
3.011634946240000090e+02 1.786022949459999953e-01
3.012288269790000186e+02 1.815390591200000125e-01
3.012941593350000176e+02 1.826601787880000050e-01
3.013594916910000165e+02 1.822825225019999995e-01
3.014248240470000155e+02 1.837583876539999883e-01
3.014901564030000145e+02 1.846789625999999962e-01
3.015554887590000135e+02 1.843524838320000081e-01
3.016208211140000230e+02 1.853941412900000085e-01
3.016861534700000220e+02 1.855559243400000113e-01
3.017514858260000210e+02 1.834719783769999946e-01
3.018168181820000200e+02 1.851276690910000078e-01
3.018821505380000190e+02 1.863177705379999993e-01
3.019474828930000285e+02 1.897405255719999961e-01
3.020128152490000275e+02 1.935372378890000133e-01
3.020781476050000265e+02 1.895031036660000112e-01
3.021434799610000255e+02 1.852470408019999959e-01
3.022088123170000244e+02 1.839457382989999890e-01
3.022741446730000234e+02 1.847076226780000052e-01
3.023394770280000330e+02 1.826360456209999983e-01
3.024048093840000320e+02 1.796123759530000030e-01
3.024701417400000309e+02 1.785738693160000001e-01
3.025354740960000299e+02 1.778320447900000045e-01
3.026008064520000289e+02 1.749939880649999946e-01
3.026661388070000385e+02 1.749236941539999979e-01
3.027314711630000374e+02 1.718971135969999953e-01
3.027968035190000364e+02 1.716344868620000019e-01
3.028621358750000354e+02 1.752857154449999899e-01
3.029274682310000344e+02 1.757515463540000045e-01
3.029928005870000334e+02 1.712752656310000121e-01
3.030581329420000429e+02 1.719256919649999882e-01
3.031234652980000419e+02 1.761136868909999875e-01
3.031887976540000409e+02 1.777441931959999888e-01
3.032541300100000399e+02 1.840781698919999876e-01
3.033194623660000389e+02 1.869301920429999875e-01
3.033847947209999916e+02 1.837504622580000135e-01
3.034501270769999905e+02 1.811198015250000126e-01
3.035154594329999895e+02 1.779186598439999878e-01
3.035807917890000454e+02 1.719959378890000001e-01
3.036461241450000443e+02 1.667158883189999996e-01
3.037114564999999970e+02 1.641748026979999997e-01
3.037767888559999960e+02 1.560601859819999992e-01
3.038421212119999950e+02 1.529306254549999966e-01
3.039074535679999940e+02 1.567574915150000137e-01
3.039727859239999930e+02 1.601610051029999926e-01
3.040381182799999920e+02 1.658920483870000018e-01
3.041034506350000015e+02 1.660293397460000098e-01
3.041687829910000005e+02 1.688838670380000129e-01
3.042341153469999995e+02 1.760615906549999887e-01
3.042994477029999985e+02 1.850319267059999939e-01
3.043647800589999974e+02 1.893473104989999989e-01
3.044301124140000070e+02 1.894230222290000099e-01
3.044954447700000060e+02 1.881875169699999961e-01
3.045607771260000050e+02 1.916597119940000038e-01
3.046261094820000039e+02 1.970632740759999946e-01
3.046914418380000029e+02 1.963879454549999903e-01
3.047567741940000019e+02 1.947842567739999919e-01
3.048221065490000115e+02 1.934896106160000073e-01
3.048874389050000104e+02 1.949959386710000131e-01
3.049527712610000094e+02 1.987762064810000007e-01
3.050181036170000084e+02 2.051189467450000026e-01
3.050834359730000074e+02 2.042284105470000000e-01
3.051487683280000169e+02 2.072328588859999876e-01
3.052141006840000159e+02 2.055018734800000135e-01
3.052794330400000149e+02 2.034307758939999933e-01
3.053447653960000139e+02 1.982043542230000066e-01
3.054100977520000129e+02 1.957646513200000105e-01
3.054754301080000118e+02 1.898992205380000131e-01
3.055407624630000214e+02 1.832304322580000089e-01
3.056060948190000204e+02 1.796666956300000118e-01
3.056714271750000194e+02 1.750653120819999908e-01
3.057367595310000183e+02 1.716751982109999963e-01
3.058020918870000173e+02 1.719328997850000096e-01
3.058674242420000269e+02 1.731275969699999917e-01
3.059327565980000259e+02 1.740004863340000041e-01
3.059980889540000248e+02 1.748943804009999992e-01
3.060634213100000238e+02 1.758790813289999866e-01
3.061287536660000228e+02 1.734804475370000099e-01
3.061940860220000218e+02 1.733379393549999981e-01
3.062594183770000313e+02 1.734877905670000053e-01
3.063247507330000303e+02 1.745526913200000085e-01
3.063900830890000293e+02 1.688861987489999883e-01
3.064554154450000283e+02 1.695232290129999875e-01
3.065207478010000273e+02 1.728896103229999870e-01
3.065860801559999800e+02 1.758256611339999997e-01
3.066514125119999790e+02 1.825419969210000104e-01
3.067167448679999779e+02 1.859076906159999876e-01
3.067820772240000338e+02 1.872556564810000101e-01
3.068474095800000327e+02 1.864479532359999969e-01
3.069127419349999855e+02 1.890827932259999955e-01
3.069780742909999844e+02 1.870581074290000034e-01
3.070434066469999834e+02 1.868320701560000074e-01
3.071087390029999824e+02 1.835721990620000077e-01
3.071740713589999814e+02 1.798068275459999976e-01
3.072394037149999804e+02 1.744516996090000049e-01
3.073047360699999899e+02 1.684839795889999936e-01
3.073700684259999889e+02 1.689797398239999970e-01
3.074354007819999879e+02 1.743314949950000026e-01
3.075007331379999869e+02 1.767337718479999875e-01
3.075660654939999858e+02 1.789030792669999981e-01
3.076313978489999954e+02 1.802253776340000113e-01
3.076967302049999944e+02 1.815733236950000107e-01
3.077620625609999934e+02 1.878657754449999939e-01
3.078273949169999923e+02 1.950202297560000020e-01
3.078927272729999913e+02 1.948350454549999944e-01
3.079580596289999903e+02 1.925000950240000064e-01
3.080233919839999999e+02 1.908154664710000059e-01
3.080887243399999988e+02 1.909627518769999865e-01
3.081540566959999978e+02 1.905441589440000083e-01
3.082193890519999968e+02 1.893789439590000123e-01
3.082847214079999958e+02 1.892870564809999989e-01
3.083500537630000053e+02 1.864621831180000022e-01
3.084153861190000043e+02 1.878916295799999969e-01
3.084807184750000033e+02 1.861444746329999900e-01
3.085460508310000023e+02 1.840352254940000043e-01
3.086113831870000013e+02 1.844508646920000050e-01
3.086767155430000003e+02 1.902623247509999949e-01
3.087420478980000098e+02 1.923603207919999947e-01
3.088073802540000088e+02 1.904221658459999966e-01
3.088727126100000078e+02 1.889160114960000136e-01
3.089380449660000068e+02 1.903479840079999874e-01
3.090033773220000057e+02 1.920665284159999986e-01
3.090687096770000153e+02 1.925700754839999862e-01
3.091340420330000143e+02 1.887015903029999886e-01
3.091993743890000133e+02 1.850229405280000017e-01
3.092647067450000122e+02 1.851706100000000133e-01
3.093300391010000112e+02 1.858266249459999964e-01
3.093953714570000102e+02 1.846679660020000002e-01
3.094607038120000198e+02 1.845771004110000058e-01
3.095260361680000187e+02 1.843867071070000030e-01
3.095913685240000177e+02 1.848714435970000014e-01
3.096567008800000167e+02 1.858696007919999893e-01
3.097220332360000157e+02 1.800925547409999994e-01
3.097873655909999684e+02 1.785134919349999905e-01
3.098526979469999674e+02 1.770496326690000066e-01
3.099180303029999664e+02 1.773979433329999911e-01
3.099833626590000222e+02 1.777619829519999917e-01
3.100486950150000212e+02 1.829913064220000107e-01
3.101140273699999739e+02 1.794379242620000037e-01
3.101793597259999729e+02 1.806329708309999948e-01
3.102446920819999718e+02 1.877907551909999972e-01
3.103100244379999708e+02 1.941864813589999905e-01
3.103753567939999698e+02 1.997461501860000044e-01
3.104406891499999688e+02 1.971083824930000006e-01
3.105060215049999783e+02 1.937342913979999970e-01
3.105713538609999773e+02 1.927984869790000111e-01
3.106366862169999763e+02 1.979830836360000068e-01
3.107020185729999753e+02 1.994998042720000087e-01
3.107673509289999743e+02 1.977071468619999994e-01
3.108326832839999838e+02 1.941073907039999880e-01
3.108980156399999828e+02 1.940035815049999945e-01
3.109633479959999818e+02 1.985250275069999903e-01
3.110286803519999808e+02 2.026983520229999891e-01
3.110940127079999797e+02 2.054180494720000139e-01
3.111593450639999787e+02 2.042916882699999936e-01
3.112246774189999883e+02 2.017101283870000039e-01
3.112900097749999873e+02 1.995773110069999912e-01
3.113553421309999862e+02 1.961162480159999999e-01
3.114206744869999852e+02 1.932275008209999867e-01
3.114860068429999842e+02 1.919882649169999955e-01
3.115513391979999938e+02 1.870084600980000122e-01
3.116166715539999927e+02 1.816343450150000038e-01
3.116820039099999917e+02 1.809734396869999984e-01
3.117473362659999907e+02 1.827057444869999991e-01
3.118126686219999897e+02 1.852493004109999897e-01
3.118780009779999887e+02 1.836036352980000008e-01
3.119433333329999982e+02 1.813576000000000077e-01
3.120086656889999972e+02 1.797920439300000062e-01
3.120739980449999962e+02 1.802467613879999986e-01
3.121393304009999952e+02 1.781263060799999909e-01
3.122046627569999941e+02 1.771484522579999943e-01
3.122699951120000037e+02 1.741827205279999902e-01
3.123353274680000027e+02 1.750673124140000037e-01
3.124006598240000017e+02 1.747022673309999996e-01
3.124659921800000006e+02 1.751582152489999933e-01
3.125313245359999996e+02 1.740558423749999917e-01
3.125966568910000092e+02 1.739207007040000086e-01
3.126619892470000082e+02 1.763896919350000092e-01
3.127273216030000071e+02 1.756782022089999895e-01
3.127926539590000061e+02 1.750770963050000129e-01
3.128579863150000051e+02 1.774340714959999898e-01
3.129233186710000041e+02 1.799193830989999909e-01
3.129886510259999568e+02 1.861950685629999991e-01
3.130539833819999558e+02 1.893182954350000058e-01
3.131193157379999548e+02 1.873767673310000048e-01
3.131846480940000106e+02 1.886037021699999983e-01
3.132499804500000096e+02 1.917916004690000120e-01
3.133153128049999623e+02 1.917700048880000008e-01
3.133806451609999613e+02 1.927012793550000047e-01
3.134459775169999602e+02 1.914516904009999909e-01
3.135113098729999592e+02 1.892874198439999933e-01
3.135766422289999582e+02 1.939041700589999861e-01
3.136419745849999572e+02 1.987582571460000114e-01
3.137073069399999667e+02 1.986025594920000081e-01
3.137726392959999657e+02 1.992579791200000117e-01
3.138379716519999647e+02 2.016601441639999936e-01
3.139033040079999637e+02 1.995751947209999932e-01
3.139686363639999627e+02 1.969366409090000103e-01
3.140339687189999722e+02 1.956789993549999940e-01
3.140993010749999712e+02 1.941262540860000108e-01
3.141646334309999702e+02 1.913547783579999939e-01
3.142299657869999692e+02 1.908946406160000053e-01
3.142952981429999681e+02 1.877934339000000008e-01
3.143606304989999671e+02 1.874876530500000082e-01
3.144259628539999767e+02 1.887501679960000012e-01
3.144912952099999757e+02 1.885448359730000079e-01
3.145566275659999746e+02 1.843061415249999946e-01
3.146219599219999736e+02 1.804236717009999880e-01
3.146872922779999726e+02 1.756469759729999969e-01
3.147526246329999822e+02 1.726968501470000084e-01
3.148179569889999811e+02 1.715900404300000071e-01
3.148832893449999801e+02 1.712716156499999864e-01
3.149486217009999791e+02 1.764799657480000117e-01
3.150139540569999781e+02 1.805728834410000039e-01
3.150792864129999771e+02 1.854475025020000112e-01
3.151446187679999866e+02 1.913016745159999976e-01
3.152099511239999856e+02 1.949617948969999959e-01
3.152752834799999846e+02 1.975456932259999909e-01
3.153406158359999836e+02 1.991532489149999974e-01
3.154059481919999826e+02 1.966582496679999958e-01
3.154712805469999921e+02 1.947124939590000048e-01
3.155366129029999911e+02 1.968358612899999971e-01
3.156019452589999901e+02 1.944120883090000029e-01
3.156672776149999891e+02 1.947992593060000055e-01
3.157326099709999880e+02 1.971962158359999995e-01
3.157979423259999976e+02 1.944129025119999965e-01
3.158632746819999966e+02 1.945100158359999998e-01
3.159286070379999956e+02 1.961950234900000090e-01
3.159939393939999945e+02 1.945188024239999924e-01
3.160592717499999935e+02 1.917585684650000011e-01
3.161246041059999925e+02 1.916350187099999935e-01
3.161899364610000021e+02 1.867294657480000064e-01
3.162552688170000010e+02 1.891721135480000093e-01
3.163206011730000000e+02 1.946585004399999930e-01
3.163859335289999990e+02 2.023627046329999901e-01
3.164512658849999980e+02 2.066588198139999999e-01
3.165165982400000075e+02 2.093070332549999968e-01
3.165819305960000065e+02 2.138273208600000030e-01
3.166472629520000055e+02 2.186282768910000063e-01
3.167125953080000045e+02 2.195035329030000093e-01
3.167779276640000035e+02 2.173921835390000001e-01
3.168432600200000024e+02 2.127981600880000101e-01
3.169085923750000120e+02 2.073508916129999935e-01
3.169739247310000110e+02 2.040631258060000008e-01
3.170392570870000100e+02 2.006427288369999895e-01
3.171045894430000089e+02 1.978471202640000037e-01
3.171699217990000079e+02 1.964677906350000003e-01
3.172352541540000175e+02 1.975444915150000036e-01
3.173005865100000165e+02 1.980442801760000093e-01
3.173659188660000154e+02 1.975347043600000074e-01
3.174312512220000144e+02 1.912823100880000071e-01
3.174965835780000134e+02 1.916251298240000123e-01
3.175619159340000124e+02 1.928939387289999863e-01
3.176272482890000219e+02 1.933924763340000019e-01
3.176925806450000209e+02 1.973113496770000086e-01
3.177579130010000199e+02 2.000916227569999872e-01
3.178232453570000189e+02 1.992244154639999931e-01
3.178885777130000179e+02 2.033405273020000015e-01
3.179539100680000274e+02 2.068104207039999920e-01
3.180192424240000264e+02 2.074012190910000109e-01
3.180845747800000254e+02 2.047176797649999935e-01
3.181499071360000244e+02 2.017304363050000104e-01
3.182152394920000233e+02 2.008501978299999935e-01
3.182805718480000223e+02 2.017231092379999924e-01
3.183459042030000319e+02 1.999203274880000103e-01
3.184112365590000309e+02 1.994629919350000002e-01
3.184765689150000298e+02 2.004612485039999892e-01
3.185419012710000288e+02 2.008162879769999909e-01
3.186072336270000278e+02 2.051648588659999994e-01
3.186725659820000374e+02 2.041938853080000060e-01
3.187378983380000363e+02 1.992598297560000120e-01
3.188032306940000353e+02 1.978224920720000057e-01
3.188685630500000343e+02 1.957072369500000020e-01
3.189338954060000333e+02 1.902351160119999940e-01
3.189992277610000428e+02 1.843032627570000137e-01
3.190645601170000418e+02 1.788431400290000084e-01
3.191298924730000408e+02 1.802290952689999948e-01
3.191952248290000398e+02 1.792789599999999872e-01
3.192605571850000388e+02 1.771639546040000013e-01
3.193258895410000378e+02 1.762701115249999950e-01
3.193912218959999905e+02 1.818849810750000073e-01
3.194565542519999894e+02 1.868012933429999967e-01
3.195218866080000453e+02 1.925801160310000038e-01
3.195872189640000443e+02 1.964917602740000047e-01
3.196525513200000432e+02 1.963156876250000127e-01
3.197178836749999959e+02 2.029902178200000129e-01
3.197832160309999949e+02 2.062332902250000044e-01
3.198485483869999939e+02 2.087547009680000010e-01
3.199138807429999929e+02 2.057601497559999881e-01
3.199792130989999919e+02 2.026808476149999927e-01
3.200445454549999909e+02 1.996544872730000031e-01
3.201098778100000004e+02 2.008371355909999989e-01
3.201752101659999994e+02 2.037719312219999912e-01
3.202405425219999984e+02 2.038762256889999902e-01
3.203058748779999974e+02 2.009905627959999996e-01
3.203712072339999963e+02 1.972242796579999902e-01
3.204365395890000059e+02 1.967111343110000132e-01
3.205018719450000049e+02 1.997602441840000131e-01
3.205672043010000039e+02 2.016712298920000090e-01
3.206325366570000028e+02 1.958050853670000035e-01
3.206978690130000018e+02 1.905160351709999922e-01
3.207632013690000008e+02 1.878541561969999940e-01
3.208285337240000104e+02 1.908081500290000065e-01
3.208938660800000093e+02 1.920178648579999869e-01
3.209591984360000083e+02 1.905801922389999958e-01
3.210245307920000073e+02 1.904056658359999932e-01
3.210898631480000063e+02 1.903543783190000116e-01
3.211551955030000158e+02 1.914195577520000080e-01
3.212205278590000148e+02 1.964469924929999889e-01
3.212858602150000138e+02 1.997312874190000087e-01
3.213511925710000128e+02 2.040991340759999995e-01
3.214165249270000118e+02 2.062086316719999868e-01
3.214818572830000107e+02 2.093565281330000138e-01
3.215471896380000203e+02 2.083937002829999996e-01
3.216125219940000193e+02 2.042257640469999913e-01
3.216778543500000183e+02 2.012420232450000124e-01
3.217431867060000172e+02 1.993735544090000089e-01
3.218085190620000162e+02 1.950340885630000021e-01
3.218738514170000258e+02 1.928245720429999921e-01
3.219391837730000248e+02 1.920101575070000122e-01
3.220045161290000237e+02 1.917336845160000081e-01
3.220698484850000227e+02 1.945587703030000060e-01
3.221351808410000217e+02 1.998227931379999989e-01
3.222005131960000313e+02 1.995510212319999976e-01
3.222658455520000302e+02 1.998440116129999999e-01
3.223311779080000292e+02 2.034876972920000027e-01
3.223965102640000282e+02 1.999160809380000070e-01
3.224618426200000272e+02 1.986875033140000080e-01
3.225271749760000262e+02 1.954174330990000041e-01
3.225925073309999789e+02 1.917428451319999894e-01
3.226578396869999779e+02 1.949458673699999978e-01
3.227231720430000337e+02 1.983093470969999883e-01
3.227885043990000327e+02 1.987216225810000125e-01
3.228538367550000316e+02 2.037638168819999873e-01
3.229191691099999844e+02 2.087145987100000044e-01
3.229845014659999833e+02 2.134672442230000078e-01
3.230498338219999823e+02 2.171980443010000095e-01
3.231151661779999813e+02 2.195623310750000057e-01
3.231804985339999803e+02 2.186406317890000062e-01
3.232458308899999793e+02 2.195642085239999930e-01
3.233111632449999888e+02 2.181452118080000058e-01
3.233764956009999878e+02 2.201649816419999905e-01
3.234418279569999868e+02 2.200925002149999865e-01
3.235071603129999858e+02 2.208988289250000125e-01
3.235724926689999847e+02 2.231571817599999896e-01
3.236378250239999943e+02 2.219773352789999876e-01
3.237031573799999933e+02 2.202210612319999983e-01
3.237684897359999923e+02 2.210467298240000045e-01
3.238338220919999912e+02 2.216612144089999958e-01
3.238991544479999902e+02 2.225745281619999905e-01
3.239644868039999892e+02 2.218376876250000018e-01
3.240298191589999988e+02 2.169820203710000062e-01
3.240951515149999977e+02 2.170693351519999981e-01
3.241604838709999967e+02 2.182025229029999902e-01
3.242258162269999957e+02 2.172054774000000132e-01
3.242911485829999947e+02 2.143039238810000024e-01
3.243564809380000042e+02 2.090794103230000089e-01
3.244218132940000032e+02 2.065076896770000059e-01
3.244871456500000022e+02 2.078147450239999916e-01
3.245524780060000012e+02 2.098973609379999883e-01
3.246178103620000002e+02 2.111010797850000065e-01
3.246831427170000097e+02 2.092846941640000014e-01
3.247484750730000087e+02 2.063196385920000042e-01
3.248138074290000077e+02 2.047143061189999891e-01
3.248791397850000067e+02 2.048958468819999934e-01
3.249444721410000056e+02 2.036072549850000135e-01
3.250098044970000046e+02 2.028357182009999926e-01
3.250751368520000142e+02 1.989733628839999990e-01
3.251404692080000132e+02 1.959366345449999880e-01
3.252058015640000121e+02 1.996381989930000045e-01
3.252711339200000111e+02 2.014777523559999894e-01
3.253364662760000101e+02 2.035982697070000125e-01
3.254017986310000197e+02 2.046326465299999897e-01
3.254671309870000186e+02 2.028979340469999892e-01
3.255324633430000176e+02 2.033741584750000109e-01
3.255977956990000166e+02 2.032356877419999874e-01
3.256631280550000156e+02 2.055453926689999877e-01
3.257284604110000146e+02 2.054333602929999947e-01
3.257937927659999673e+02 2.055151253760000019e-01
3.258591251219999663e+02 2.054883947799999999e-01
3.259244574780000221e+02 2.027969612899999940e-01
3.259897898340000211e+02 2.050171967939999895e-01
3.260551221900000201e+02 2.050612994919999987e-01
3.261204545449999728e+02 2.039164018179999982e-01
3.261857869009999717e+02 2.004761625810000114e-01
3.262511192569999707e+02 1.989061137339999952e-01
3.263164516129999697e+02 1.978803477420000012e-01
3.263817839689999687e+02 2.006041837729999888e-01
3.264471163249999677e+02 2.011631784750000096e-01
3.265124486799999772e+02 1.990095444570000038e-01
3.265777810359999762e+02 1.976914653759999918e-01
3.266431133919999752e+02 1.973857579180000044e-01
3.267084457479999742e+02 1.988021135480000090e-01
3.267737781039999732e+02 2.046551022189999902e-01
3.268391104589999827e+02 2.032472997650000002e-01
3.269044428149999817e+02 1.980696243400000001e-01
3.269697751709999807e+02 1.973651775370000028e-01
3.270351075269999797e+02 1.974795906450000083e-01
3.271004398829999786e+02 1.957502989440000063e-01
3.271657722389999776e+02 1.947464934210000054e-01
3.272311045939999872e+02 1.962552022869999968e-01
3.272964369499999862e+02 2.002435709379999929e-01
3.273617693059999851e+02 2.033291781819999977e-01
3.274271016619999841e+02 2.070764795310000017e-01
3.274924340179999831e+02 2.062366167739999867e-01
3.275577663729999927e+02 2.069868896289999982e-01
3.276230987289999916e+02 2.105918874880000069e-01
3.276884310849999906e+02 2.098057696189999932e-01
3.277537634409999896e+02 2.063712352690000029e-01
3.278190957969999886e+02 2.016521534600000110e-01
3.278844281519999981e+02 2.002862895599999971e-01
3.279497605079999971e+02 1.979312134410000090e-01
3.280150928639999961e+02 1.991710120819999985e-01
3.280804252199999951e+02 1.988060282699999903e-01
3.281457575759999941e+02 2.011699169700000012e-01
3.282110899319999930e+02 2.036125765000000032e-01
3.282764222870000026e+02 2.047978980650000114e-01
3.283417546430000016e+02 2.046505498039999926e-01
3.284070869990000006e+02 2.069875508900000105e-01
3.284724193549999995e+02 2.090582083870000107e-01
3.285377517109999985e+02 2.076625273309999908e-01
3.286030840660000081e+02 2.080585726199999930e-01
3.286684164220000071e+02 2.032696354250000115e-01
3.287337487780000060e+02 2.017306624930000070e-01
3.287990811340000050e+02 2.001189591589999928e-01
3.288644134900000040e+02 2.002987302639999967e-01
3.289297458460000030e+02 1.980691780649999900e-01
3.289950782009999557e+02 1.971614688270000026e-01
3.290604105569999547e+02 1.970954550729999977e-01
3.291257429130000105e+02 1.987480316420000004e-01
3.291910752690000095e+02 2.026130027960000024e-01
3.292564076250000085e+02 2.064793072140000130e-01
3.293217399799999612e+02 2.111442993160000114e-01
3.293870723359999602e+02 2.107982736850000094e-01
3.294524046919999591e+02 2.086222168909999952e-01
3.295177370479999581e+02 2.099018771460000043e-01
3.295830694039999571e+02 2.129604744870000066e-01
3.296484017599999561e+02 2.121117518179999883e-01
3.297137341149999656e+02 2.119485093260000119e-01
3.297790664709999646e+02 2.092780781330000062e-01
3.298443988269999636e+02 2.090443286800000022e-01
3.299097311829999626e+02 2.126530054840000128e-01
3.299750635389999616e+02 2.159306508699999905e-01
3.300403958939999711e+02 2.176743502350000081e-01
3.301057282499999701e+02 2.210593830500000023e-01
3.301710606059999691e+02 2.194503033330000019e-01
3.302363929619999681e+02 2.172071838709999925e-01
3.303017253179999670e+02 2.154247075859999916e-01
3.303670576739999660e+02 2.121998077420000073e-01
3.304323900289999756e+02 2.117262654840000036e-01
3.304977223849999746e+02 2.111952350150000102e-01
3.305630547409999735e+02 2.041684412610000054e-01
3.306283870969999725e+02 1.986349612899999950e-01
3.306937194529999715e+02 1.958646376050000026e-01
3.307590518079999811e+02 1.958147950540000126e-01
3.308243841639999800e+02 1.982347001170000067e-01
3.308897165199999790e+02 1.992099321599999917e-01
3.309550488759999780e+02 1.994835743789999949e-01
3.310203812319999770e+02 1.992109522580000069e-01
3.310857135869999865e+02 2.017259896970000077e-01
3.311510459429999855e+02 2.039891928249999986e-01
3.312163782989999845e+02 2.094462438119999992e-01
3.312817106549999835e+02 2.116528650239999920e-01
3.313470430109999825e+02 2.117671618280000112e-01
3.314123753669999815e+02 2.126969292670000122e-01
3.314777077219999910e+02 2.146232949559999936e-01
3.315430400779999900e+02 2.176291620530000082e-01
3.316083724339999890e+02 2.209636896190000088e-01
3.316737047899999880e+02 2.203065845159999925e-01
3.317390371459999869e+02 2.174645961090000135e-01
3.318043695009999965e+02 2.133770757179999922e-01
3.318697018569999955e+02 2.089418389930000064e-01
3.319350342129999945e+02 2.052131186310000022e-01
3.320003665689999934e+02 2.006630776830000129e-01
3.320656989249999924e+02 1.976409266670000053e-01
3.321310312809999914e+02 1.992186103230000060e-01
3.321963636360000010e+02 1.984751981819999900e-01
3.322616959919999999e+02 1.976847994229999905e-01
3.323270283479999989e+02 1.992252115739999996e-01
3.323923607039999979e+02 2.031123836360000101e-01
3.324576930599999969e+02 2.026131483280000090e-01
3.325230254150000064e+02 2.069722942520000053e-01
3.325883577710000054e+02 2.080949716720000009e-01
3.326536901270000044e+02 2.074608117110000038e-01
3.327190224830000034e+02 2.090723265689999888e-01
3.327843548390000024e+02 2.089017409679999882e-01
3.328496871950000013e+02 2.067711865690000095e-01
3.329150195500000109e+02 2.077265874879999918e-01
3.329803519060000099e+02 2.105366701470000046e-01
3.330456842620000089e+02 2.076365995599999958e-01
3.331110166180000078e+02 2.072956057479999892e-01
3.331763489740000068e+02 2.111322759529999926e-01
3.332416813290000164e+02 2.127783731769999909e-01
3.333070136850000154e+02 2.156934440369999983e-01
3.333723460410000143e+02 2.161262027570000077e-01
3.334376783970000133e+02 2.120943925219999915e-01
3.335030107530000123e+02 2.096330959140000061e-01
3.335683431090000113e+02 2.073378816130000135e-01
3.336336754640000208e+02 2.041583295009999910e-01
3.336990078200000198e+02 2.009848916620000092e-01
3.337643401760000188e+02 1.979229600000000089e-01
3.338296725320000178e+02 1.981649409289999997e-01
3.338950048880000168e+02 1.980985421700000026e-01
3.339603372430000263e+02 1.985870486509999921e-01
3.340256695990000253e+02 2.018302269789999936e-01
3.340910019550000243e+02 2.044124422870000068e-01
3.341563343110000233e+02 2.090525173020000016e-01
3.342216666670000222e+02 2.122853566669999914e-01
3.342869990220000318e+02 2.157676492280000136e-01
3.343523313780000308e+02 2.149696065399999967e-01
3.344176637340000298e+02 2.176398365589999884e-01
3.344829960900000287e+02 2.184207433529999909e-01
3.345483284460000277e+02 2.198851346039999988e-01
3.346136608020000267e+02 2.194615921899999988e-01
3.346789931570000363e+02 2.137291761679999957e-01
3.347443255130000352e+02 2.115771527570000088e-01
3.348096578690000342e+02 2.120361638709999941e-01
3.348749902250000332e+02 2.110374708309999958e-01
3.349403225810000322e+02 2.069091096769999916e-01
3.350056549360000417e+02 2.026502515839999907e-01
3.350709872920000407e+02 1.964386209969999908e-01
3.351363196480000397e+02 1.972815577710000101e-01
3.352016520040000387e+02 1.990713276249999886e-01
3.352669843600000377e+02 2.044573941449999988e-01
3.353323167160000366e+02 2.051936293839999870e-01
3.353976490709999894e+02 2.063471677220000133e-01
3.354629814270000452e+02 2.070947281720000033e-01
3.355283137830000442e+02 2.107219102350000040e-01
3.355936461390000431e+02 2.136573397460000134e-01
3.356589784950000421e+02 2.101434940859999989e-01
3.357243108499999948e+02 2.058544512609999932e-01
3.357896432059999938e+02 2.005748739300000083e-01
3.358549755619999928e+02 2.003077332550000089e-01
3.359203079179999918e+02 2.058370636069999926e-01
3.359856402739999908e+02 2.088746292860000076e-01
3.360509726299999897e+02 2.088648743990000056e-01
3.361163049849999993e+02 2.081761768329999929e-01
3.361816373409999983e+02 2.094605508500000102e-01
3.362469696969999973e+02 2.103002018179999932e-01
3.363123020529999962e+02 2.075191469500000108e-01
3.363776344089999952e+02 2.064891987099999882e-01
3.364429667640000048e+02 2.047794143499999941e-01
3.365082991200000038e+02 2.064469287390000019e-01
3.365736314760000027e+02 2.087294965400000035e-01
3.366389638320000017e+02 2.102241969310000014e-01
3.367042961880000007e+02 2.089768300289999992e-01
3.367696285430000103e+02 2.096428346039999890e-01
3.368349608990000092e+02 2.111428308409999954e-01
3.369002932550000082e+02 2.111425201759999926e-01
3.369656256110000072e+02 2.101122348480000124e-01
3.370309579670000062e+02 2.091776177520000002e-01
3.370962903230000052e+02 2.084951990320000059e-01
3.371616226780000147e+02 2.079281955820000138e-01
3.372269550340000137e+02 2.121745249950000023e-01
3.372922873900000127e+02 2.135790788270000018e-01
3.373576197460000117e+02 2.131555562169999973e-01
3.374229521020000107e+02 2.103910139200000085e-01
3.374882844570000202e+02 2.108827214079999901e-01
3.375536168130000192e+02 2.104263109869999870e-01
3.376189491690000182e+02 2.118124902540000076e-01
3.376842815250000172e+02 2.098496912020000049e-01
3.377496138810000161e+02 2.059909765100000067e-01
3.378149462370000151e+02 2.031799853759999885e-01
3.378802785920000247e+02 2.017717790319999982e-01
3.379456109480000237e+02 2.031228426589999914e-01
3.380109433040000226e+02 2.023312779670000117e-01
3.380762756600000216e+02 2.029687290320000004e-01
3.381416080160000206e+02 2.028268387390000094e-01
3.382069403710000302e+02 2.039081895010000089e-01
3.382722727270000291e+02 2.077103309090000127e-01
3.383376050830000281e+02 2.115542803909999936e-01
3.384029374390000271e+02 2.152642056990000108e-01
3.384682697950000261e+02 2.208160134899999905e-01
3.385336021510000251e+02 2.214233469889999861e-01
3.385989345059999778e+02 2.244054850240000121e-01
3.386642668620000336e+02 2.268540646630000102e-01
3.387295992180000326e+02 2.295767106349999864e-01
3.387949315740000316e+02 2.288199361780000052e-01
3.388602639300000305e+02 2.277359003520000036e-01
3.389255962849999833e+02 2.235485642820000118e-01
3.389909286409999822e+02 2.163011265489999946e-01
3.390562609969999812e+02 2.148334705280000034e-01
3.391215933529999802e+02 2.147981426389999893e-01
3.391869257089999792e+02 2.105095343299999977e-01
3.392522580649999782e+02 2.108554690320000036e-01
3.393175904199999877e+02 2.141149259529999960e-01
3.393829227759999867e+02 2.143874315150000043e-01
3.394482551319999857e+02 2.128665800879999959e-01
3.395135874879999847e+02 2.113889637930000120e-01
3.395789198439999836e+02 2.104778996680000125e-01
3.396442521989999932e+02 2.060726769500000055e-01
3.397095845549999922e+02 2.049461362070000015e-01
3.397749169109999912e+02 2.018095420530000017e-01
3.398402492669999901e+02 2.006209015250000061e-01
3.399055816229999891e+02 2.042955784359999916e-01
3.399709139779999987e+02 2.099015513980000136e-01
3.400362463339999977e+02 2.128234655719999924e-01
3.401015786899999966e+02 2.139748041250000010e-01
3.401669110459999956e+02 2.171493001170000103e-01
3.402322434019999946e+02 2.205008901470000005e-01
3.402975757579999936e+02 2.206515339389999997e-01
3.403629081130000031e+02 2.201145631960000071e-01
3.404282404690000021e+02 2.195939299709999959e-01
3.404935728250000011e+02 2.174486598729999942e-01
3.405589051810000001e+02 2.154383633239999873e-01
3.406242375369999991e+02 2.140215282400000085e-01
3.406895698920000086e+02 2.136055079570000070e-01
3.407549022480000076e+02 2.098421027569999930e-01
3.408202346040000066e+02 2.066982566570000068e-01
3.408855669600000056e+02 2.038220952689999976e-01
3.409508993160000045e+02 2.039371473509999921e-01
3.410162316720000035e+02 2.062837970380000108e-01
3.410815640270000131e+02 2.078533152489999980e-01
3.411468963830000121e+02 2.095375919059999925e-01
3.412122287390000110e+02 2.092084893839999959e-01
3.412775610950000100e+02 2.119486191690000132e-01
3.413428934510000090e+02 2.153237219749999931e-01
3.414082258060000186e+02 2.142924319349999995e-01
3.414735581620000175e+02 2.083585892669999884e-01
3.415388905180000165e+02 2.050415489250000112e-01
3.416042228740000155e+02 2.067925585919999920e-01
3.416695552300000145e+02 2.066452616720000079e-01
3.417348875860000135e+02 2.104647506740000007e-01
3.418002199409999662e+02 2.087393674190000104e-01
3.418655522970000220e+02 2.070803667639999901e-01
3.419308846530000210e+02 2.142960091589999894e-01
3.419962170090000200e+02 2.211296502639999995e-01
3.420615493650000190e+02 2.192709801080000021e-01
3.421268817199999717e+02 2.165722341940000129e-01
3.421922140759999706e+02 2.161978962459999987e-01
3.422575464319999696e+02 2.138480175759999991e-01
3.423228787879999686e+02 2.109891518179999870e-01
3.423882111439999676e+02 2.076729404110000121e-01
3.424535434999999666e+02 2.054908571259999872e-01
3.425188758549999761e+02 2.082109464130000032e-01
3.425842082109999751e+02 2.127513777710000054e-01
3.426495405669999741e+02 2.131591159529999946e-01
3.427148729229999731e+02 2.146793390710000082e-01
3.427802052789999721e+02 2.153404202929999900e-01
3.428455376339999816e+02 2.177648213979999914e-01
3.429108699899999806e+02 2.181517281129999875e-01
3.429762023459999796e+02 2.128331893840000044e-01
3.430415347019999786e+02 2.076313992770000005e-01
3.431068670579999775e+02 2.058092119549999877e-01
3.431721994129999871e+02 2.098262853960000118e-01
3.432375317689999861e+02 2.106163839000000093e-01
3.433028641249999851e+02 2.129993423260000129e-01
3.433681964809999840e+02 2.111902417890000050e-01
3.434335288369999830e+02 2.159743895600000074e-01
3.434988611929999820e+02 2.184654457870000011e-01
3.435641935479999916e+02 2.194683541939999871e-01
3.436295259039999905e+02 2.165914556109999889e-01
3.436948582599999895e+02 2.135407012899999957e-01
3.437601906159999885e+02 2.138715197949999924e-01
3.438255229719999875e+02 2.131080716519999918e-01
3.438908553269999970e+02 2.135630829909999917e-01
3.439561876829999960e+02 2.105035635780000136e-01
3.440215200389999950e+02 2.110479408020000114e-01
3.440868523949999940e+02 2.143785774189999882e-01
3.441521847509999930e+02 2.171969653670000056e-01
3.442175171069999919e+02 2.154632362849999982e-01
3.442828494620000015e+02 2.145232035480000021e-01
3.443481818180000005e+02 2.155835018180000118e-01
3.444135141739999995e+02 2.128007283970000107e-01
3.444788465299999984e+02 2.091924024440000029e-01
3.445441788859999974e+02 2.066368793260000003e-01
3.446095112410000070e+02 2.078719992380000103e-01
3.446748435970000060e+02 2.127957826100000116e-01
3.447401759530000049e+02 2.149302466859999983e-01
3.448055083090000039e+02 2.181619583680000085e-01
3.448708406650000029e+02 2.205747893839999918e-01
3.449361730210000019e+02 2.255218866860000115e-01
3.450015053759999546e+02 2.295761724729999953e-01
3.450668377320000104e+02 2.285662459820000103e-01
3.451321700880000094e+02 2.233597316719999892e-01
3.451975024440000084e+02 2.189709242129999900e-01
3.452628348000000074e+02 2.157910177319999900e-01
3.453281671549999601e+02 2.130455078010000114e-01
3.453934995109999591e+02 2.100113340370000081e-01
3.454588318669999580e+02 2.118554350240000050e-01
3.455241642229999570e+02 2.159085991789999881e-01
3.455894965789999560e+02 2.172835740469999943e-01
3.456548289349999550e+02 2.180492485040000095e-01
3.457201612899999645e+02 2.235957487099999863e-01
3.457854936459999635e+02 2.239965858059999870e-01
3.458508260019999625e+02 2.243375704689999917e-01
3.459161583579999615e+02 2.278813048090000126e-01
3.459814907139999605e+02 2.291975134120000090e-01
3.460468230689999700e+02 2.310756076640000101e-01
3.461121554249999690e+02 2.346472099409999956e-01
3.461774877809999680e+02 2.349817986899999933e-01
3.462428201369999670e+02 2.324097407429999984e-01
3.463081524929999659e+02 2.305305795890000009e-01
3.463734848479999755e+02 2.340934445450000012e-01
3.464388172039999745e+02 2.360179000000000027e-01
3.465041495599999735e+02 2.315474977710000049e-01
3.465694819159999724e+02 2.240923245549999998e-01
3.466348142719999714e+02 2.198455080349999979e-01
3.467001466279999704e+02 2.184855270380000047e-01
3.467654789829999800e+02 2.187688888950000132e-01
3.468308113389999789e+02 2.179997190809999930e-01
3.468961436949999779e+02 2.123697846629999941e-01
3.469614760509999769e+02 2.092095240469999951e-01
3.470268084069999759e+02 2.127855294819999965e-01
3.470921407619999854e+02 2.159703638709999929e-01
3.471574731179999844e+02 2.168118778489999954e-01
3.472228054739999834e+02 2.234501592179999885e-01
3.472881378299999824e+02 2.254276668619999979e-01
3.473534701859999814e+02 2.282738399020000086e-01
3.474188025419999803e+02 2.304279091199999963e-01
3.474841348969999899e+02 2.281051894430000115e-01
3.475494672529999889e+02 2.259006510749999863e-01
3.476147996089999879e+02 2.261019801370000026e-01
3.476801319649999868e+02 2.249170839590000082e-01
3.477454643209999858e+02 2.208455343110000135e-01
3.478107966759999954e+02 2.223577896579999880e-01
3.478761290319999944e+02 2.229343122580000058e-01
3.479414613879999933e+02 2.252482366080000020e-01
3.480067937439999923e+02 2.328722961880000109e-01
3.480721260999999913e+02 2.367782828449999932e-01
3.481374584559999903e+02 2.399686970669999975e-01
3.482027908109999998e+02 2.422216958060000036e-01
3.482681231669999988e+02 2.420168446919999938e-01
3.483334555229999978e+02 2.406484663640000021e-01
3.483987878789999968e+02 2.431188945449999916e-01
3.484641202349999958e+02 2.420344859530000059e-01
3.485294525900000053e+02 2.352828667059999879e-01
3.485947849460000043e+02 2.300727159139999978e-01
3.486601173020000033e+02 2.264177174779999913e-01
3.487254496580000023e+02 2.200550700489999900e-01
3.487907820140000013e+02 2.166725794719999987e-01
3.488561143700000002e+02 2.146983792959999970e-01
3.489214467250000098e+02 2.091788355820000112e-01
3.489867790810000088e+02 2.086932094130000137e-01
3.490521114370000078e+02 2.135798202929999889e-01
3.491174437930000067e+02 2.154426409290000066e-01
3.491827761490000057e+02 2.137531503619999884e-01
3.492481085040000153e+02 2.175675314370000002e-01
3.493134408600000143e+02 2.171549954839999963e-01
3.493787732160000132e+02 2.148693347210000049e-01
3.494441055720000122e+02 2.175051078009999916e-01
3.495094379280000112e+02 2.139639316230000088e-01
3.495747702830000208e+02 2.137105257670000036e-01
3.496401026390000197e+02 2.187478409970000093e-01
3.497054349950000187e+02 2.236506151119999897e-01
3.497707673510000177e+02 2.302865421020000025e-01
3.498360997070000167e+02 2.389491831090000129e-01
3.499014320630000157e+02 2.381193329809999926e-01
3.499667644180000252e+02 2.400360941349999888e-01
3.500320967740000242e+02 2.426571341940000071e-01
3.500974291300000232e+02 2.395349868620000044e-01
3.501627614860000222e+02 2.355403563150000046e-01
3.502280938420000211e+02 2.327293082109999911e-01
3.502934261970000307e+02 2.307600107720000071e-01
3.503587585530000297e+02 2.309124582990000063e-01
3.504240909090000287e+02 2.335299563640000076e-01
3.504894232650000276e+02 2.332024288560000103e-01
3.505547556210000266e+02 2.320090394529999989e-01
3.506200879770000256e+02 2.343414175369999963e-01
3.506854203320000352e+02 2.364860546139999908e-01
3.507507526880000341e+02 2.347483845159999971e-01
3.508160850440000331e+02 2.339594026980000019e-01
3.508814174000000321e+02 2.334543384749999950e-01
3.509467497560000311e+02 2.311409912899999863e-01
3.510120821110000406e+02 2.278345188270000099e-01
3.510774144670000396e+02 2.280494883089999869e-01
3.511427468230000386e+02 2.245020378099999991e-01
3.512080791790000376e+02 2.234702820820000102e-01
3.512734115350000366e+02 2.254110043989999979e-01
3.513387438910000355e+02 2.250224470090000095e-01
3.514040762460000451e+02 2.240898975370000101e-01
3.514694086020000441e+02 2.215813754840000038e-01
3.515347409580000431e+02 2.199436643209999875e-01
3.516000733140000420e+02 2.215811956890000045e-01
3.516654056700000410e+02 2.244879677609999957e-01
3.517307380249999937e+02 2.230632830600000061e-01
3.517960703809999927e+02 2.215088642230000071e-01
3.518614027369999917e+02 2.202706445550000058e-01
3.519267350929999907e+02 2.235291559919999893e-01
3.519920674489999897e+02 2.251619281520000071e-01
3.520573998039999992e+02 2.256159810749999994e-01
3.521227321599999982e+02 2.231338284359999924e-01
3.521880645159999972e+02 2.229809619349999994e-01
3.522533968719999962e+02 2.259802023459999976e-01
3.523187292279999951e+02 2.216666808019999990e-01
3.523840615839999941e+02 2.067365412790000134e-01
3.524493939390000037e+02 1.860308884240000071e-01
3.525147262950000027e+02 1.667393299040000054e-01
3.525800586510000016e+02 1.461213123519999879e-01
3.526453910070000006e+02 1.246002775939999974e-01
3.527107233629999996e+02 9.954792340180000643e-02
3.527760557180000092e+02 7.144921836070000642e-02
3.528413880740000081e+02 4.998994901269999958e-02
3.529067204300000071e+02 4.075099170970000045e-02
3.529720527860000061e+02 3.386969969499999816e-02
3.530373851420000051e+02 2.726685267449999867e-02
3.531027174980000041e+02 2.090371627550000055e-02
3.531680498530000136e+02 1.471619545339999946e-02
3.532333822090000126e+02 1.213155747370000051e-02
3.532987145650000116e+02 1.023743450539999975e-02
3.533640469210000106e+02 8.169713998350000214e-03
3.534293792770000096e+02 6.380028351560000123e-03
3.534947116320000191e+02 4.820618191399999621e-03
3.535600439880000181e+02 3.450112438789999965e-03
3.536253763440000171e+02 2.239054936390000132e-03
3.536907087000000161e+02 1.160729001749999986e-03
3.537560410560000150e+02 1.960421993210000036e-04
3.538213734120000140e+02 2.350363430110000025e-06
3.538867057670000236e+02 2.208185542129999815e-06
3.539520381230000226e+02 2.079208070969999878e-06
3.540173704790000215e+02 1.810753110849999935e-06
3.540827028350000205e+02 1.508680355819999942e-06
3.541480351910000195e+02 1.222125643989999903e-06
3.542133675460000291e+02 9.500461014659999984e-07
3.542786999020000280e+02 6.912474367550000274e-07
3.543440322580000270e+02 4.445664741940000165e-07
3.544093646140000260e+02 2.090044684259999877e-07
3.544746969700000250e+02 0.000000000000000000e+00
3.545400293260000240e+02 0.000000000000000000e+00
3.546053616810000335e+02 0.000000000000000000e+00
3.546706940370000325e+02 0.000000000000000000e+00
3.547360263930000315e+02 0.000000000000000000e+00
3.548013587490000305e+02 0.000000000000000000e+00
3.548666911050000294e+02 0.000000000000000000e+00
3.549320234599999822e+02 0.000000000000000000e+00
3.549973558159999811e+02 0.000000000000000000e+00
3.550626881719999801e+02 0.000000000000000000e+00
3.551280205279999791e+02 0.000000000000000000e+00
3.551933528839999781e+02 0.000000000000000000e+00
3.552586852389999876e+02 0.000000000000000000e+00
3.553240175949999866e+02 0.000000000000000000e+00
3.553893499509999856e+02 0.000000000000000000e+00
3.554546823069999846e+02 0.000000000000000000e+00
3.555200146629999836e+02 0.000000000000000000e+00
3.555853470189999825e+02 0.000000000000000000e+00
3.556506793739999921e+02 0.000000000000000000e+00
3.557160117299999911e+02 0.000000000000000000e+00
3.557813440859999901e+02 0.000000000000000000e+00
3.558466764419999890e+02 0.000000000000000000e+00
3.559120087979999880e+02 0.000000000000000000e+00
3.559773411529999976e+02 0.000000000000000000e+00
3.560426735089999966e+02 0.000000000000000000e+00
3.561080058649999955e+02 0.000000000000000000e+00
3.561733382209999945e+02 0.000000000000000000e+00
3.562386705769999935e+02 0.000000000000000000e+00
3.563040029329999925e+02 0.000000000000000000e+00
3.563693352880000020e+02 0.000000000000000000e+00
3.564346676440000010e+02 0.000000000000000000e+00
3.565000000000000000e+02 0.000000000000000000e+00
