# Wavelength (Nm)      Variance
2.888990000000000009e+02 1.861698200000000136e-01
2.889406432060000043e+02 1.791564990889999986e-01
2.889822864129999971e+02 1.733053455520000008e-01
2.890239296190000005e+02 1.698866928620000050e-01
2.890655728250000038e+02 1.674900481880000069e-01
2.891072160310000072e+02 1.648077444090000065e-01
2.891488592380000000e+02 1.639538182639999897e-01
2.891905024440000034e+02 1.649880714799999981e-01
2.892321456500000068e+02 1.637875392179999889e-01
2.892737888560000101e+02 1.613936267920000056e-01
2.893154320630000029e+02 1.589096355619999956e-01
2.893570752690000063e+02 1.599291414189999982e-01
2.893987184750000097e+02 1.643490796479999960e-01
2.894403616810000130e+02 1.686801005280000043e-01
2.894820048880000058e+02 1.731896437890000084e-01
2.895236480940000092e+02 1.742815301760000102e-01
2.895652913000000126e+02 1.743832653019999901e-01
2.896069345060000160e+02 1.741004269270000071e-01
2.896485777130000088e+02 1.748935951320000071e-01
2.896902209190000121e+02 1.758233826199999961e-01
2.897318641250000155e+02 1.748276961290000098e-01
2.897735073310000189e+02 1.751491096480000120e-01
2.898151505380000117e+02 1.746616765590000009e-01
2.898567937440000151e+02 1.705227857219999976e-01
2.898984369500000184e+02 1.665466096659999895e-01
2.899400801560000218e+02 1.645526339979999919e-01
2.899817233630000146e+02 1.640283239879999910e-01
2.900233665690000180e+02 1.665168475009999871e-01
2.900650097750000214e+02 1.694790601989999979e-01
2.901066529809999679e+02 1.718482588130000044e-01
2.901482961880000175e+02 1.704049652200000098e-01
2.901899393940000209e+02 1.669877566059999874e-01
2.902315826000000243e+02 1.681545720510000119e-01
2.902732258059999708e+02 1.688669261940000110e-01
2.903148690130000205e+02 1.709845874679999933e-01
2.903565122189999670e+02 1.743948151810000013e-01
2.903981554250000272e+02 1.762469546390000030e-01
2.904397986309999737e+02 1.771115240699999982e-01
2.904814418380000234e+02 1.755158670849999991e-01
2.905230850439999699e+02 1.708625116770000063e-01
2.905647282500000301e+02 1.675178052200000101e-01
2.906063714569999661e+02 1.642818726730000123e-01
2.906480146630000263e+02 1.622792683750000076e-01
2.906896578689999728e+02 1.640533575579999903e-01
2.907313010750000331e+02 1.643762010750000058e-01
2.907729442819999690e+02 1.631953565979999965e-01
2.908145874880000292e+02 1.618621384130000118e-01
2.908562306939999758e+02 1.615282698009999907e-01
2.908978739000000360e+02 1.593328495130000022e-01
2.909395171069999719e+02 1.542242021090000081e-01
2.909811603130000321e+02 1.510615381039999983e-01
2.910228035189999787e+02 1.536869228330000059e-01
2.910644467250000389e+02 1.583053253920000125e-01
2.911060899319999749e+02 1.617271572979999961e-01
2.911477331380000351e+02 1.631884742760000007e-01
2.911893763439999816e+02 1.633931327960000124e-01
2.912310195500000418e+02 1.622933397609999939e-01
2.912726627569999778e+02 1.596342253259999955e-01
2.913143059630000380e+02 1.590265345180000012e-01
2.913559491689999845e+02 1.590554620699999866e-01
2.913975923750000447e+02 1.635970689740000039e-01
2.914392355819999807e+02 1.678698828780000041e-01
2.914808787880000409e+02 1.687052215759999862e-01
2.915225219939999874e+02 1.665036482520000083e-01
2.915641651999999908e+02 1.619726937909999887e-01
2.916058084069999836e+02 1.580225920920000082e-01
2.916474516130000438e+02 1.585778280000000040e-01
2.916890948189999904e+02 1.582095432429999893e-01
2.917307380249999937e+02 1.555569397500000117e-01
2.917723812319999865e+02 1.547095745919999932e-01
2.918140244379999899e+02 1.547798803319999916e-01
2.918556676439999933e+02 1.529729638079999898e-01
2.918973108499999967e+02 1.484081966689999865e-01
2.919389540569999895e+02 1.471292304930000017e-01
2.919805972629999928e+02 1.503307244419999911e-01
2.920222404689999962e+02 1.531038135480000117e-01
2.920638836749999996e+02 1.537834237459999864e-01
2.921055268819999924e+02 1.566528292899999897e-01
2.921471700879999958e+02 1.569854859469999864e-01
2.921888132939999991e+02 1.566722080390000049e-01
2.922304565000000025e+02 1.598823140370000118e-01
2.922720997069999953e+02 1.636932256829999877e-01
2.923137429129999987e+02 1.637979733140000060e-01
2.923553861190000021e+02 1.640746840650000038e-01
2.923970293259999949e+02 1.646324674250000120e-01
2.924386725319999982e+02 1.643074221409999980e-01
2.924803157380000016e+02 1.619322791549999974e-01
2.925219589440000050e+02 1.591712641520000027e-01
2.925636021509999978e+02 1.576032062369999986e-01
2.926052453570000011e+02 1.573321447530000028e-01
2.926468885630000045e+02 1.567427348969999967e-01
2.926885317690000079e+02 1.568528492750000114e-01
2.927301749760000007e+02 1.560542309600000122e-01
2.927718181820000041e+02 1.560866176360000135e-01
2.928134613880000074e+02 1.575257326299999983e-01
2.928551045940000108e+02 1.599146707430000036e-01
2.928967478010000036e+02 1.627629736070000110e-01
2.929383910070000070e+02 1.655952148110000077e-01
2.929800342130000104e+02 1.711016151439999911e-01
2.930216774189999569e+02 1.744560007740000029e-01
2.930633206260000065e+02 1.756993742909999934e-01
2.931049638320000099e+02 1.738862671009999972e-01
2.931466070380000133e+02 1.748969666159999881e-01
2.931882502439999598e+02 1.749114547410000053e-01
2.932298934510000095e+02 1.758684221579999984e-01
2.932715366569999560e+02 1.749259837540000084e-01
2.933131798630000162e+02 1.753662282070000134e-01
2.933548230689999627e+02 1.761277589149999878e-01
2.933964662760000124e+02 1.779620005510000047e-01
2.934381094819999589e+02 1.795110378279999863e-01
2.934797526880000191e+02 1.767386791399999935e-01
2.935213958939999657e+02 1.762521137239999869e-01
2.935630391010000153e+02 1.794478698099999936e-01
2.936046823069999618e+02 1.783590437460000067e-01
2.936463255130000221e+02 1.729677641060000104e-01
2.936879687189999686e+02 1.722090227760000036e-01
2.937296119260000182e+02 1.736531405979999942e-01
2.937712551319999648e+02 1.759832625220000002e-01
2.938128983380000250e+02 1.777474049499999931e-01
2.938545415439999715e+02 1.787480016580000053e-01
2.938961847510000212e+02 1.773022252789999975e-01
2.939378279569999677e+02 1.753401863440000041e-01
2.939794711630000279e+02 1.776362022799999885e-01
2.940211143699999639e+02 1.774597549090000115e-01
2.940627575760000241e+02 1.752814084850000120e-01
2.941044007819999706e+02 1.760337861780000013e-01
2.941460439880000308e+02 1.784720402930000116e-01
2.941876871949999668e+02 1.787172320679999982e-01
2.942293304010000270e+02 1.766802723750000026e-01
2.942709736069999735e+02 1.750208113260000031e-01
2.943126168130000337e+02 1.738275476249999951e-01
2.943542600199999697e+02 1.725615512279999875e-01
2.943959032260000299e+02 1.720410566449999956e-01
2.944375464319999764e+02 1.703377493430000000e-01
2.944791896379999798e+02 1.674779031670000085e-01
2.945208328449999726e+02 1.667451646329999870e-01
2.945624760510000328e+02 1.671681550770000024e-01
2.946041192569999794e+02 1.693614380650000084e-01
2.946457624629999827e+02 1.706561850440000139e-01
2.946874056699999755e+02 1.691883281940000094e-01
2.947290488759999789e+02 1.669763469989999916e-01
2.947706920819999823e+02 1.647112493719999904e-01
2.948123352879999857e+02 1.622350400429999895e-01
2.948539784949999785e+02 1.608302649460000011e-01
2.948956217009999818e+02 1.606409902869999906e-01
2.949372649069999852e+02 1.605922362559999983e-01
2.949789081129999886e+02 1.608941363520000056e-01
2.950205513199999814e+02 1.620830579529999871e-01
2.950621945259999848e+02 1.628175402929999960e-01
2.951038377319999881e+02 1.622434028389999894e-01
2.951454809379999915e+02 1.611848038710000097e-01
2.951871241449999843e+02 1.629630899260000043e-01
2.952287673509999877e+02 1.684336211689999863e-01
2.952704105569999911e+02 1.728721146330000069e-01
2.953120537629999944e+02 1.747383490320000010e-01
2.953536969699999872e+02 1.753691915149999947e-01
2.953953401759999906e+02 1.758783513430000056e-01
2.954369833819999940e+02 1.775261042329999983e-01
2.954786265879999974e+02 1.813878624090000113e-01
2.955202697949999902e+02 1.854001389269999966e-01
2.955619130009999935e+02 1.871691916519999943e-01
2.956035562069999969e+02 1.887227605709999867e-01
2.956451994130000003e+02 1.923255483870000004e-01
2.956868426199999931e+02 1.934977650439999863e-01
2.957284858259999965e+02 1.899083560120000125e-01
2.957701290319999998e+02 1.879524735479999875e-01
2.958117722389999926e+02 1.897110143890000100e-01
2.958534154449999960e+02 1.926461358219999920e-01
2.958950586509999994e+02 1.940886173489999866e-01
2.959367018570000027e+02 1.944475511010000102e-01
2.959783450639999955e+02 1.919618388659999897e-01
2.960199882699999989e+02 1.895308304810000011e-01
2.960616314760000023e+02 1.900193669009999919e-01
2.961032746820000057e+02 1.908466680120000092e-01
2.961449178889999985e+02 1.881680991670000025e-01
2.961865610950000018e+02 1.839248686509999953e-01
2.962282043010000052e+02 1.822156540650000101e-01
2.962698475070000086e+02 1.823316665509999990e-01
2.963114907140000014e+02 1.787745482889999959e-01
2.963531339200000048e+02 1.731131094489999911e-01
2.963947771260000081e+02 1.704885669210000065e-01
2.964364203320000115e+02 1.702060238239999912e-01
2.964780635390000043e+02 1.696356799959999884e-01
2.965197067450000077e+02 1.652130939060000026e-01
2.965613499510000111e+02 1.616612278010000070e-01
2.966029931570000144e+02 1.587592421019999867e-01
2.966446363640000072e+02 1.580213996360000095e-01
2.966862795700000106e+02 1.622281478489999984e-01
2.967279227760000140e+02 1.655130046530000065e-01
2.967695659820000174e+02 1.659973428500000070e-01
2.968112091890000102e+02 1.676093763829999972e-01
2.968528523950000135e+02 1.709923943599999940e-01
2.968944956010000169e+02 1.714948669789999880e-01
2.969361388070000203e+02 1.724817634170000002e-01
2.969777820140000131e+02 1.744404315270000061e-01
2.970194252200000165e+02 1.805533724339999924e-01
2.970610684260000198e+02 1.831605105770000019e-01
2.971027116320000232e+02 1.853183994000000001e-01
2.971443548390000160e+02 1.878484145809999895e-01
2.971859980450000194e+02 1.878702095639999958e-01
2.972276412509999659e+02 1.854652644969999875e-01
2.972692844570000261e+02 1.824798712079999941e-01
2.973109276640000189e+02 1.812739988540000013e-01
2.973525708700000223e+02 1.790717073549999983e-01
2.973942140759999688e+02 1.791984491140000135e-01
2.974358572830000185e+02 1.765736604110000052e-01
2.974775004890000218e+02 1.744571476719999903e-01
2.975191436950000252e+02 1.726832161000000088e-01
2.975607869009999717e+02 1.705596389210000119e-01
2.976024301080000214e+02 1.671627561079999935e-01
2.976440733139999679e+02 1.642067916130000027e-01
2.976857165200000281e+02 1.654921492810000061e-01
2.977273597259999747e+02 1.693625908899999977e-01
2.977690029330000243e+02 1.695651927680000004e-01
2.978106461389999708e+02 1.696027743069999927e-01
2.978522893450000311e+02 1.695109384459999868e-01
2.978939325509999776e+02 1.679710153779999937e-01
2.979355757580000272e+02 1.663909673940000000e-01
2.979772189639999738e+02 1.637067465020000112e-01
2.980188621700000340e+02 1.611175108450000060e-01
2.980605053759999805e+02 1.624284969889999986e-01
2.981021485830000302e+02 1.661033578939999922e-01
2.981437917889999767e+02 1.692796843399999862e-01
2.981854349950000369e+02 1.668488818999999956e-01
2.982270782009999834e+02 1.640644413219999875e-01
2.982687214080000331e+02 1.674976764810000018e-01
2.983103646139999796e+02 1.698521049349999978e-01
2.983520078200000398e+02 1.728582306529999890e-01
2.983936510259999864e+02 1.744436450790000093e-01
2.984352942330000360e+02 1.775953157769999957e-01
2.984769374389999825e+02 1.821809629330000124e-01
2.985185806450000428e+02 1.841715832899999961e-01
2.985602238509999893e+02 1.817540605279999999e-01
2.986018670580000389e+02 1.809391713219999920e-01
2.986435102639999855e+02 1.799401985690000094e-01
2.986851534699999888e+02 1.810445236750000131e-01
2.987267966759999922e+02 1.821705473670000019e-01
2.987684398830000418e+02 1.799662949090000130e-01
2.988100830889999884e+02 1.743353733609999956e-01
2.988517262949999918e+02 1.736503281779999963e-01
2.988933695009999951e+02 1.731542892669999945e-01
2.989350127080000448e+02 1.721430691140000135e-01
2.989766559139999913e+02 1.697951328600000032e-01
2.990182991199999947e+02 1.671692600470000012e-01
2.990599423259999980e+02 1.644897044180000101e-01
2.991015855329999908e+02 1.610163575069999964e-01
2.991432287389999942e+02 1.595298979589999944e-01
2.991848719449999976e+02 1.619982334410000058e-01
2.992265151519999904e+02 1.631143456970000072e-01
2.992681583579999938e+02 1.632178162700000101e-01
2.993098015639999971e+02 1.658833392379999994e-01
2.993514447700000005e+02 1.655570268859999916e-01
2.993930879769999933e+02 1.665528772900000121e-01
2.994347311829999967e+02 1.684027702149999972e-01
2.994763743890000001e+02 1.710944099239999905e-01
2.995180175950000034e+02 1.733683119349999913e-01
2.995596608019999962e+02 1.759858027569999872e-01
2.996013040079999996e+02 1.783011223479999963e-01
2.996429472140000030e+02 1.803969737829999864e-01
2.996845904200000064e+02 1.785950792840000079e-01
2.997262336269999992e+02 1.803578943109999944e-01
2.997678768330000025e+02 1.803521965069999899e-01
2.998095200390000059e+02 1.781853829639999942e-01
2.998511632450000093e+02 1.765943962250000054e-01
2.998928064520000021e+02 1.767968504519999984e-01
2.999344496580000055e+02 1.773767869619999882e-01
2.999760928640000088e+02 1.753875567819999926e-01
3.000177360700000122e+02 1.742492764570000019e-01
3.000593792770000050e+02 1.758151199630000050e-01
3.001010224830000084e+02 1.768602202619999897e-01
3.001426656889999549e+02 1.769032302699999892e-01
3.001843088950000151e+02 1.748307537709999915e-01
3.002259521020000079e+02 1.713403914130000039e-01
3.002675953080000113e+02 1.739490757180000013e-01
3.003092385139999578e+02 1.788519109149999953e-01
3.003508817200000180e+02 1.811757046019999984e-01
3.003925249270000108e+02 1.802634132610000106e-01
3.004341681330000142e+02 1.800145795660000048e-01
3.004758113389999608e+02 1.816700523560000058e-01
3.005174545450000210e+02 1.829268385449999978e-01
3.005590977519999569e+02 1.854556000629999923e-01
3.006007409580000171e+02 1.864489953039999981e-01
3.006423841639999637e+02 1.863538790910000131e-01
3.006840273700000239e+02 1.880339279179999989e-01
3.007256705769999598e+02 1.907011394310000052e-01
3.007673137830000201e+02 1.910578240119999993e-01
3.008089569889999666e+02 1.903591560650000070e-01
3.008506001960000162e+02 1.883653694780000054e-01
3.008922434019999628e+02 1.880431137240000106e-01
3.009338866080000230e+02 1.843136583259999961e-01
3.009755298139999695e+02 1.802190748680000121e-01
3.010171730210000192e+02 1.788600618769999873e-01
3.010588162269999657e+02 1.742488802169999962e-01
3.011004594330000259e+02 1.688223780249999972e-01
3.011421026389999724e+02 1.659369980879999984e-01
3.011837458460000221e+02 1.663991058029999914e-01
3.012253890519999686e+02 1.651490872730000115e-01
3.012670322580000288e+02 1.671458708390000103e-01
3.013086754639999754e+02 1.691634771359999956e-01
3.013503186710000250e+02 1.694305922619999960e-01
3.013919618769999715e+02 1.695754506040000054e-01
3.014336050830000318e+02 1.704351062679999862e-01
3.014752482889999783e+02 1.730768456439999992e-01
3.015168914960000279e+02 1.725300247509999885e-01
3.015585347019999745e+02 1.749714747430000106e-01
3.016001779079999778e+02 1.785375744240000062e-01
3.016418211139999812e+02 1.790222806919999909e-01
3.016834643210000308e+02 1.761827201449999991e-01
3.017251075269999774e+02 1.745460620429999943e-01
3.017667507329999808e+02 1.726137229090000114e-01
3.018083939389999841e+02 1.704212079390000079e-01
3.018500371460000338e+02 1.705375644609999908e-01
3.018916803519999803e+02 1.686371218009999895e-01
3.019333235579999837e+02 1.697387221899999965e-01
3.019749667639999871e+02 1.703302154269999980e-01
3.020166099709999799e+02 1.721420838939999864e-01
3.020582531769999832e+02 1.731935151550000052e-01
3.020998963829999866e+02 1.741616186280000034e-01
3.021415395889999900e+02 1.744242489149999964e-01
3.021831827959999828e+02 1.741063723869999968e-01
3.022248260019999861e+02 1.753602067489999916e-01
3.022664692079999895e+02 1.765531513080000059e-01
3.023081124139999929e+02 1.766997584049999903e-01
3.023497556209999857e+02 1.771112740759999971e-01
3.023913988269999891e+02 1.812405003929999925e-01
3.024330420329999924e+02 1.859316513429999929e-01
3.024746852389999958e+02 1.881196146409999936e-01
3.025163284459999886e+02 1.889094016420000133e-01
3.025579716519999920e+02 1.887002985829999979e-01
3.025996148579999954e+02 1.897151494119999893e-01
3.026412580649999882e+02 1.934422939350000092e-01
3.026829012709999915e+02 1.988118374229999874e-01
3.027245444769999949e+02 1.993749713079999986e-01
3.027661876829999983e+02 1.966499984160000047e-01
3.028078308899999911e+02 1.920999248949999960e-01
3.028494740959999945e+02 1.891924621390000116e-01
3.028911173019999978e+02 1.866373066220000099e-01
3.029327605080000012e+02 1.839156926759999977e-01
3.029744037149999940e+02 1.821995689929999940e-01
3.030160469209999974e+02 1.831698733140000035e-01
3.030576901270000008e+02 1.838746940329999968e-01
3.030993333330000041e+02 1.818839319999999982e-01
3.031409765399999969e+02 1.785196367449999877e-01
3.031826197460000003e+02 1.747532002540000129e-01
3.032242629520000037e+02 1.759276611950000013e-01
3.032659061580000071e+02 1.796062873310000085e-01
3.033075493649999999e+02 1.829720600879999881e-01
3.033491925710000032e+02 1.844981302869999895e-01
3.033908357770000066e+02 1.855078641060000089e-01
3.034324789830000100e+02 1.851213886610000026e-01
3.034741221900000028e+02 1.849518875539999940e-01
3.035157653960000061e+02 1.851255406800000058e-01
3.035574086020000095e+02 1.860902589029999887e-01
3.035990518080000129e+02 1.859470988270000014e-01
3.036406950150000057e+02 1.870702857010000109e-01
3.036823382210000091e+02 1.848766823659999947e-01
3.037239814270000124e+02 1.808702614599999869e-01
3.037656246330000158e+02 1.770468859240000026e-01
3.038072678400000086e+02 1.762917945259999952e-01
3.038489110460000120e+02 1.781373147489999920e-01
3.038905542520000154e+02 1.764137541470000015e-01
3.039321974580000187e+02 1.748262737600000116e-01
3.039738406650000115e+02 1.753573694979999875e-01
3.040154838710000149e+02 1.752077032259999889e-01
3.040571270770000183e+02 1.734684528900000133e-01
3.040987702830000217e+02 1.723398135249999963e-01
3.041404134900000145e+02 1.719373195480000116e-01
3.041820566960000178e+02 1.746068863069999977e-01
3.042236999020000212e+02 1.778872832550000005e-01
3.042653431090000140e+02 1.787435297480000074e-01
3.043069863150000174e+02 1.783250736420000093e-01
3.043486295210000208e+02 1.763518335129999892e-01
3.043902727270000241e+02 1.775669867269999980e-01
3.044319159340000169e+02 1.799699127269999976e-01
3.044735591400000203e+02 1.800376207959999975e-01
3.045152023459999668e+02 1.781064937949999871e-01
3.045568455520000271e+02 1.791919081820000093e-01
3.045984887590000199e+02 1.834079243400000003e-01
3.046401319650000232e+02 1.857634285920000128e-01
3.046817751709999698e+02 1.876843724460000029e-01
3.047234183770000300e+02 1.888465282400000056e-01
3.047650615839999659e+02 1.902502404460000018e-01
3.048067047900000262e+02 1.923561788070000111e-01
3.048483479959999727e+02 1.941319927079999952e-01
3.048899912020000329e+02 1.931878233260000133e-01
3.049316344089999689e+02 1.906211681720000051e-01
3.049732776150000291e+02 1.902412556439999902e-01
3.050149208209999756e+02 1.888417811030000115e-01
3.050565640270000358e+02 1.860403803029999914e-01
3.050982072339999718e+02 1.836974472690000026e-01
3.051398504400000320e+02 1.834727748449999918e-01
3.051814936459999785e+02 1.828206051569999935e-01
3.052231368520000387e+02 1.802819898730000092e-01
3.052647800589999747e+02 1.781795877419999896e-01
3.053064232650000349e+02 1.767041236359999934e-01
3.053480664709999814e+02 1.776617139549999946e-01
3.053897096770000417e+02 1.798075117419999924e-01
3.054313528839999776e+02 1.819258941820000031e-01
3.054729960900000378e+02 1.831792635779999900e-01
3.055146392959999844e+02 1.860963099350000094e-01
3.055562825020000446e+02 1.886227812650000113e-01
3.055979257089999805e+02 1.874435400549999964e-01
3.056395689150000408e+02 1.869190365810000087e-01
3.056812121209999873e+02 1.866525157579999872e-01
3.057228553269999907e+02 1.873248871850000108e-01
3.057644985339999835e+02 1.885231564929999992e-01
3.058061417400000437e+02 1.889089875889999881e-01
3.058477849459999902e+02 1.857765387960000070e-01
3.058894281519999936e+02 1.842531920230000009e-01
3.059310713589999864e+02 1.842078944630000104e-01
3.059727145649999898e+02 1.849636968410000026e-01
3.060143577709999931e+02 1.868896791549999881e-01
3.060560009780000428e+02 1.879667203519999885e-01
3.060976441839999893e+02 1.887871031670000088e-01
3.061392873899999927e+02 1.868145296890000029e-01
3.061809305959999961e+02 1.843477986310000094e-01
3.062225738029999889e+02 1.838208585299999920e-01
3.062642170089999922e+02 1.836555621579999964e-01
3.063058602149999956e+02 1.851477545159999905e-01
3.063475034209999990e+02 1.877093951869999999e-01
3.063891466279999918e+02 1.897147940059999982e-01
3.064307898339999952e+02 1.880208737990000101e-01
3.064724330399999985e+02 1.853964531139999927e-01
3.065140762460000019e+02 1.809433028150000122e-01
3.065557194529999947e+02 1.771084397869999993e-01
3.065973626589999981e+02 1.763042743109999866e-01
3.066390058650000014e+02 1.763299404869999865e-01
3.066806490710000048e+02 1.758965645789999921e-01
3.067222922779999976e+02 1.759790838710000027e-01
3.067639354840000010e+02 1.774882452900000129e-01
3.068055786900000044e+02 1.770289481879999960e-01
3.068472218960000077e+02 1.753849969379999985e-01
3.068888651030000005e+02 1.729968203170000052e-01
3.069305083090000039e+02 1.719828041060000035e-01
3.069721515150000073e+02 1.704287352730000094e-01
3.070137947210000107e+02 1.696471968449999868e-01
3.070554379280000035e+02 1.707040301080000044e-01
3.070970811340000068e+02 1.721326963250000008e-01
3.071387243400000102e+02 1.738914992960000072e-01
3.071803675459999567e+02 1.761923474290000013e-01
3.072220107530000064e+02 1.761252293979999883e-01
3.072636539590000098e+02 1.735344961639999906e-01
3.073052971650000131e+02 1.732957855410000025e-01
3.073469403709999597e+02 1.762031120039999899e-01
3.073885835780000093e+02 1.783498431609999990e-01
3.074302267839999558e+02 1.802730681920000078e-01
3.074718699900000161e+02 1.826438441169999927e-01
3.075135131959999626e+02 1.838912210210000009e-01
3.075551564030000122e+02 1.829655466860000135e-01
3.075967996089999588e+02 1.802890133800000017e-01
3.076384428150000190e+02 1.784821360880000096e-01
3.076800860219999549e+02 1.786962346669999924e-01
3.077217292280000152e+02 1.787675351069999974e-01
3.077633724339999617e+02 1.779583648090000136e-01
3.078050156400000219e+02 1.767591510579999969e-01
3.078466588469999579e+02 1.767659490210000128e-01
3.078883020530000181e+02 1.785892886800000134e-01
3.079299452589999646e+02 1.796981816190000025e-01
3.079715884650000248e+02 1.802584086709999867e-01
3.080132316719999608e+02 1.808948687159999957e-01
3.080548748780000210e+02 1.827008232529999943e-01
3.080965180839999675e+02 1.854400941190000041e-01
3.081381612900000277e+02 1.866586236130000076e-01
3.081798044969999637e+02 1.868536640079999922e-01
3.082214477030000239e+02 1.870948443050000076e-01
3.082630909089999705e+02 1.884866138179999984e-01
3.083047341150000307e+02 1.888006262290000126e-01
3.083463773219999666e+02 1.833572389089999921e-01
3.083880205280000268e+02 1.780233336660000110e-01
3.084296637339999734e+02 1.777379657560000104e-01
3.084713069400000336e+02 1.785190794740000031e-01
3.085129501469999695e+02 1.796552014189999880e-01
3.085545933530000298e+02 1.815376811689999870e-01
3.085962365589999763e+02 1.837825662370000113e-01
3.086378797649999797e+02 1.853289876130000124e-01
3.086795229719999725e+02 1.845621346780000060e-01
3.087211661780000327e+02 1.864114300159999960e-01
3.087628093839999792e+02 1.890405680820000101e-01
3.088044525899999826e+02 1.908715008990000128e-01
3.088460957969999754e+02 1.957885958360000012e-01
3.088877390029999788e+02 2.004815196249999931e-01
3.089293822089999821e+02 2.041812451929999883e-01
3.089710254149999855e+02 2.067948706280000049e-01
3.090126686219999783e+02 2.072544700289999930e-01
3.090543118279999817e+02 2.068119687960000008e-01
3.090959550339999851e+02 2.070503708539999932e-01
3.091375982399999884e+02 2.062609176830000057e-01
3.091792414469999812e+02 2.056936534079999990e-01
3.092208846529999846e+02 2.022886443299999892e-01
3.092625278589999880e+02 2.002610530089999896e-01
3.093041710649999914e+02 2.020390249990000053e-01
3.093458142719999842e+02 2.018551511979999880e-01
3.093874574779999875e+02 2.008118376830000107e-01
3.094291006839999909e+02 1.961671317500000011e-01
3.094707438909999837e+02 1.912530395819999895e-01
3.095123870969999871e+02 1.910099141940000134e-01
3.095540303029999905e+02 1.910058936969999954e-01
3.095956735089999938e+02 1.887482166180000087e-01
3.096373167159999866e+02 1.872667732839999877e-01
3.096789599219999900e+02 1.867166225490000109e-01
3.097206031279999934e+02 1.876300850479999949e-01
3.097622463339999968e+02 1.876130485040000129e-01
3.098038895409999895e+02 1.871926588579999884e-01
3.098455327469999929e+02 1.892839544480000025e-01
3.098871759529999963e+02 1.913402403749999980e-01
3.099288191589999997e+02 1.924375356870000053e-01
3.099704623659999925e+02 1.942352409249999967e-01
3.100121055719999958e+02 1.932007412429999904e-01
3.100537487779999992e+02 1.899975608310000008e-01
3.100953919840000026e+02 1.886550553740000136e-01
3.101370351909999954e+02 1.909604922639999980e-01
3.101786783969999988e+02 1.944361756830000065e-01
3.102203216030000021e+02 1.961536176270000098e-01
3.102619648090000055e+02 1.979104950729999868e-01
3.103036080159999983e+02 1.965024410239999964e-01
3.103452512220000017e+02 1.932812395890000090e-01
3.103868944280000051e+02 1.902954921230000096e-01
3.104285376340000084e+02 1.903453370750000095e-01
3.104701808410000012e+02 1.920004399409999951e-01
3.105118240470000046e+02 1.933310431910000016e-01
3.105534672530000080e+02 1.960080719610000077e-01
3.105951104590000114e+02 1.984349048950000138e-01
3.106367536660000042e+02 1.997983027920000043e-01
3.106783968720000075e+02 2.004210311240000042e-01
3.107200400780000109e+02 2.023205294000000043e-01
3.107616832840000143e+02 2.029789845040000096e-01
3.108033264910000071e+02 2.033962518319999968e-01
3.108449696970000105e+02 2.048541218180000012e-01
3.108866129030000138e+02 2.056718648389999904e-01
3.109282561090000172e+02 2.062823356990000079e-01
3.109698993160000100e+02 2.037458603520000133e-01
3.110115425220000134e+02 2.023099847039999954e-01
3.110531857280000168e+02 2.024928867899999929e-01
3.110948289350000096e+02 2.031864139200000030e-01
3.111364721410000129e+02 2.020267969379999917e-01
3.111781153470000163e+02 2.022053976890000049e-01
3.112197585530000197e+02 2.024361122560000004e-01
3.112614017600000125e+02 2.020957131610000013e-01
3.113030449660000158e+02 2.017889629329999990e-01
3.113446881720000192e+02 2.009754319139999967e-01
3.113863313780000226e+02 2.009949391960000054e-01
3.114279745850000154e+02 2.014685624479999881e-01
3.114696177910000188e+02 2.049538718939999948e-01
3.115112609970000221e+02 2.077714737830000102e-01
3.115529042029999687e+02 2.087523843709999938e-01
3.115945474100000183e+02 2.074270574189999994e-01
3.116361906160000217e+02 2.039107868620000097e-01
3.116778338220000251e+02 1.981611105180000054e-01
3.117194770279999716e+02 1.921071206739999870e-01
3.117611202350000212e+02 1.885454720939999940e-01
3.118027634409999678e+02 1.883034379780000045e-01
3.118444066470000280e+02 1.901458812319999914e-01
3.118860498529999745e+02 1.913856547040000133e-01
3.119276930600000242e+02 1.883542551709999902e-01
3.119693362659999707e+02 1.817252277049999920e-01
3.120109794720000309e+02 1.758962415599999995e-01
3.120526226779999774e+02 1.716838391609999959e-01
3.120942658850000271e+02 1.691733257670000046e-01
3.121359090909999736e+02 1.682461899999999899e-01
3.121775522970000338e+02 1.713627417009999931e-01
3.122191955029999804e+02 1.756970200390000070e-01
3.122608387100000300e+02 1.809219814190000108e-01
3.123024819159999765e+02 1.832490326450000040e-01
3.123441251220000368e+02 1.819030016619999912e-01
3.123857683279999833e+02 1.802869561990000091e-01
3.124274115350000329e+02 1.813802706310000123e-01
3.124690547409999795e+02 1.856494031099999997e-01
3.125106979470000397e+02 1.905173862170000121e-01
3.125523411529999862e+02 1.934530617009999898e-01
3.125939843600000358e+02 1.968319098999999905e-01
3.126356275659999824e+02 1.981282746330000066e-01
3.126772707720000426e+02 1.969119163789999905e-01
3.127189139779999891e+02 1.951301475910000027e-01
3.127605571850000388e+02 1.910041990620000019e-01
3.128022003909999853e+02 1.852857753369999971e-01
3.128438435969999887e+02 1.833573837809999996e-01
3.128854868039999815e+02 1.837708550849999900e-01
3.129271300100000417e+02 1.845444805789999976e-01
3.129687732159999882e+02 1.836939192379999919e-01
3.130104164219999916e+02 1.830228937360000030e-01
3.130520596289999844e+02 1.830923167100000082e-01
3.130937028350000446e+02 1.813062479370000091e-01
3.131353460409999911e+02 1.833251097180000067e-01
3.131769892469999945e+02 1.868670647310000099e-01
3.132186324539999873e+02 1.875445212000000084e-01
3.132602756599999907e+02 1.881208319300000098e-01
3.133019188659999941e+02 1.918687832060000098e-01
3.133435620719999974e+02 1.914735035579999967e-01
3.133852052789999902e+02 1.898100998239999893e-01
3.134268484849999936e+02 1.911189791519999903e-01
3.134684916909999970e+02 1.920568825260000057e-01
3.135101348970000004e+02 1.931711337479999901e-01
3.135517781039999932e+02 1.946138900530000049e-01
3.135934213099999965e+02 1.961246323949999981e-01
3.136350645159999999e+02 1.955142821939999942e-01
3.136767077220000033e+02 1.946928057910000121e-01
3.137183509289999961e+02 1.961929915030000138e-01
3.137599941349999995e+02 1.974299989789999876e-01
3.138016373410000028e+02 1.957057158939999875e-01
3.138432805470000062e+02 1.957961256740000100e-01
3.138849237539999990e+02 1.954910783340000069e-01
3.139265669600000024e+02 1.936786882579999980e-01
3.139682101660000058e+02 1.926733835190000133e-01
3.140098533720000091e+02 1.932487829910000121e-01
3.140514965790000019e+02 1.921640137279999883e-01
3.140931397850000053e+02 1.892062357850000098e-01
3.141347829910000087e+02 1.882872348150000097e-01
3.141764261970000121e+02 1.878346392059999925e-01
3.142180694040000049e+02 1.877894592959999942e-01
3.142597126100000082e+02 1.875408066510000082e-01
3.143013558159999548e+02 1.890261827639999892e-01
3.143429990220000150e+02 1.905994823030000007e-01
3.143846422290000078e+02 1.902714541939999893e-01
3.144262854350000111e+02 1.885649161090000026e-01
3.144679286409999577e+02 1.879182658749999901e-01
3.145095718480000073e+02 1.846418990149999995e-01
3.145512150540000107e+02 1.830964766879999983e-01
3.145928582600000141e+02 1.849552581820000097e-01
3.146345014659999606e+02 1.876587296189999865e-01
3.146761446730000102e+02 1.885531801919999861e-01
3.147177878789999568e+02 1.859026667270000099e-01
3.147594310850000170e+02 1.874167384279999959e-01
3.148010742909999635e+02 1.869664355150000012e-01
3.148427174980000132e+02 1.865140435000000041e-01
3.148843607039999597e+02 1.882701621229999900e-01
3.149260039100000199e+02 1.890266834529999995e-01
3.149676471159999664e+02 1.884038297199999989e-01
3.150092903230000161e+02 1.889449325160000026e-01
3.150509335289999626e+02 1.876669386120000116e-01
3.150925767350000228e+02 1.847250664669999876e-01
3.151342199409999694e+02 1.821602913310000071e-01
3.151758631480000190e+02 1.809005052119999901e-01
3.152175063539999655e+02 1.820455129069999956e-01
3.152591495600000258e+02 1.804792687389999983e-01
3.153007927659999723e+02 1.799690507020000052e-01
3.153424359730000219e+02 1.779532388819999866e-01
3.153840791789999685e+02 1.759404553720000097e-01
3.154257223850000287e+02 1.761058225179999992e-01
3.154673655909999752e+02 1.764050409679999987e-01
3.155090087980000249e+02 1.767580814309999970e-01
3.155506520039999714e+02 1.792052633310000087e-01
3.155922952100000316e+02 1.797945719800000119e-01
3.156339384159999781e+02 1.780984151730000131e-01
3.156755816230000278e+02 1.761654344670000039e-01
3.157172248289999743e+02 1.770775853309999870e-01
3.157588680349999777e+02 1.770908051260000060e-01
3.158005112409999811e+02 1.765642843770000026e-01
3.158421544480000307e+02 1.780438635580000040e-01
3.158837976539999772e+02 1.787763759529999996e-01
3.159254408599999806e+02 1.784878597419999879e-01
3.159670840659999840e+02 1.819546871709999958e-01
3.160087272730000336e+02 1.854216749089999949e-01
3.160503704789999802e+02 1.866106684889999867e-01
3.160920136849999835e+02 1.901308982009999871e-01
3.161336568909999869e+02 1.951225008799999938e-01
3.161753000979999797e+02 1.971222945339999866e-01
3.162169433039999831e+02 1.959154635889999996e-01
3.162585865099999864e+02 1.971466459710000119e-01
3.163002297169999792e+02 2.005237547210000082e-01
3.163418729229999826e+02 2.027927525440000045e-01
3.163835161289999860e+02 2.045061933550000044e-01
3.164251593349999894e+02 2.048527851220000029e-01
3.164668025419999822e+02 2.018411832179999865e-01
3.165084457479999855e+02 1.995547521990000128e-01
3.165500889539999889e+02 1.959308131830000133e-01
3.165917321599999923e+02 1.928842979429999938e-01
3.166333753669999851e+02 1.894475373139999919e-01
3.166750185729999885e+02 1.869191683009999994e-01
3.167166617789999918e+02 1.844778445449999915e-01
3.167583049849999952e+02 1.808341410319999898e-01
3.167999481919999880e+02 1.751450233019999914e-01
3.168415913979999914e+02 1.746427356559999977e-01
3.168832346039999948e+02 1.752121556300000049e-01
3.169248778099999981e+02 1.747175496770000114e-01
3.169665210169999909e+02 1.775648864559999929e-01
3.170081642229999943e+02 1.791801455370000129e-01
3.170498074289999977e+02 1.802095044129999879e-01
3.170914506350000011e+02 1.807153765939999990e-01
3.171330938419999939e+02 1.839650436359999974e-01
3.171747370479999972e+02 1.869013224630000081e-01
3.172163802540000006e+02 1.890086599799999934e-01
3.172580234600000040e+02 1.930640637300000129e-01
3.172996666669999968e+02 1.984794920000000074e-01
3.173413098730000002e+02 1.994186545849999936e-01
3.173829530790000035e+02 1.991747680879999982e-01
3.174245962850000069e+02 2.007826288369999879e-01
3.174662394919999997e+02 1.993878411670000073e-01
3.175078826980000031e+02 1.967841176890000043e-01
3.175495259040000064e+02 1.976625482799999889e-01
3.175911691100000098e+02 1.992800205749999942e-01
3.176328123170000026e+02 1.978197206919999895e-01
3.176744555230000060e+02 1.970663281800000000e-01
3.177160987290000094e+02 1.988841597440000053e-01
3.177577419350000127e+02 2.001867967740000032e-01
3.177993851420000055e+02 2.017631688990000061e-01
3.178410283480000089e+02 2.052169204540000014e-01
3.178826715540000123e+02 2.081048598240000103e-01
3.179243147610000051e+02 2.100436086649999923e-01
3.179659579670000085e+02 2.098839961579999913e-01
3.180076011730000118e+02 2.111718470850000029e-01
3.180492443790000152e+02 2.120903222309999947e-01
3.180908875860000080e+02 2.132242436519999895e-01
3.181325307920000114e+02 2.142638407509999954e-01
3.181741739980000148e+02 2.174840138609999973e-01
3.182158172040000181e+02 2.182057044090000009e-01
3.182574604110000109e+02 2.158811681879999889e-01
3.182991036170000143e+02 2.115518125280000106e-01
3.183407468230000177e+02 2.053084766920000026e-01
3.183823900290000211e+02 2.026898513200000029e-01
3.184240332360000139e+02 2.019262695479999981e-01
3.184656764420000172e+02 2.038773061680000109e-01
3.185073196480000206e+02 2.065198083520000116e-01
3.185489628540000240e+02 2.084804349559999936e-01
3.185906060610000168e+02 2.086225557580000112e-01
3.186322492670000202e+02 2.083473784279999963e-01
3.186738924729999667e+02 2.044323855909999932e-01
3.187155356790000269e+02 2.039093668970000106e-01
3.187571788860000197e+02 2.065295621819999983e-01
3.187988220920000231e+02 2.093142105870000047e-01
3.188404652979999696e+02 2.107193991440000080e-01
3.188821085040000298e+02 2.078349924810000138e-01
3.189237517110000226e+02 2.074209905340000104e-01
3.189653949170000260e+02 2.054576017499999963e-01
3.190070381229999725e+02 2.020208654550000038e-01
3.190486813290000327e+02 1.998638041349999894e-01
3.190903245359999687e+02 1.991746803090000129e-01
3.191319677420000289e+02 1.971939244520000134e-01
3.191736109479999755e+02 1.973856685940000022e-01
3.192152541540000357e+02 1.944279435390000033e-01
3.192568973609999716e+02 1.870530627800000012e-01
3.192985405670000318e+02 1.832553337199999965e-01
3.193401837729999784e+02 1.854118202850000008e-01
3.193818269790000386e+02 1.883929600760000100e-01
3.194234701859999745e+02 1.881233352879999876e-01
3.194651133920000348e+02 1.889905948049999951e-01
3.195067565979999813e+02 1.914662918479999865e-01
3.195483998040000415e+02 1.935661372489999865e-01
3.195900430109999775e+02 1.930525472690000077e-01
3.196316862170000377e+02 1.936002637829999928e-01
3.196733294229999842e+02 1.941297879370000035e-01
3.197149726300000339e+02 1.953928216849999955e-01
3.197566158359999804e+02 2.004230823700000053e-01
3.197982590420000406e+02 2.031275781659999946e-01
3.198399022479999871e+02 2.012908297750000131e-01
3.198815454550000368e+02 2.009260761820000074e-01
3.199231886609999833e+02 2.004260614389999917e-01
3.199648318670000435e+02 1.976889912689999973e-01
3.200064750729999901e+02 1.938962268739999883e-01
3.200481182800000397e+02 1.921548680650000118e-01
3.200897614859999862e+02 1.931633300289999911e-01
3.201314046919999896e+02 1.942537001059999879e-01
3.201730478979999930e+02 1.942109865689999881e-01
3.202146911050000426e+02 1.956345410089999903e-01
3.202563343109999892e+02 1.950675495009999982e-01
3.202979775169999925e+02 1.950323915559999954e-01
3.203396207229999959e+02 1.952949216029999935e-01
3.203812639299999887e+02 1.960378938650000069e-01
3.204229071359999921e+02 1.963957982170000116e-01
3.204645503419999955e+02 1.968860446039999990e-01
3.205061935479999988e+02 1.962490487740000122e-01
3.205478367549999916e+02 1.952080350969999933e-01
3.205894799609999950e+02 1.938698744990000056e-01
3.206311231669999984e+02 1.938225761819999948e-01
3.206727663730000017e+02 1.958429112410000061e-01
3.207144095799999945e+02 1.971076712790000018e-01
3.207560527859999979e+02 1.980222507920000041e-01
3.207976959920000013e+02 2.001209922109999928e-01
3.208393391980000047e+02 2.004971201450000129e-01
3.208809824049999975e+02 1.997389046040000116e-01
3.209226256110000008e+02 2.008076399919999921e-01
3.209642688170000042e+02 2.029995740649999936e-01
3.210059120230000076e+02 2.066234199649999992e-01
3.210475552300000004e+02 2.088830722889999936e-01
3.210891984360000038e+02 2.094107276440000109e-01
3.211308416420000071e+02 2.085545336359999891e-01
3.211724848480000105e+02 2.066014631520000089e-01
3.212141280550000033e+02 2.041296497560000089e-01
3.212557712610000067e+02 2.029748270850000036e-01
3.212974144670000101e+02 2.015276687679999901e-01
3.213390576740000029e+02 2.015127147920000028e-01
3.213807008800000062e+02 1.994692944049999972e-01
3.214223440860000096e+02 1.957371874409999934e-01
3.214639872920000130e+02 1.924070163169999959e-01
3.215056304990000058e+02 1.892234655720000103e-01
3.215472737050000092e+02 1.866780238159999883e-01
3.215889169109999557e+02 1.856518589089999893e-01
3.216305601170000159e+02 1.856331032380000023e-01
3.216722033240000087e+02 1.845200576300000117e-01
3.217138465300000121e+02 1.821916872919999986e-01
3.217554897359999586e+02 1.805126210090000072e-01
3.217971329420000188e+02 1.787084727290000064e-01
3.218387761489999548e+02 1.766420575519999925e-01
3.218804193550000150e+02 1.769963576130000049e-01
3.219220625609999615e+02 1.795957323559999874e-01
3.219637057670000218e+02 1.824181067660000100e-01
3.220053489739999577e+02 1.837761548390000055e-01
3.220469921800000179e+02 1.853307573719999990e-01
3.220886353859999645e+02 1.877131642069999884e-01
3.221302785920000247e+02 1.923739671259999950e-01
3.221719217989999606e+02 1.959772296810000092e-01
3.222135650050000208e+02 2.000366698100000118e-01
3.222552082109999674e+02 2.038000068040000112e-01
3.222968514170000276e+02 2.077700340370000065e-01
3.223384946239999636e+02 2.113754376339999907e-01
3.223801378300000238e+02 2.128268363049999889e-01
3.224217810359999703e+02 2.113220138920000046e-01
3.224634242420000305e+02 2.105657085450000077e-01
3.225050674489999665e+02 2.106891369620000065e-01
3.225467106550000267e+02 2.077515581230000019e-01
3.225883538609999732e+02 2.036418309949999950e-01
3.226299970670000334e+02 1.979905367039999919e-01
3.226716402739999694e+02 1.971043615130000093e-01
3.227132834800000296e+02 1.974578086690000067e-01
3.227549266859999761e+02 1.964131221700000096e-01
3.227965698919999795e+02 1.949531049680000017e-01
3.228382130989999723e+02 1.928419043250000076e-01
3.228798563050000325e+02 1.936761263579999948e-01
3.229214995109999791e+02 1.982006638119999942e-01
3.229631427169999824e+02 2.012102037150000078e-01
3.230047859239999752e+02 2.016625354719999985e-01
3.230464291299999786e+02 2.032905539490000024e-01
3.230880723359999820e+02 2.050744721880000121e-01
3.231297155430000316e+02 2.065738264810000058e-01
3.231713587489999782e+02 2.055843250240000086e-01
3.232130019549999815e+02 2.074765051789999870e-01
3.232546451609999849e+02 2.100920990969999957e-01
3.232962883679999777e+02 2.110476390400000124e-01
3.233379315739999811e+02 2.133415118239999908e-01
3.233795747799999845e+02 2.134345433429999939e-01
3.234212179859999878e+02 2.109800424319999979e-01
3.234628611929999806e+02 2.099514415169999870e-01
3.235045043989999840e+02 2.114698405980000029e-01
3.235461476049999874e+02 2.126843856700000035e-01
3.235877908109999908e+02 2.138871847899999901e-01
3.236294340179999836e+02 2.158715028329999952e-01
3.236710772239999869e+02 2.191807306159999913e-01
3.237127204299999903e+02 2.201858505809999866e-01
3.237543636359999937e+02 2.197507599999999894e-01
3.237960068429999865e+02 2.187217226000000014e-01
3.238376500489999898e+02 2.175190194449999892e-01
3.238792932549999932e+02 2.184737842520000084e-01
3.239209364609999966e+02 2.212254399259999949e-01
3.239625796679999894e+02 2.236431797200000016e-01
3.240042228739999928e+02 2.257198809379999949e-01
3.240458660799999961e+02 2.278317021600000103e-01
3.240875092859999995e+02 2.290283694580000085e-01
3.241291524929999923e+02 2.287666698180000069e-01
3.241707956989999957e+02 2.262748379350000005e-01
3.242124389049999991e+02 2.222893457179999921e-01
3.242540821110000024e+02 2.208126871789999890e-01
3.242957253179999952e+02 2.188378833409999891e-01
3.243373685239999986e+02 2.165896158320000098e-01
3.243790117300000020e+02 2.168031021290000027e-01
3.244206549360000054e+02 2.159146580250000114e-01
3.244622981429999982e+02 2.147408976869999986e-01
3.245039413490000015e+02 2.126057321760000118e-01
3.245455845550000049e+02 2.119310044340000088e-01
3.245872277610000083e+02 2.119190184629999862e-01
3.246288709680000011e+02 2.112449022579999947e-01
3.246705141740000045e+02 2.122158987249999906e-01
3.247121573800000078e+02 2.146575222780000014e-01
3.247538005870000006e+02 2.164423389790000041e-01
3.247954437930000040e+02 2.197225724200000119e-01
3.248370869990000074e+02 2.239874166960000024e-01
3.248787302050000108e+02 2.229974234310000136e-01
3.249203734120000036e+02 2.212829702519999997e-01
3.249620166180000069e+02 2.204434765509999949e-01
3.250036598240000103e+02 2.202901918240000034e-01
3.250453030300000137e+02 2.191812900000000008e-01
3.250869462370000065e+02 2.198949875270000132e-01
3.251285894430000099e+02 2.229902475780000115e-01
3.251702326490000132e+02 2.242614475539999874e-01
3.252118758550000166e+02 2.235938772609999958e-01
3.252535190620000094e+02 2.198995257480000076e-01
3.252951622680000128e+02 2.155085415009999894e-01
3.253368054740000161e+02 2.111398954840000008e-01
3.253784486800000195e+02 2.095340632430000016e-01
3.254200918870000123e+02 2.084977497870000029e-01
3.254617350930000157e+02 2.069658090220000135e-01
3.255033782990000191e+02 2.065387752610000072e-01
3.255450215050000224e+02 2.049123428390000057e-01
3.255866647120000152e+02 2.007674052389999964e-01
3.256283079180000186e+02 1.955889516659999883e-01
3.256699511240000220e+02 1.917634914959999992e-01
3.257115943299999685e+02 1.894958577170000047e-01
3.257532375370000182e+02 1.884680213609999933e-01
3.257948807430000215e+02 1.888934904219999877e-01
3.258365239490000249e+02 1.895058342760000125e-01
3.258781671549999714e+02 1.906953629329999900e-01
3.259198103620000211e+02 1.924866336659999955e-01
3.259614535679999676e+02 1.940064330050000063e-01
3.260030967740000278e+02 1.928034202580000134e-01
3.260447399799999744e+02 1.942888158549999911e-01
3.260863831870000240e+02 1.972562444569999907e-01
3.261280263929999705e+02 1.972707748799999994e-01
3.261696695990000308e+02 1.974001486180000098e-01
3.262113128049999773e+02 2.001663419370000030e-01
3.262529560120000269e+02 2.052872376659999887e-01
3.262945992179999735e+02 2.071720544279999909e-01
3.263362424240000337e+02 2.070243356360000064e-01
3.263778856299999802e+02 2.074189351669999959e-01
3.264195288370000299e+02 2.077120845429999973e-01
3.264611720429999764e+02 2.065517907530000086e-01
3.265028152490000366e+02 2.074452118479999940e-01
3.265444584559999726e+02 2.077898141700000034e-01
3.265861016620000328e+02 2.082940172199999884e-01
3.266277448679999793e+02 2.094366444569999985e-01
3.266693880740000395e+02 2.084263300720000101e-01
3.267110312809999755e+02 2.033102826390000006e-01
3.267526744870000357e+02 1.979673461229999876e-01
3.267943176929999822e+02 1.954380878320000070e-01
3.268359608990000424e+02 1.951695074329999890e-01
3.268776041059999784e+02 1.946045181059999907e-01
3.269192473120000386e+02 1.933647475270000027e-01
3.269608905179999851e+02 1.924376576640000058e-01
3.270025337240000454e+02 1.920343498890000056e-01
3.270441769309999813e+02 1.910914783440000042e-01
3.270858201370000415e+02 1.897747586859999946e-01
3.271274633429999881e+02 1.891262882699999981e-01
3.271691065489999914e+02 1.908595574189999866e-01
3.272107497559999842e+02 1.949837578649999958e-01
3.272523929620000445e+02 1.980059339349999892e-01
3.272940361679999910e+02 2.002638823479999941e-01
3.273356793739999944e+02 2.012439954249999885e-01
3.273773225809999872e+02 2.020480016129999890e-01
3.274189657869999905e+02 2.003725957810000013e-01
3.274606089929999939e+02 1.998060787120000126e-01
3.275022521989999973e+02 1.988802622760000027e-01
3.275438954059999901e+02 1.982625691590000072e-01
3.275855386119999935e+02 2.004077807000000100e-01
3.276271818179999968e+02 2.026679332730000060e-01
3.276688250240000002e+02 2.033855019780000106e-01
3.277104682309999930e+02 2.033652704439999903e-01
3.277521114369999964e+02 2.039961582400000029e-01
3.277937546429999998e+02 2.042800505179999948e-01
3.278353978490000031e+02 2.054549951830000054e-01
3.278770410559999959e+02 2.038940592900000126e-01
3.279186842619999993e+02 2.038790852119999886e-01
3.279603274680000027e+02 2.041439961289999994e-01
3.280019706740000061e+02 2.002960538530000056e-01
3.280436138809999989e+02 1.892301072869999878e-01
3.280852570870000022e+02 1.714614981089999934e-01
3.281269002930000056e+02 1.540757277779999934e-01
3.281685434999999984e+02 1.374178578399999906e-01
3.282101867060000018e+02 1.203479156160000008e-01
3.282518299120000052e+02 1.025500185440000045e-01
3.282934731180000085e+02 8.559229066600000657e-02
3.283351163250000013e+02 6.820564618219999986e-02
3.283767595310000047e+02 5.222162828589999722e-02
3.284184027370000081e+02 3.723189590449999670e-02
3.284600459429999546e+02 2.154068405979999920e-02
3.285016891500000042e+02 9.837155047859999155e-03
3.285433323560000076e+02 4.887210743909999912e-03
3.285849755620000110e+02 3.654685644419999966e-03
3.286266187679999575e+02 2.880551776590000064e-03
3.286682619750000072e+02 2.240774103230000133e-03
3.287099051810000105e+02 1.740259881640000015e-03
3.287515483870000139e+02 1.478896554060000080e-03
3.287931915929999604e+02 1.267887268280000089e-03
3.288348348000000101e+02 1.094071290670000068e-03
3.288764780059999566e+02 9.485097195839999659e-04
3.289181212120000168e+02 8.249104945459999512e-04
3.289597644179999634e+02 7.187210739670000246e-04
3.290014076250000130e+02 6.266780446329999659e-04
3.290430508309999595e+02 5.680759788799999779e-04
3.290846940370000198e+02 5.324609064669999937e-04
3.291263372429999663e+02 5.001355544220000308e-04
3.291679804500000159e+02 4.707831363010000093e-04
3.292096236559999625e+02 4.314304379360000261e-04
3.292512668620000227e+02 3.811802759419999961e-04
3.292929100679999692e+02 3.341072902669999889e-04
3.293345532750000189e+02 2.899144691940000072e-04
3.293761964809999654e+02 2.483472523360000218e-04
3.294178396870000256e+02 2.091777356109999900e-04
3.294594828929999721e+02 1.722048416520000134e-04
3.295011261000000218e+02 1.372607618029999925e-04
3.295427693059999683e+02 1.041755371339999958e-04
3.295844125120000285e+02 7.280223226829999662e-05
3.296260557179999751e+02 4.300910401109999970e-05
3.296676989250000247e+02 1.467880992590000075e-05
3.297093421309999712e+02 5.557381187120000278e-08
3.297509853370000314e+02 4.969931303699999830e-08
3.297926285429999780e+02 4.382481420269999760e-08
3.298342717500000276e+02 3.795031536849999974e-08
3.298759149559999742e+02 3.207581653430000187e-08
3.299175581619999775e+02 2.620131770010000070e-08
3.299592013689999703e+02 2.032681886589999952e-08
3.300008445750000305e+02 1.489814809379999976e-08
3.300424877809999771e+02 1.073903286900000031e-08
3.300841309869999805e+02 6.579917644179999640e-09
3.301257741939999732e+02 2.420802419359999794e-09
3.301674174000000335e+02 0.000000000000000000e+00
3.302090606059999800e+02 0.000000000000000000e+00
3.302507038119999834e+02 0.000000000000000000e+00
3.302923470189999762e+02 0.000000000000000000e+00
3.303339902249999795e+02 0.000000000000000000e+00
3.303756334309999829e+02 0.000000000000000000e+00
3.304172766369999863e+02 0.000000000000000000e+00
3.304589198439999791e+02 0.000000000000000000e+00
3.305005630499999825e+02 0.000000000000000000e+00
3.305422062559999858e+02 0.000000000000000000e+00
3.305838494619999892e+02 0.000000000000000000e+00
3.306254926689999820e+02 0.000000000000000000e+00
3.306671358749999854e+02 0.000000000000000000e+00
3.307087790809999888e+02 0.000000000000000000e+00
3.307504222869999921e+02 0.000000000000000000e+00
3.307920654939999849e+02 0.000000000000000000e+00
3.308337086999999883e+02 0.000000000000000000e+00
3.308753519059999917e+02 0.000000000000000000e+00
3.309169951119999951e+02 0.000000000000000000e+00
3.309586383189999879e+02 0.000000000000000000e+00
3.310002815249999912e+02 0.000000000000000000e+00
3.310419247309999946e+02 0.000000000000000000e+00
3.310835679369999980e+02 0.000000000000000000e+00
3.311252111439999908e+02 0.000000000000000000e+00
3.311668543499999942e+02 0.000000000000000000e+00
3.312084975559999975e+02 0.000000000000000000e+00
3.312501407620000009e+02 0.000000000000000000e+00
3.312917839689999937e+02 0.000000000000000000e+00
3.313334271749999971e+02 0.000000000000000000e+00
3.313750703810000005e+02 0.000000000000000000e+00
3.314167135870000038e+02 0.000000000000000000e+00
3.314583567939999966e+02 0.000000000000000000e+00
3.315000000000000000e+02 0.000000000000000000e+00
