# Wavelength (Nm)      Variance
2.900099999999999909e+02 2.094810599999999967e-01
2.900872140760000093e+02 2.118588974189999918e-01
2.901644281519999709e+02 2.070104364220000104e-01
2.902416422289999787e+02 1.983737420530000128e-01
2.903188563049999971e+02 2.016610775369999942e-01
2.903960703809999586e+02 2.051941091499999981e-01
2.904732844569999770e+02 2.132938430499999871e-01
2.905504985339999848e+02 2.163041508499999876e-01
2.906277126100000032e+02 2.203111688559999948e-01
2.907049266860000216e+02 2.289387952489999878e-01
2.907821407620000400e+02 2.315102361880000126e-01
2.908593548389999910e+02 2.305418625810000122e-01
2.909365689150000094e+02 2.243702485630000021e-01
2.910137829910000278e+02 2.191037561289999880e-01
2.910909970669999893e+02 2.157647719649999907e-01
2.911682111439999971e+02 2.154256840469999934e-01
2.912454252200000155e+02 2.162480378889999888e-01
2.913226392959999771e+02 2.198359150149999941e-01
2.913998533719999955e+02 2.240605681520000114e-01
2.914770674490000033e+02 2.259710900880000095e-01
2.915542815249999649e+02 2.292321268040000137e-01
2.916314956009999833e+02 2.269102967159999928e-01
2.917087096770000016e+02 2.198372309680000081e-01
2.917859237540000095e+02 2.183730570669999982e-01
2.918631378300000279e+02 2.145991734309999899e-01
2.919403519059999894e+02 2.112202302639999973e-01
2.920175659820000078e+02 2.113267869209999872e-01
2.920947800590000156e+02 2.082698642230000063e-01
2.921719941350000340e+02 2.125174320819999962e-01
2.922492082109999956e+02 2.129711760699999901e-01
2.923264222870000140e+02 2.107251017010000060e-01
2.924036363640000218e+02 2.106624145450000096e-01
2.924808504399999833e+02 2.048521282109999897e-01
2.925580645160000017e+02 2.055809090319999921e-01
2.926352785919999633e+02 2.031583102639999971e-01
2.927124926689999711e+02 2.029268725510000038e-01
2.927897067449999895e+02 2.078580659239999961e-01
2.928669208210000079e+02 2.099251883280000008e-01
2.929441348970000263e+02 2.149498378889999894e-01
2.930213489740000341e+02 2.146575668619999933e-01
2.930985630499999957e+02 2.111044802350000027e-01
2.931757771260000141e+02 2.116479163639999883e-01
2.932529912020000324e+02 2.090841176540000068e-01
2.933302052789999834e+02 2.060609987679999922e-01
2.934074193550000018e+02 2.037570890319999883e-01
2.934846334310000202e+02 2.029619458649999930e-01
2.935618475069999818e+02 2.018961907919999965e-01
2.936390615839999896e+02 2.049564315540000070e-01
2.937162756600000080e+02 2.028703950730000038e-01
2.937934897359999695e+02 2.031978936069999964e-01
2.938707038119999879e+02 2.003672303809999888e-01
2.939479178889999957e+02 1.988866063339999879e-01
2.940251319650000141e+02 2.004530496190000122e-01
2.941023460410000325e+02 2.041349072139999887e-01
2.941795601169999941e+02 2.096100920229999887e-01
2.942567741940000019e+02 2.171654329029999997e-01
2.943339882700000203e+02 2.201645625220000069e-01
2.944112023459999818e+02 2.220048915539999945e-01
2.944884164220000002e+02 2.229108088560000089e-01
2.945656304990000081e+02 2.201769228150000091e-01
2.946428445749999696e+02 2.145177130789999997e-01
2.947200586509999880e+02 2.103201936069999944e-01
2.947972727270000064e+02 2.096053854549999873e-01
2.948744868039999574e+02 2.108681126099999914e-01
2.949517008799999758e+02 2.134168195889999953e-01
2.950289149559999942e+02 2.171200716130000097e-01
2.951061290320000126e+02 2.233890470969999986e-01
2.951833431090000204e+02 2.224065304989999992e-01
2.952605571850000388e+02 2.185107721990000029e-01
2.953377712610000003e+02 2.172367461580000103e-01
2.954149853370000187e+02 2.178053111440000078e-01
2.954921994129999803e+02 2.145085116129999969e-01
2.955694134899999881e+02 2.121958110849999912e-01
2.956466275660000065e+02 2.118277931379999868e-01
2.957238416419999680e+02 2.150980584749999924e-01
2.958010557179999864e+02 2.123402544280000026e-01
2.958782697949999942e+02 2.084388130210000079e-01
2.959554838709999558e+02 2.067174354840000117e-01
2.960326979469999742e+02 2.046975699119999992e-01
2.961099120229999926e+02 2.002757455130000086e-01
2.961871261000000004e+02 1.979992608799999998e-01
2.962643401760000188e+02 2.010623064519999892e-01
2.963415542520000372e+02 2.061828133140000130e-01
2.964187683279999987e+02 2.089645283869999981e-01
2.964959824050000066e+02 2.114041133719999910e-01
2.965731964810000250e+02 2.139528580060000018e-01
2.966504105569999865e+02 2.170937106159999963e-01
2.967276246330000049e+02 2.182302993549999903e-01
2.968048387100000127e+02 2.200348264520000097e-01
2.968820527859999743e+02 2.221355259820000094e-01
2.969592668619999927e+02 2.269638933719999863e-01
2.970364809380000111e+02 2.301150804110000114e-01
2.971136950149999620e+02 2.311754937830000078e-01
2.971909090909999804e+02 2.285895890909999950e-01
2.972681231669999988e+02 2.269105850439999961e-01
2.973453372430000172e+02 2.251088183580000068e-01
2.974225513200000250e+02 2.219473610559999921e-01
2.974997653960000434e+02 2.152014114960000002e-01
2.975769794720000050e+02 2.097823418180000121e-01
2.976541935480000234e+02 2.077546683869999911e-01
2.977314076250000312e+02 2.098372855719999874e-01
2.978086217009999928e+02 2.104455095599999936e-01
2.978858357770000111e+02 2.113791194129999995e-01
2.979630498529999727e+02 2.130852538999999934e-01
2.980402639299999805e+02 2.156238208210000118e-01
2.981174780059999989e+02 2.189170867449999891e-01
2.981946920819999605e+02 2.185756092080000101e-01
2.982719061579999789e+02 2.204081462170000005e-01
2.983491202349999867e+02 2.215364305570000081e-01
2.984263343110000051e+02 2.212138295009999922e-01
2.985035483870000235e+02 2.210716290320000055e-01
2.985807624630000419e+02 2.214636266280000099e-01
2.986579765399999928e+02 2.211875161290000058e-01
2.987351906160000112e+02 2.211578946040000104e-01
2.988124046920000296e+02 2.203198947799999974e-01
2.988896187679999912e+02 2.213010858649999968e-01
2.989668328449999990e+02 2.198157825810000132e-01
2.990440469210000174e+02 2.210638837539999901e-01
2.991212609969999789e+02 2.174941906160000049e-01
2.991984750729999973e+02 2.202627063339999969e-01
2.992756891500000052e+02 2.153009072139999980e-01
2.993529032259999667e+02 2.100507006450000047e-01
2.994301173019999851e+02 2.089873333720000115e-01
2.995073313780000035e+02 2.094723761289999930e-01
2.995845454550000113e+02 2.125109327270000015e-01
2.996617595310000297e+02 2.115170533719999968e-01
2.997389736069999913e+02 2.121971763640000119e-01
2.998161876830000097e+02 2.162258978300000134e-01
2.998934017600000175e+02 2.197001730789999996e-01
2.999706158359999790e+02 2.241971370090000137e-01
3.000478299119999974e+02 2.216238445750000063e-01
3.001250439880000158e+02 2.231597828150000129e-01
3.002022580649999668e+02 2.247584225810000114e-01
3.002794721409999852e+02 2.254798300289999891e-01
3.003566862170000036e+02 2.173064572429999897e-01
3.004339002929999651e+02 2.129966150729999952e-01
3.005111143699999730e+02 2.105610367740000100e-01
3.005883284459999913e+02 2.140482070380000101e-01
3.006655425220000097e+02 2.144939794129999966e-01
3.007427565980000281e+02 2.099495736660000056e-01
3.008199706739999897e+02 2.116490127270000132e-01
3.008971847509999975e+02 2.148196279179999946e-01
3.009743988270000159e+02 2.151233988859999890e-01
3.010516129029999775e+02 2.149448148389999924e-01
3.011288269789999958e+02 2.146883252790000030e-01
3.012060410560000037e+02 2.177555778299999911e-01
3.012832551320000221e+02 2.241458448089999889e-01
3.013604692079999836e+02 2.296772544279999939e-01
3.014376832840000020e+02 2.364351296190000118e-01
3.015148973610000098e+02 2.365425643990000104e-01
3.015921114369999714e+02 2.378489631090000000e-01
3.016693255129999898e+02 2.365464243400000055e-01
3.017465395890000082e+02 2.323307558359999914e-01
3.018237536660000160e+02 2.317530561879999895e-01
3.019009677420000344e+02 2.308082477420000111e-01
3.019781818179999959e+02 2.304823581819999967e-01
3.020553958940000143e+02 2.317574080350000010e-01
3.021326099710000221e+02 2.323971464519999919e-01
3.022098240469999837e+02 2.327018371850000100e-01
3.022870381230000021e+02 2.332312779469999930e-01
3.023642521990000205e+02 2.313928795890000112e-01
3.024414662759999715e+02 2.297797440469999952e-01
3.025186803519999899e+02 2.262382961880000098e-01
3.025958944280000082e+02 2.257147857479999964e-01
3.026731085039999698e+02 2.306897409379999875e-01
3.027503225809999776e+02 2.290193019350000025e-01
3.028275366569999960e+02 2.256144017599999996e-01
3.029047507330000144e+02 2.265198816419999872e-01
3.029819648090000328e+02 2.262693817009999997e-01
3.030591788860000406e+02 2.295457470970000136e-01
3.031363929620000022e+02 2.260101927269999866e-01
3.032136070380000206e+02 2.239078266860000110e-01
3.032908211139999821e+02 2.270353524339999984e-01
3.033680351909999899e+02 2.281506876249999871e-01
3.034452492670000083e+02 2.291907339589999981e-01
3.035224633429999699e+02 2.290845110259999984e-01
3.035996774189999883e+02 2.276955058060000092e-01
3.036768914959999961e+02 2.263287687390000136e-01
3.037541055719999576e+02 2.266720081520000041e-01
3.038313196479999760e+02 2.260681468040000031e-01
3.039085337239999944e+02 2.248596893260000062e-01
3.039857478010000023e+02 2.243392853370000106e-01
3.040629618770000206e+02 2.242097625810000050e-01
3.041401759530000390e+02 2.213459303810000056e-01
3.042173900290000006e+02 2.237353501469999950e-01
3.042946041060000084e+02 2.200654696769999974e-01
3.043718181820000268e+02 2.177059418179999872e-01
3.044490322579999884e+02 2.119547438709999954e-01
3.045262463340000068e+02 2.048104238119999865e-01
3.046034604110000146e+02 2.066196089740000019e-01
3.046806744869999761e+02 2.052115303229999910e-01
3.047578885629999945e+02 2.059148116129999873e-01
3.048351026389999561e+02 2.070018222870000091e-01
3.049123167159999639e+02 2.109558371849999947e-01
3.049895307919999823e+02 2.171526270970000061e-01
3.050667448680000007e+02 2.209844486800000007e-01
3.051439589440000191e+02 2.190718337239999924e-01
3.052211730210000269e+02 2.186002397069999881e-01
3.052983870970000453e+02 2.200681832259999970e-01
3.053756011730000068e+02 2.188872194129999893e-01
3.054528152490000252e+02 2.124302180060000100e-01
3.055300293260000331e+02 2.109911643990000085e-01
3.056072434019999946e+02 2.106571394129999886e-01
3.056844574780000130e+02 2.132437636950000048e-01
3.057616715539999745e+02 2.127854807619999900e-01
3.058388856299999929e+02 2.136327664519999947e-01
3.059160997070000008e+02 2.178165853959999898e-01
3.059933137829999623e+02 2.200806729620000124e-01
3.060705278589999807e+02 2.198019092079999959e-01
3.061477419349999991e+02 2.219970632259999910e-01
3.062249560120000069e+02 2.262772151319999980e-01
3.063021700880000253e+02 2.275660407039999944e-01
3.063793841640000437e+02 2.273658545449999957e-01
3.064565982400000053e+02 2.314170177709999887e-01
3.065338123170000131e+02 2.374906234020000007e-01
3.066110263930000315e+02 2.403712924929999883e-01
3.066882404689999930e+02 2.369175107329999919e-01
3.067654545450000114e+02 2.347282418180000052e-01
3.068426686220000192e+02 2.307235504400000081e-01
3.069198826979999808e+02 2.274851245160000035e-01
3.069970967739999992e+02 2.255898535480000133e-01
3.070743108499999607e+02 2.180072251609999900e-01
3.071515249269999686e+02 2.145872882110000102e-01
3.072287390029999870e+02 2.122769595890000027e-01
3.073059530790000053e+02 2.159847801170000081e-01
3.073831671550000237e+02 2.235425862169999889e-01
3.074603812320000316e+02 2.270022729620000124e-01
3.075375953079999931e+02 2.235126538420000031e-01
3.076148093840000115e+02 2.203675632260000128e-01
3.076920234600000299e+02 2.181694504399999957e-01
3.077692375369999809e+02 2.158887226389999969e-01
3.078464516129999993e+02 2.066625135479999986e-01
3.079236656890000177e+02 1.935909152489999896e-01
3.080008797649999792e+02 1.874876913200000106e-01
3.080780938419999870e+02 1.869282874490000024e-01
3.081553079180000054e+02 1.868897387679999966e-01
3.082325219939999670e+02 1.830058136659999946e-01
3.083097360699999854e+02 1.788815087979999940e-01
3.083869501469999932e+02 1.836244649850000132e-01
3.084641642230000116e+02 1.812501068619999933e-01
3.085413782990000300e+02 1.798545591790000064e-01
3.086185923749999915e+02 1.773972666280000110e-01
3.086958064519999994e+02 1.769578541940000083e-01
3.087730205280000177e+02 1.781745069790000024e-01
3.088502346039999793e+02 1.778503147799999906e-01
3.089274486799999977e+02 1.779766378300000063e-01
3.090046627570000055e+02 1.798678951319999941e-01
3.090818768329999671e+02 1.785689853959999962e-01
3.091590909089999855e+02 1.786512309090000084e-01
3.092363049850000039e+02 1.777524659240000138e-01
3.093135190619999548e+02 1.773519994720000048e-01
3.093907331379999732e+02 1.744677289740000081e-01
3.094679472139999916e+02 1.743450755429999943e-01
3.095451612900000100e+02 1.782887729029999924e-01
3.096223753670000178e+02 1.834157198830000113e-01
3.096995894430000362e+02 1.838772312610000015e-01
3.097768035189999978e+02 1.862741792379999928e-01
3.098540175950000162e+02 1.868240149560000118e-01
3.099312316720000240e+02 1.851100742519999898e-01
3.100084457479999855e+02 1.872213456890000072e-01
3.100856598240000039e+02 1.833820755430000116e-01
3.101628739000000223e+02 1.782547420529999871e-01
3.102400879769999733e+02 1.763089955430000022e-01
3.103173020529999917e+02 1.724354415840000099e-01
3.103945161290000101e+02 1.743192619349999972e-01
3.104717302049999716e+02 1.726647465689999938e-01
3.105489442819999795e+02 1.707437785919999895e-01
3.106261583579999979e+02 1.746036129029999995e-01
3.107033724340000163e+02 1.778894072140000115e-01
3.107805865100000347e+02 1.812192358359999977e-01
3.108578005870000425e+02 1.847410293260000058e-01
3.109350146630000040e+02 1.861935404689999962e-01
3.110122287390000224e+02 1.909743434020000075e-01
3.110894428149999840e+02 1.930225421700000055e-01
3.111666568910000024e+02 1.930743307920000096e-01
3.112438709680000102e+02 1.919292593549999926e-01
3.113210850439999717e+02 1.855339382400000015e-01
3.113982991199999901e+02 1.816738858059999961e-01
3.114755131960000085e+02 1.763493066279999966e-01
3.115527272729999595e+02 1.727981163639999984e-01
3.116299413489999779e+02 1.744402665099999972e-01
3.117071554249999963e+02 1.751723259240000052e-01
3.117843695010000147e+02 1.775173664520000028e-01
3.118615835780000225e+02 1.832691273310000091e-01
3.119387976540000409e+02 1.832772912020000089e-01
3.120160117300000024e+02 1.863437151909999867e-01
3.120932258060000208e+02 1.889871187100000127e-01
3.121704398830000287e+02 1.838344323749999953e-01
3.122476539589999902e+02 1.864395414660000028e-01
3.123248680350000086e+02 1.841561968909999902e-01
3.124020821109999702e+02 1.901155407039999967e-01
3.124792961879999780e+02 1.973018070379999878e-01
3.125565102639999964e+02 1.927828914960000029e-01
3.126337243399999579e+02 1.951041858650000016e-01
3.127109384159999763e+02 1.989423720229999970e-01
3.127881524929999841e+02 1.985219126689999891e-01
3.128653665690000025e+02 1.939152607040000031e-01
3.129425806450000209e+02 1.897557245160000072e-01
3.130197947210000393e+02 1.909167982989999901e-01
3.130970087979999903e+02 1.892030274489999997e-01
3.131742228740000087e+02 1.903713705570000136e-01
3.132514369500000271e+02 1.940773213489999927e-01
3.133286510259999886e+02 1.956068174189999898e-01
3.134058651029999965e+02 1.977422968910000078e-01
3.134830791790000148e+02 1.970059706739999972e-01
3.135602932549999764e+02 1.984170812319999977e-01
3.136375073309999948e+02 1.983111831090000055e-01
3.137147214080000026e+02 2.013046734900000023e-01
3.137919354839999642e+02 2.039470122579999933e-01
3.138691495599999826e+02 2.022913529619999873e-01
3.139463636360000010e+02 2.007620327269999949e-01
3.140235777130000088e+02 2.019634558360000054e-01
3.141007917890000272e+02 2.025437719060000086e-01
3.141780058649999887e+02 1.983198431669999928e-01
3.142552199410000071e+02 1.917405544280000040e-01
3.143324340180000149e+02 1.919732398829999964e-01
3.144096480940000333e+02 1.933437645749999934e-01
3.144868621699999949e+02 1.955491328450000010e-01
3.145640762460000133e+02 1.938606487979999959e-01
3.146412903230000211e+02 1.970942296769999935e-01
3.147185043989999826e+02 1.996724290319999984e-01
3.147957184750000010e+02 2.016607801170000047e-01
3.148729325509999626e+02 2.081703304989999948e-01
3.149501466279999704e+02 2.042969296769999998e-01
3.150273607039999888e+02 2.010527039879999867e-01
3.151045747800000072e+02 1.997058056890000100e-01
3.151817888560000256e+02 1.981360889740000075e-01
3.152590029330000334e+02 1.982703239299999920e-01
3.153362170089999950e+02 1.976655189440000016e-01
3.154134310850000134e+02 1.963278223459999916e-01
3.154906451610000317e+02 1.979999851610000083e-01
3.155678592379999827e+02 1.996601977709999975e-01
3.156450733140000011e+02 1.992001553670000036e-01
3.157222873900000195e+02 1.935662608210000080e-01
3.157995014659999811e+02 1.861915332550000135e-01
3.158767155429999889e+02 1.829225747800000135e-01
3.159539296190000073e+02 1.791340592379999930e-01
3.160311436949999688e+02 1.807889565980000113e-01
3.161083577709999872e+02 1.865909892669999903e-01
3.161855718479999950e+02 1.921397567739999979e-01
3.162627859240000134e+02 1.966606249270000106e-01
3.163400000000000318e+02 1.973503000000000063e-01
3.164172140759999934e+02 1.987517406450000079e-01
3.164944281520000118e+02 2.022534310849999906e-01
3.165716422290000196e+02 1.996290262759999878e-01
3.166488563049999811e+02 1.961199291500000108e-01
3.167260703809999995e+02 1.984331211139999940e-01
3.168032844570000179e+02 1.991409699120000043e-01
3.168804985339999689e+02 2.018040679180000130e-01
3.169577126099999873e+02 2.055826461580000097e-01
3.170349266860000057e+02 2.061065943110000076e-01
3.171121407619999673e+02 2.083098540180000069e-01
3.171893548389999751e+02 2.075181148390000119e-01
3.172665689149999935e+02 2.075553638709999871e-01
3.173437829910000119e+02 2.109461848089999869e-01
3.174209970670000303e+02 2.106230076829999909e-01
3.174982111440000381e+02 2.067384631670000084e-01
3.175754252199999996e+02 1.998401957769999904e-01
3.176526392960000180e+02 1.949122249269999996e-01
3.177298533719999796e+02 1.967103615839999875e-01
3.178070674489999874e+02 1.945204609969999887e-01
3.178842815250000058e+02 1.874518927859999962e-01
3.179614956009999673e+02 1.893627750150000122e-01
3.180387096769999857e+02 1.924775141939999989e-01
3.181159237539999936e+02 1.941712267450000085e-01
3.181931378299999551e+02 1.923152673309999894e-01
3.182703519059999735e+02 1.860195380059999903e-01
3.183475659819999919e+02 1.848442375369999946e-01
3.184247800589999997e+02 1.878480880939999986e-01
3.185019941350000181e+02 1.895969987680000135e-01
3.185792082110000365e+02 1.932313078590000011e-01
3.186564222869999981e+02 1.976080251610000116e-01
3.187336363640000059e+02 2.048251818179999961e-01
3.188108504400000243e+02 2.137135450440000028e-01
3.188880645159999858e+02 2.130719451610000037e-01
3.189652785920000042e+02 2.114191500289999970e-01
3.190424926690000120e+02 2.073026276830000070e-01
3.191197067449999736e+02 2.025149347799999888e-01
3.191969208209999920e+02 2.007886876249999897e-01
3.192741348970000104e+02 2.040185387679999962e-01
3.193513489739999613e+02 2.050720231089999956e-01
3.194285630499999797e+02 2.085927572429999988e-01
3.195057771259999981e+02 2.085331713780000096e-01
3.195829912020000165e+02 2.105036943689999884e-01
3.196602052790000243e+02 2.147548100289999873e-01
3.197374193550000427e+02 2.089098922579999962e-01
3.198146334310000043e+02 2.080616022289999978e-01
3.198918475070000227e+02 2.109012665099999906e-01
3.199690615840000305e+02 2.064126846329999987e-01
3.200462756599999921e+02 2.050486159530000019e-01
3.201234897360000105e+02 1.994233133140000114e-01
3.202007038119999720e+02 1.989435954840000076e-01
3.202779178889999798e+02 1.989788963640000130e-01
3.203551319649999982e+02 1.909086802930000104e-01
3.204323460409999598e+02 1.906362411139999880e-01
3.205095601169999782e+02 1.943129152489999900e-01
3.205867741939999860e+02 1.994990645159999965e-01
3.206639882700000044e+02 2.015490282109999864e-01
3.207412023460000228e+02 1.981205492670000123e-01
3.208184164220000412e+02 1.953063532550000092e-01
3.208956304989999921e+02 2.011030421109999966e-01
3.209728445750000105e+02 2.009168697950000082e-01
3.210500586510000289e+02 1.995150876250000038e-01
3.211272727269999905e+02 1.971571563639999969e-01
3.212044868039999983e+02 1.957247950150000082e-01
3.212817008800000167e+02 1.989592902050000001e-01
3.213589149559999782e+02 2.009946293260000127e-01
3.214361290319999966e+02 1.946221051610000086e-01
3.215133431090000045e+02 1.920006669790000065e-01
3.215905571849999660e+02 1.904491248090000033e-01
3.216677712609999844e+02 1.930919716720000123e-01
3.217449853370000028e+02 1.923682112610000106e-01
3.218221994130000212e+02 1.897413139000000137e-01
3.218994134900000290e+02 1.886484758360000014e-01
3.219766275659999906e+02 1.910599270970000096e-01
3.220538416420000090e+02 1.929245495009999922e-01
3.221310557180000274e+02 1.937543387100000014e-01
3.222082697949999783e+02 1.940872224050000094e-01
3.222854838709999967e+02 1.960603664520000067e-01
3.223626979470000151e+02 1.991593758359999911e-01
3.224399120229999767e+02 1.957422441059999962e-01
3.225171260999999845e+02 1.938400450439999867e-01
3.225943401760000029e+02 1.940711746630000012e-01
3.226715542519999644e+02 1.947305849850000103e-01
3.227487683279999828e+02 1.912772073310000098e-01
3.228259824049999906e+02 1.932219014079999964e-01
3.229031964810000090e+02 1.969699195309999873e-01
3.229804105570000274e+02 2.001889640470000120e-01
3.230576246329999890e+02 2.000356623460000094e-01
3.231348387099999968e+02 2.011808999999999958e-01
3.232120527860000152e+02 2.036893321409999902e-01
3.232892668620000336e+02 2.078705261000000082e-01
3.233664809379999951e+02 2.036871680350000047e-01
3.234436950150000030e+02 2.015763056890000071e-01
3.235209090910000214e+02 2.022529181820000022e-01
3.235981231669999829e+02 2.087353252789999891e-01
3.236753372430000013e+02 2.085630462760000026e-01
3.237525513200000091e+02 2.023799794130000107e-01
3.238297653959999707e+02 2.024346851609999942e-01
3.239069794719999891e+02 2.041795651030000047e-01
3.239841935480000075e+02 2.012751864519999878e-01
3.240614076250000153e+02 1.974434045160000095e-01
3.241386217010000337e+02 1.935753353080000017e-01
3.242158357769999952e+02 1.997368891500000132e-01
3.242930498530000136e+02 2.036045326689999990e-01
3.243702639300000214e+02 2.031345828739999915e-01
3.244474780059999830e+02 2.061478007620000108e-01
3.245246920820000014e+02 2.077644798240000090e-01
3.246019061580000198e+02 2.095324708500000133e-01
3.246791202349999708e+02 2.097328397069999906e-01
3.247563343109999892e+02 2.049364000589999901e-01
3.248335483870000076e+02 2.052769077419999977e-01
3.249107624629999691e+02 2.083393404109999958e-01
3.249879765399999769e+02 2.101896987100000114e-01
3.250651906159999953e+02 2.088431698529999991e-01
3.251424046920000137e+02 2.067851748969999903e-01
3.252196187680000321e+02 2.063189177710000044e-01
3.252968328450000399e+02 2.093055524340000084e-01
3.253740469210000015e+02 2.060210435189999967e-01
3.254512609970000199e+02 2.009410798240000018e-01
3.255284750729999814e+02 1.963271218769999937e-01
3.256056891499999892e+02 1.993184780059999994e-01
3.256829032260000076e+02 1.979197683870000113e-01
3.257601173019999692e+02 1.973276764809999972e-01
3.258373313779999876e+02 1.966372076829999982e-01
3.259145454549999954e+02 1.978905509090000125e-01
3.259917595309999570e+02 2.022354978299999995e-01
3.260689736069999753e+02 2.015938696769999927e-01
3.261461876829999937e+02 2.024099375950000057e-01
3.262234017600000016e+02 2.041234493840000108e-01
3.263006158360000200e+02 2.048545574189999940e-01
3.263778299120000383e+02 2.012829191199999868e-01
3.264550439879999999e+02 2.024428417599999919e-01
3.265322580650000077e+02 2.088079361290000047e-01
3.266094721410000261e+02 2.066645487980000029e-01
3.266866862169999877e+02 2.023965812899999883e-01
3.267639002930000061e+02 2.034234217010000012e-01
3.268411143700000139e+02 2.093946643990000078e-01
3.269183284459999754e+02 2.137607430500000072e-01
3.269955425219999938e+02 2.062888078590000007e-01
3.270727565979999554e+02 1.994684062759999876e-01
3.271499706739999738e+02 2.011064948390000051e-01
3.272271847509999816e+02 1.990792739589999916e-01
3.273043988270000000e+02 1.963000927269999973e-01
3.273816129030000184e+02 1.934330135479999935e-01
3.274588269790000368e+02 1.944099846919999930e-01
3.275360410560000446e+02 2.029716948389999887e-01
3.276132551320000061e+02 2.040429119649999901e-01
3.276904692080000245e+02 2.071673901470000023e-01
3.277676832839999861e+02 2.114351631670000065e-01
3.278448973609999939e+02 2.117924533720000058e-01
3.279221114370000123e+02 2.133347954840000005e-01
3.279993255129999739e+02 2.135250832839999946e-01
3.280765395889999922e+02 2.182445160700000053e-01
3.281537536660000001e+02 2.248270062759999965e-01
3.282309677419999616e+02 2.248150787100000048e-01
3.283081818179999800e+02 2.215039690910000081e-01
3.283853958939999984e+02 2.190695231089999917e-01
3.284626099710000062e+02 2.158608173019999910e-01
3.285398240470000246e+02 2.107500460410000054e-01
3.286170381230000430e+02 2.016622651609999983e-01
3.286942521990000046e+02 1.973513079180000129e-01
3.287714662760000124e+02 2.003336574189999997e-01
3.288486803520000308e+02 2.032195282110000056e-01
3.289258944279999923e+02 2.047144649850000109e-01
3.290031085040000107e+02 2.043061825810000010e-01
3.290803225810000185e+02 2.038499683870000079e-01
3.291575366569999801e+02 2.011381910850000010e-01
3.292347507329999985e+02 1.991507571849999991e-01
3.293119648089999600e+02 1.992339643400000138e-01
3.293891788859999679e+02 1.999467805869999948e-01
3.294663929619999863e+02 1.979935641059999973e-01
3.295436070380000046e+02 1.977094907330000095e-01
3.296208211140000230e+02 1.998290281519999878e-01
3.296980351910000309e+02 2.031535340760000086e-01
3.297752492669999924e+02 2.032234912020000062e-01
3.298524633430000108e+02 2.007825707329999876e-01
3.299296774190000292e+02 2.045398206450000089e-01
3.300068914959999802e+02 2.081640251609999936e-01
3.300841055719999986e+02 2.125702747800000125e-01
3.301613196480000170e+02 2.154158848680000071e-01
3.302385337239999785e+02 2.208276295599999883e-01
3.303157478009999863e+02 2.258241534310000131e-01
3.303929618770000047e+02 2.285717255130000070e-01
3.304701759529999663e+02 2.240981998830000044e-01
3.305473900289999847e+02 2.248647346629999988e-01
3.306246041059999925e+02 2.213768302050000136e-01
3.307018181820000109e+02 2.141843563639999892e-01
3.307790322580000293e+02 2.019396864520000001e-01
3.308562463339999908e+02 1.957528688559999897e-01
3.309334604109999987e+02 1.951472318480000079e-01
3.310106744870000171e+02 1.951221601760000091e-01
3.310878885629999786e+02 1.979015312609999910e-01
3.311651026389999970e+02 1.999381977709999980e-01
3.312423167160000048e+02 2.059752920819999944e-01
3.313195307919999664e+02 2.099934269790000030e-01
3.313967448679999848e+02 2.141625113199999986e-01
3.314739589440000032e+02 2.179135928450000037e-01
3.315511730210000110e+02 2.167367218179999944e-01
3.316283870969999725e+02 2.169803154840000137e-01
3.317056011729999909e+02 2.174480687979999938e-01
3.317828152490000093e+02 2.161918295009999935e-01
3.318600293260000171e+02 2.146726387679999959e-01
3.319372434020000355e+02 2.101924886800000114e-01
3.320144574779999971e+02 2.047229408800000094e-01
3.320916715540000155e+02 2.022425391200000089e-01
3.321688856300000339e+02 2.033980796479999964e-01
3.322460997069999848e+02 2.033945789440000096e-01
3.323233137830000032e+02 2.019473130789999904e-01
3.324005278590000216e+02 2.046638430499999883e-01
3.324777419349999832e+02 2.091251051609999967e-01
3.325549560119999910e+02 2.146515806450000063e-01
3.326321700880000094e+02 2.173943391790000013e-01
3.327093841639999710e+02 2.151355137829999986e-01
3.327865982399999893e+02 2.185883051030000079e-01
3.328638123169999972e+02 2.203098127860000088e-01
3.329410263930000156e+02 2.238569010560000072e-01
3.330182404690000340e+02 2.220258263340000038e-01
3.330954545449999955e+02 2.165547036359999900e-01
3.331726686220000033e+02 2.170400716130000129e-01
3.332498826980000217e+02 2.198699266860000001e-01
3.333270967739999833e+02 2.190977038709999991e-01
3.334043108500000017e+02 2.170717411729999879e-01
3.334815249270000095e+02 2.156913082109999935e-01
3.335587390029999710e+02 2.198563247510000040e-01
3.336359530789999894e+02 2.229143678009999907e-01
3.337131671550000078e+02 2.222805953670000112e-01
3.337903812319999588e+02 2.221586261000000062e-01
3.338675953079999772e+02 2.196948312020000071e-01
3.339448093839999956e+02 2.189274746039999997e-01
3.340220234600000140e+02 2.173183737830000073e-01
3.340992375370000218e+02 2.131166142519999862e-01
3.341764516130000402e+02 2.085410432260000058e-01
3.342536656890000017e+02 2.086447107330000050e-01
3.343308797650000201e+02 2.085027401760000121e-01
3.344080938420000280e+02 2.111883492670000029e-01
3.344853079179999895e+02 2.081206007620000076e-01
3.345625219940000079e+02 2.107394872139999875e-01
3.346397360699999695e+02 2.154560319649999889e-01
3.347169501469999773e+02 2.178818829910000032e-01
3.347941642229999957e+02 2.184539693260000026e-01
3.348713782989999572e+02 2.172999081520000098e-01
3.349485923749999756e+02 2.165128368910000101e-01
3.350258064519999834e+02 2.163779322580000053e-01
3.351030205280000018e+02 2.163167313200000108e-01
3.351802346040000202e+02 2.141595256890000132e-01
3.352574486800000386e+02 2.140804851030000122e-01
3.353346627569999896e+02 2.133236207620000102e-01
3.354118768330000080e+02 2.128898147799999918e-01
3.354890909090000264e+02 2.090076399999999945e-01
3.355663049849999879e+02 2.073686097359999925e-01
3.356435190619999958e+02 2.073947695009999981e-01
3.357207331380000142e+02 2.096871140179999982e-01
3.357979472139999757e+02 2.107225005870000112e-01
3.358751612899999941e+02 2.142747948389999990e-01
3.359523753670000019e+02 2.166035645159999912e-01
3.360295894429999635e+02 2.210991819349999998e-01
3.361068035189999819e+02 2.224840300879999955e-01
3.361840175950000003e+02 2.207986667450000107e-01
3.362612316720000081e+02 2.200120283279999867e-01
3.363384457480000265e+02 2.196983610559999911e-01
3.364156598240000449e+02 2.176746466280000125e-01
3.364928739000000064e+02 2.110804655129999985e-01
3.365700879770000142e+02 2.092008940179999887e-01
3.366473020530000326e+02 2.057281591790000030e-01
3.367245161289999942e+02 1.991086277419999995e-01
3.368017302050000126e+02 1.946872321989999988e-01
3.368789442820000204e+02 1.917725583580000004e-01
3.369561583579999819e+02 1.966286414660000093e-01
3.370333724340000003e+02 1.954282051610000126e-01
3.371105865099999619e+02 1.980530886219999953e-01
3.371878005869999697e+02 2.047506947799999921e-01
3.372650146629999881e+02 2.068622924340000058e-01
3.373422287390000065e+02 2.112194529030000101e-01
3.374194428150000249e+02 2.158589103809999965e-01
3.374966568910000433e+02 2.185220815249999948e-01
3.375738709679999943e+02 2.219124258060000132e-01
3.376510850440000127e+02 2.219679052790000107e-01
3.377282991200000311e+02 2.231116862760000041e-01
3.378055131959999926e+02 2.214158787680000073e-01
3.378827272730000004e+02 2.152024781820000010e-01
3.379599413490000188e+02 2.113443280350000009e-01
3.380371554249999804e+02 2.060240370089999884e-01
3.381143695009999988e+02 2.024086527270000102e-01
3.381915835780000066e+02 1.974349561289999999e-01
3.382687976539999681e+02 1.953501891499999921e-01
3.383460117299999865e+02 1.994088991790000098e-01
3.384232258060000049e+02 2.019154664520000086e-01
3.385004398830000127e+02 2.062530467450000016e-01
3.385776539590000311e+02 2.096127380649999983e-01
3.386548680349999927e+02 2.133778489150000013e-01
3.387320821110000111e+02 2.158502387100000031e-01
3.388092961880000189e+02 2.102557599409999867e-01
3.388865102639999805e+02 2.133823975949999951e-01
3.389637243399999988e+02 2.124771229909999948e-01
3.390409384160000172e+02 2.073219889740000044e-01
3.391181524929999682e+02 2.048967412899999896e-01
3.391953665689999866e+02 2.039705579470000030e-01
3.392725806450000050e+02 2.095645045160000053e-01
3.393497947209999666e+02 2.089530100289999914e-01
3.394270087979999744e+02 2.078418451029999947e-01
3.395042228739999928e+02 2.109437167160000126e-01
3.395814369500000112e+02 2.117533436360000132e-01
3.396586510260000296e+02 2.155028941350000116e-01
3.397358651030000374e+02 2.177075708500000040e-01
3.398130791789999989e+02 2.216187968330000091e-01
3.398902932550000173e+02 2.254080484459999867e-01
3.399675073309999789e+02 2.255678982400000088e-01
3.400447214079999867e+02 2.260857951909999997e-01
3.401219354840000051e+02 2.262770251610000116e-01
3.401991495599999666e+02 2.257847961289999872e-01
3.402763636359999850e+02 2.254411854549999983e-01
3.403535777129999929e+02 2.192304522580000026e-01
3.404307917890000112e+02 2.142733116720000053e-01
3.405080058649999728e+02 2.109212321989999972e-01
3.405852199409999912e+02 2.111163485039999899e-01
3.406624340179999990e+02 2.072146082109999898e-01
3.407396480940000174e+02 2.029022268619999902e-01
3.408168621700000358e+02 2.037124814659999894e-01
3.408940762459999974e+02 2.084061514370000034e-01
3.409712903230000052e+02 2.123078180649999869e-01
3.410485043990000236e+02 2.159461580650000045e-01
3.411257184749999851e+02 2.139444640469999881e-01
3.412029325510000035e+02 2.122837235779999887e-01
3.412801466280000113e+02 2.085907467449999997e-01
3.413573607039999729e+02 2.090630807620000031e-01
3.414345747799999913e+02 2.109844589440000029e-01
3.415117888560000097e+02 2.085650231670000132e-01
3.415890029329999606e+02 2.110409056889999968e-01
3.416662170089999790e+02 2.116711275070000120e-01
3.417434310849999974e+02 2.111205909680000103e-01
3.418206451610000158e+02 2.118815580650000030e-01
3.418978592380000237e+02 2.074386528449999878e-01
3.419750733140000420e+02 2.089088667450000047e-01
3.420522873900000036e+02 2.104249523750000017e-01
3.421295014660000220e+02 2.166207258060000029e-01
3.422067155430000298e+02 2.196613444570000018e-01
3.422839296189999914e+02 2.209669608800000074e-01
3.423611436950000098e+02 2.250899231090000008e-01
3.424383577709999713e+02 2.271530756010000096e-01
3.425155718479999791e+02 2.276452112610000134e-01
3.425927859239999975e+02 2.264243550729999888e-01
3.426699999999999591e+02 2.239662799999999898e-01
3.427472140759999775e+02 2.256695624629999897e-01
3.428244281519999959e+02 2.290636428739999952e-01
3.429016422290000037e+02 2.313762304989999963e-01
3.429788563050000221e+02 2.338863151320000056e-01
3.430560703810000405e+02 2.331298538419999955e-01
3.431332844570000020e+02 2.329460581230000105e-01
3.432104985340000098e+02 2.370557841639999996e-01
3.432877126100000282e+02 2.386674589439999883e-01
3.433649266859999898e+02 2.361160141349999964e-01
3.434421407620000082e+02 2.356084780059999884e-01
3.435193548390000160e+02 2.356140741939999894e-01
3.435965689149999776e+02 2.392494668039999994e-01
3.436737829909999959e+02 2.459973736069999972e-01
3.437509970669999575e+02 2.438285118480000013e-01
3.438282111439999653e+02 2.407927872729999919e-01
3.439054252199999837e+02 2.428405889739999879e-01
3.439826392960000021e+02 2.395994344869999959e-01
3.440598533720000205e+02 2.369897831090000129e-01
3.441370674490000283e+02 2.337972161880000066e-01
3.442142815249999899e+02 2.329773772429999945e-01
3.442914956010000083e+02 2.415813694429999881e-01
3.443687096770000267e+02 2.399242896769999966e-01
3.444459237539999776e+02 2.344901200589999957e-01
3.445231378299999960e+02 2.324067829329999890e-01
3.446003519060000144e+02 2.230021205280000030e-01
3.446775659819999760e+02 2.162636923169999892e-01
3.447547800589999838e+02 2.089877964809999933e-01
3.448319941350000022e+02 2.012986641639999963e-01
3.449092082109999637e+02 2.044635234599999907e-01
3.449864222869999821e+02 2.141388216419999879e-01
3.450636363639999900e+02 2.229204399999999975e-01
3.451408504400000083e+02 2.314231805280000109e-01
3.452180645160000267e+02 2.327976361290000074e-01
3.452952785920000451e+02 2.328159360120000132e-01
3.453724926689999961e+02 2.344999805870000009e-01
3.454497067450000145e+02 2.332135348390000085e-01
3.455269208210000329e+02 2.301469646919999945e-01
3.456041348969999945e+02 2.277315940759999935e-01
3.456813489740000023e+02 2.246066278009999917e-01
3.457585630500000207e+02 2.281944377129999924e-01
3.458357771259999822e+02 2.313012019350000059e-01
3.459129912020000006e+02 2.322559062170000133e-01
3.459902052790000084e+02 2.324106212319999865e-01
3.460674193549999700e+02 2.318275212900000048e-01
3.461446334309999884e+02 2.332651407040000069e-01
3.462218475070000068e+02 2.336539256300000089e-01
3.462990615840000146e+02 2.285085212319999948e-01
3.463762756600000330e+02 2.226107492080000028e-01
3.464534897359999945e+02 2.191457399410000062e-01
3.465307038120000129e+02 2.158525690320000079e-01
3.466079178890000208e+02 2.167252109089999879e-01
3.466851319649999823e+02 2.147270356600000096e-01
3.467623460410000007e+02 2.208894276249999955e-01
3.468395601170000191e+02 2.247996087980000113e-01
3.469167741939999701e+02 2.245030019350000017e-01
3.469939882699999885e+02 2.298509709680000013e-01
3.470712023460000069e+02 2.298546168329999861e-01
3.471484164219999684e+02 2.353810974190000127e-01
3.472256304989999762e+02 2.355751453369999970e-01
3.473028445749999946e+02 2.387096669210000133e-01
3.473800586510000130e+02 2.440670855719999921e-01
3.474572727270000314e+02 2.415610327269999968e-01
3.475344868040000392e+02 2.393022628149999997e-01
3.476117008800000008e+02 2.359075763050000052e-01
3.476889149560000192e+02 2.341280217599999991e-01
3.477661290319999807e+02 2.329633245159999921e-01
3.478433431089999885e+02 2.297507228150000025e-01
3.479205571850000069e+02 2.271215126689999919e-01
3.479977712609999685e+02 2.313486725510000008e-01
3.480749853369999869e+02 2.345963062170000057e-01
3.481521994130000053e+02 2.331901273310000022e-01
3.482294134899999563e+02 2.299784291499999966e-01
3.483066275659999746e+02 2.286945824050000131e-01
3.483838416419999930e+02 2.271030324930000122e-01
3.484610557180000114e+02 2.265581687390000043e-01
3.485382697950000193e+02 2.244833121990000013e-01
3.486154838710000377e+02 2.257758503229999880e-01
3.486926979469999992e+02 2.281859453960000117e-01
3.487699120230000176e+02 2.266479109679999937e-01
3.488471261000000254e+02 2.293211473310000081e-01
3.489243401759999870e+02 2.295712273309999940e-01
3.490015542520000054e+02 2.221719023460000109e-01
3.490787683279999669e+02 2.199501057480000021e-01
3.491559824049999747e+02 2.155044098530000118e-01
3.492331964809999931e+02 2.182229215840000014e-01
3.493104105569999547e+02 2.148308682700000027e-01
3.493876246329999731e+02 2.046304713780000006e-01
3.494648387099999809e+02 2.081688587099999876e-01
3.495420527859999993e+02 2.110635578299999981e-01
3.496192668620000177e+02 2.107280825220000098e-01
3.496964809380000361e+02 2.071314527860000088e-01
3.497736950150000439e+02 2.040923592380000096e-01
3.498509090910000054e+02 2.130650781819999895e-01
3.499281231670000238e+02 2.201868706160000078e-01
3.500053372429999854e+02 2.193854730210000048e-01
3.500825513199999932e+02 2.214307824049999984e-01
3.501597653960000116e+02 2.272682714370000134e-01
3.502369794719999732e+02 2.327736399410000045e-01
3.503141935479999916e+02 2.324238006450000116e-01
3.503914076249999994e+02 2.323051561879999893e-01
3.504686217009999609e+02 2.332959601759999890e-01
3.505458357769999793e+02 2.296757971850000024e-01
3.506230498529999977e+02 2.263348818769999882e-01
3.507002639300000055e+02 2.258313435779999989e-01
3.507774780060000239e+02 2.241565017009999883e-01
3.508546920820000423e+02 2.218837994719999873e-01
3.509319061580000039e+02 2.205159537240000134e-01
3.510091202350000117e+02 2.233376516130000100e-01
3.510863343110000301e+02 2.281796313199999926e-01
3.511635483869999916e+02 2.274278490320000012e-01
3.512407624630000100e+02 2.292806378889999941e-01
3.513179765400000178e+02 2.328306428149999885e-01
3.513951906159999794e+02 2.322514568329999973e-01
3.514724046919999978e+02 2.332776498530000076e-01
3.515496187679999593e+02 2.347934275659999959e-01
3.516268328449999672e+02 2.351748028150000003e-01
3.517040469209999856e+02 2.320606732549999884e-01
3.517812609970000040e+02 2.287994887979999947e-01
3.518584750730000223e+02 2.273738127859999958e-01
3.519356891500000302e+02 2.332063048680000084e-01
3.520129032259999917e+02 2.357963799999999999e-01
3.520901173020000101e+02 2.368823643990000116e-01
3.521673313780000285e+02 2.364679434599999963e-01
3.522445454549999795e+02 2.386333490910000077e-01
3.523217595309999979e+02 2.395062121410000133e-01
3.523989736070000163e+02 2.417853730210000052e-01
3.524761876829999778e+02 2.356259473900000068e-01
3.525534017599999856e+02 2.296215199409999963e-01
3.526306158360000040e+02 2.265668419940000122e-01
3.527078299119999656e+02 2.230934914959999960e-01
3.527850439879999840e+02 2.216249645160000004e-01
3.528622580649999918e+02 2.194238148390000032e-01
3.529394721410000102e+02 2.203990422869999966e-01
3.530166862170000286e+02 2.221741569500000069e-01
3.530939002929999901e+02 2.265098565979999923e-01
3.531711143699999980e+02 2.273215736660000041e-01
3.532483284460000164e+02 2.329957967159999865e-01
3.533255425219999779e+02 2.349666662169999920e-01
3.534027565979999963e+02 2.312954119650000029e-01
3.534799706740000147e+02 2.289644163050000014e-01
3.535571847510000225e+02 2.323602682700000033e-01
3.536343988269999841e+02 2.352802767159999919e-01
3.537116129030000025e+02 2.388996587099999902e-01
3.537888269789999640e+02 2.379852301469999876e-01
3.538660410559999718e+02 2.399597246919999982e-01
3.539432551319999902e+02 2.410448686799999962e-01
3.540204692080000086e+02 2.408257743699999953e-01
3.540976832840000270e+02 2.394269910260000134e-01
3.541748973610000348e+02 2.374963121989999981e-01
3.542521114369999964e+02 2.379703369499999999e-01
3.543293255130000148e+02 2.348664570669999896e-01
3.544065395890000332e+02 2.347926599999999864e-01
3.544837536659999842e+02 2.345713123750000073e-01
3.545609677420000025e+02 2.376573600000000119e-01
3.546381818180000209e+02 2.324424672729999974e-01
3.547153958939999825e+02 2.308667217600000043e-01
3.547926099709999903e+02 2.316414768910000088e-01
3.548698240470000087e+02 2.316711245749999981e-01
3.549470381229999703e+02 2.305320638120000043e-01
3.550242521989999887e+02 2.265042391790000054e-01
3.551014662759999965e+02 2.243983348390000132e-01
3.551786803520000149e+02 2.299005893839999870e-01
3.552558944280000333e+02 2.313830502639999953e-01
3.553331085039999948e+02 2.352663746039999892e-01
3.554103225810000026e+02 2.427600509679999907e-01
3.554875366570000210e+02 2.494837789440000064e-01
3.555647507329999826e+02 2.557969876250000274e-01
3.556419648090000010e+02 2.518915366569999814e-01
3.557191788860000088e+02 2.474573439299999900e-01
3.557963929619999703e+02 2.462685110260000032e-01
3.558736070379999887e+02 2.457695782400000084e-01
3.559508211140000071e+02 2.364535840470000094e-01
3.560280351909999581e+02 2.264412364220000085e-01
3.561052492669999765e+02 2.246611721410000095e-01
3.561824633429999949e+02 2.263062455129999928e-01
3.562596774190000133e+02 2.256734451609999914e-01
3.563368914960000211e+02 2.235799435190000128e-01
3.564141055720000395e+02 2.298237433429999865e-01
3.564913196480000011e+02 2.352430454549999939e-01
3.565685337240000194e+02 2.363001429330000014e-01
3.566457478010000273e+02 2.360027066860000133e-01
3.567229618769999888e+02 2.342181662760000060e-01
3.568001759530000072e+02 2.332076744280000002e-01
3.568773900289999688e+02 2.299319489149999896e-01
3.569546041059999766e+02 2.259240862169999975e-01
3.570318181819999950e+02 2.276998000000000077e-01
3.571090322579999565e+02 2.332119329029999910e-01
3.571862463339999749e+02 2.351246563640000120e-01
3.572634604109999827e+02 2.396051600000000115e-01
3.573406744870000011e+02 2.400864500880000030e-01
3.574178885630000195e+02 2.379139651030000024e-01
3.574951026390000379e+02 2.373357380059999966e-01
3.575723167159999889e+02 2.347652148390000082e-01
3.576495307920000073e+02 2.319659330789999863e-01
3.577267448680000257e+02 2.351179547799999991e-01
3.578039589439999872e+02 2.344517904990000012e-01
3.578811730209999951e+02 2.368537613489999916e-01
3.579583870970000135e+02 2.366216677419999970e-01
3.580356011729999750e+02 2.306760922580000095e-01
3.581128152489999934e+02 2.284823647510000055e-01
3.581900293260000012e+02 2.249849600000000116e-01
3.582672434019999628e+02 2.204059473309999961e-01
3.583444574779999812e+02 2.171691075069999977e-01
3.584216715539999996e+02 2.151716890910000124e-01
3.584988856300000180e+02 2.176983702049999914e-01
3.585760997070000258e+02 2.211942538420000048e-01
3.586533137830000442e+02 2.219964947799999977e-01
3.587305278590000057e+02 2.248415326690000049e-01
3.588077419350000241e+02 2.307567006450000069e-01
3.588849560120000319e+02 2.293609543110000093e-01
3.589621700879999935e+02 2.316084885630000090e-01
3.590393841640000119e+02 2.299726148969999939e-01
3.591165982399999734e+02 2.317625614080000007e-01
3.591938123169999812e+02 2.340928965980000054e-01
3.592710263929999996e+02 2.317634057480000009e-01
3.593482404689999612e+02 2.302841167739999861e-01
3.594254545449999796e+02 2.341784872730000022e-01
3.595026686219999874e+02 2.363292746629999941e-01
3.595798826980000058e+02 2.365204826389999959e-01
3.596570967740000242e+02 2.362756212899999875e-01
3.597343108500000426e+02 2.366447910850000003e-01
3.598115249269999936e+02 2.400202312609999999e-01
3.598887390030000120e+02 2.434841155430000070e-01
3.599659530790000304e+02 2.416375451030000066e-01
3.600431671549999919e+02 2.403819082699999998e-01
3.601203812319999997e+02 2.412772466860000076e-01
3.601975953080000181e+02 2.380875007619999983e-01
3.602748093839999797e+02 2.347875105570000065e-01
3.603520234599999981e+02 2.278528546040000102e-01
3.604292375370000059e+02 2.239123404689999930e-01
3.605064516129999674e+02 2.247248483869999924e-01
3.605836656889999858e+02 2.217579399409999874e-01
3.606608797650000042e+02 2.224338059819999935e-01
3.607380938420000120e+02 2.231934099710000119e-01
3.608153079180000304e+02 2.220172720230000063e-01
3.608925219939999920e+02 2.240326468620000011e-01
3.609697360700000104e+02 2.239894527859999929e-01
3.610469501470000182e+02 2.286805421110000014e-01
3.611241642229999798e+02 2.353106077419999942e-01
3.612013782989999982e+02 2.363979161879999902e-01
3.612785923750000165e+02 2.344468784750000090e-01
3.613558064519999675e+02 2.352848109679999966e-01
3.614330205279999859e+02 2.357173677420000002e-01
3.615102346040000043e+02 2.367986964809999928e-01
3.615874486799999659e+02 2.314048160699999912e-01
3.616646627569999737e+02 2.300978248680000116e-01
3.617418768329999921e+02 2.333065096190000132e-01
3.618190909090000105e+02 2.349295000000000133e-01
3.618963049850000289e+02 2.348667889740000125e-01
3.619735190620000367e+02 2.344784533719999897e-01
3.620507331379999982e+02 2.314943962459999893e-01
3.621279472140000166e+02 2.356367233430000097e-01
3.622051612899999782e+02 2.320684593550000063e-01
3.622823753669999860e+02 2.342532116130000008e-01
3.623595894430000044e+02 2.373469719649999865e-01
3.624368035189999659e+02 2.388089139590000021e-01
3.625140175949999843e+02 2.433081246330000003e-01
3.625912316719999922e+02 2.443813384749999873e-01
3.626684457480000106e+02 2.444291279770000047e-01
3.627456598239999721e+02 2.468322666860000014e-01
3.628228738999999905e+02 2.450219424049999983e-01
3.629000879769999983e+02 2.461681353079999968e-01
3.629773020530000167e+02 2.480559497950000081e-01
3.630545161290000351e+02 2.475463154839999957e-01
3.631317302049999967e+02 2.484273038120000110e-01
3.632089442820000045e+02 2.480331689739999901e-01
3.632861583580000229e+02 2.464114123170000059e-01
3.633633724339999844e+02 2.468717097360000057e-01
3.634405865100000028e+02 2.482839574780000003e-01
3.635178005870000106e+02 2.494636193549999992e-01
3.635950146629999722e+02 2.465349344280000077e-01
3.636722287389999906e+02 2.461735685039999899e-01
3.637494428150000090e+02 2.434398424049999954e-01
3.638266568909999705e+02 2.461803673899999878e-01
3.639038709679999783e+02 2.366263232259999960e-01
3.639810850439999967e+02 2.294045409380000011e-01
3.640582991200000151e+02 2.259611942520000083e-01
3.641355131960000335e+02 2.266116312610000072e-01
3.642127272730000414e+02 2.297401599999999988e-01
3.642899413490000029e+02 2.274310085629999978e-01
3.643671554250000213e+02 2.311975280939999877e-01
3.644443695009999828e+02 2.410134758359999962e-01
3.645215835779999907e+02 2.338667333140000137e-01
3.645987976540000091e+02 2.113315025040000128e-01
3.646760117299999706e+02 1.850245945569999884e-01
3.647532258059999890e+02 1.583232862579999900e-01
3.648304398829999968e+02 1.299063065340000100e-01
3.649076539589999584e+02 9.539080121409999891e-02
3.649848680349999768e+02 6.915294436949999402e-02
3.650620821109999952e+02 5.773898693190000070e-02
3.651392961880000030e+02 4.581192124550000078e-02
3.652165102640000214e+02 3.553010675729999929e-02
3.652937243400000398e+02 2.609418200190000148e-02
3.653709384160000013e+02 1.749089467539999970e-02
3.654481524930000091e+02 9.608219610620000184e-03
3.655253665690000275e+02 2.344681518379999885e-03
3.656025806449999891e+02 1.161540139290000021e-04
3.656797947210000075e+02 8.394834904869999457e-05
3.657570087980000153e+02 5.828841793669999971e-05
3.658342228739999769e+02 3.780902623459999928e-05
3.659114369499999952e+02 2.023155356129999872e-05
3.659886510259999568e+02 4.986502578299999864e-06
3.660658651029999646e+02 1.895663870970000034e-06
3.661430791789999830e+02 1.522773041640000085e-06
3.662202932550000014e+02 1.409843312019999957e-06
3.662975073310000198e+02 1.314906116720000087e-06
3.663747214080000276e+02 1.230157062169999918e-06
3.664519354839999892e+02 1.152638114839999997e-06
3.665291495600000076e+02 1.082487187919999979e-06
3.666063636360000260e+02 1.017439576359999995e-06
3.666835777130000338e+02 8.394925300289999473e-07
3.667607917889999953e+02 6.657054707920000275e-07
3.668380058650000137e+02 5.020524977709999654e-07
3.669152199409999753e+02 3.489611276830000221e-07
3.669924340179999831e+02 2.048872919059999900e-07
3.670696480940000015e+02 6.853371231679999462e-08
3.671468621699999630e+02 0.000000000000000000e+00
3.672240762459999814e+02 0.000000000000000000e+00
3.673012903229999893e+02 0.000000000000000000e+00
3.673785043990000077e+02 0.000000000000000000e+00
3.674557184750000260e+02 0.000000000000000000e+00
3.675329325510000444e+02 0.000000000000000000e+00
3.676101466279999954e+02 0.000000000000000000e+00
3.676873607040000138e+02 0.000000000000000000e+00
3.677645747800000322e+02 0.000000000000000000e+00
3.678417888559999938e+02 0.000000000000000000e+00
3.679190029330000016e+02 0.000000000000000000e+00
3.679962170090000200e+02 0.000000000000000000e+00
3.680734310849999815e+02 0.000000000000000000e+00
3.681506451609999999e+02 0.000000000000000000e+00
3.682278592380000077e+02 0.000000000000000000e+00
3.683050733139999693e+02 0.000000000000000000e+00
3.683822873899999877e+02 0.000000000000000000e+00
3.684595014660000061e+02 0.000000000000000000e+00
3.685367155430000139e+02 0.000000000000000000e+00
3.686139296190000323e+02 0.000000000000000000e+00
3.686911436949999938e+02 0.000000000000000000e+00
3.687683577710000122e+02 0.000000000000000000e+00
3.688455718480000201e+02 0.000000000000000000e+00
3.689227859239999816e+02 0.000000000000000000e+00
3.690000000000000000e+02 0.000000000000000000e+00
