# Wavelength (Nm)      Variance
2.923179999999999836e+02 2.308486200000000044e-01
2.925029188659999591e+02 2.250317646449999931e-01
2.926878377319999913e+02 2.240645197889999940e-01
2.928727565979999667e+02 2.236124005039999973e-01
2.930576754639999990e+02 2.211661645790000130e-01
2.932425943300000313e+02 2.211201246729999903e-01
2.934275131960000067e+02 2.224238367509999981e-01
2.936124320630000284e+02 2.230241749169999954e-01
2.937973509290000038e+02 2.237508317809999980e-01
2.939822697949999792e+02 2.236297634249999888e-01
2.941671886610000115e+02 2.236062425020000077e-01
2.943521075269999869e+02 2.227053578919999943e-01
2.945370263930000192e+02 2.238198646569999894e-01
2.947219452589999946e+02 2.271776689349999934e-01
2.949068641249999700e+02 2.281980929890000120e-01
2.950917829910000023e+02 2.271763960700000085e-01
2.952767018569999777e+02 2.264771763639999991e-01
2.954616207230000100e+02 2.260190518200000109e-01
2.956465395889999854e+02 2.254597166689999987e-01
2.958314584560000071e+02 2.243849158979999980e-01
2.960163773220000394e+02 2.255587372039999927e-01
2.962012961880000148e+02 2.281346400819999898e-01
2.963862150539999902e+02 2.308637834410000034e-01
2.965711339200000225e+02 2.291986341230000113e-01
2.967560527859999979e+02 2.271932221580000022e-01
2.969409716520000302e+02 2.255398807229999913e-01
2.971258905180000056e+02 2.276008880389999989e-01
2.973108093839999810e+02 2.303440183580000022e-01
2.974957282500000133e+02 2.308250136190000135e-01
2.976806471159999887e+02 2.295248887740000132e-01
2.978655659820000210e+02 2.272602298530000120e-01
2.980504848479999964e+02 2.265203082420000069e-01
2.982354037149999613e+02 2.287599083909999942e-01
2.984203225809999935e+02 2.288261300649999941e-01
2.986052414469999690e+02 2.302562470769999869e-01
2.987901603130000012e+02 2.287915872919999982e-01
2.989750791790000335e+02 2.286334279299999939e-01
2.991599980450000089e+02 2.293838351480000093e-01
2.993449169110000412e+02 2.287974339119999978e-01
2.995298357770000166e+02 2.314030610439999913e-01
2.997147546429999920e+02 2.316490365789999895e-01
2.998996735090000243e+02 2.408461876290000081e-01
3.000845923749999997e+02 2.344489323049999963e-01
3.002695112410000320e+02 2.180957843209999913e-01
3.004544301079999968e+02 2.191511934189999955e-01
3.006393489739999723e+02 2.165072023340000040e-01
3.008242678400000045e+02 2.154216253369999889e-01
3.010091867059999799e+02 2.166561100759999969e-01
3.011941055720000122e+02 2.186309320229999908e-01
3.013790244379999876e+02 2.190720905849999900e-01
3.015639433039999631e+02 2.190020465139999872e-01
3.017488621699999953e+02 2.197270291139999943e-01
3.019337810359999708e+02 2.197876912729999910e-01
3.021186999020000030e+02 2.196957786510000121e-01
3.023036187679999784e+02 2.184191376769999970e-01
3.024885376340000107e+02 2.183207243009999965e-01
3.026734565000000430e+02 2.187172224789999952e-01
3.028583753670000078e+02 2.204644718709999895e-01
3.030432942329999833e+02 2.208012290709999992e-01
3.032282130990000155e+02 2.207744610600000101e-01
3.034131319649999909e+02 2.218985248679999911e-01
3.035980508310000232e+02 2.239485576030000036e-01
3.037829696969999986e+02 2.243253095759999982e-01
3.039678885629999741e+02 2.250297298529999879e-01
3.041528074290000063e+02 2.260620800979999956e-01
3.043377262949999817e+02 2.253090864750000033e-01
3.045226451610000140e+02 2.237986633550000104e-01
3.047075640269999894e+02 2.234960495799999947e-01
3.048924828929999649e+02 2.221668069599999906e-01
3.050774017600000434e+02 2.201168991549999898e-01
3.052623206260000188e+02 2.220137389090000024e-01
3.054472394919999942e+02 2.239940762419999898e-01
3.056321583580000265e+02 2.256563985689999940e-01
3.058170772240000019e+02 2.265732169309999933e-01
3.060019960900000342e+02 2.287850254079999979e-01
3.061869149560000096e+02 2.303622869209999979e-01
3.063718338219999850e+02 2.288860653839999981e-01
3.065567526880000173e+02 2.265546044300000006e-01
3.067416715539999927e+02 2.275080618770000118e-01
3.069265904200000250e+02 2.277429995780000105e-01
3.071115092860000004e+02 2.310961939750000027e-01
3.072964281519999759e+02 2.307106710029999952e-01
3.074813470189999975e+02 2.341200326100000007e-01
3.076662658849999730e+02 2.324061195309999883e-01
3.078511847510000052e+02 2.343829815250000059e-01
3.080361036169999807e+02 2.352891904240000109e-01
3.082210224829999561e+02 2.366179729700000067e-01
3.084059413490000452e+02 2.333529456300000027e-01
3.085908602150000206e+02 2.318312440860000045e-01
3.087757790809999960e+02 2.331745993590000066e-01
3.089606979470000283e+02 2.376927143579999901e-01
3.091456168130000037e+02 2.411466145810000072e-01
3.093305356790000360e+02 2.422420568289999909e-01
3.095154545450000114e+02 2.422429181819999999e-01
3.097003734119999763e+02 2.404831204539999989e-01
3.098852922780000085e+02 2.402535641680000056e-01
3.100702111439999840e+02 2.408311343810000116e-01
3.102551300100000162e+02 2.415227945139999943e-01
3.104400488759999917e+02 2.413424879180000038e-01
3.106249677419999671e+02 2.407707199999999936e-01
3.108098866079999993e+02 2.402634406880000129e-01
3.109948054739999748e+02 2.404581084999999896e-01
3.111797243400000070e+02 2.414143553900000017e-01
3.113646432059999825e+02 2.416473104790000104e-01
3.115495620719999579e+02 2.444662846650000054e-01
3.117344809379999901e+02 2.422254138419999980e-01
3.119193998040000224e+02 2.414496647159999898e-01
3.121043186709999873e+02 2.423063986629999944e-01
3.122892375370000195e+02 2.443337120229999992e-01
3.124741564029999950e+02 2.444767150340000084e-01
3.126590752690000272e+02 2.436259542370000086e-01
3.128439941350000026e+02 2.443852162110000115e-01
3.130289130009999781e+02 2.454088618570000047e-01
3.132138318670000103e+02 2.428857865490000045e-01
3.133987507329999858e+02 2.435573338060000037e-01
3.135836695990000180e+02 2.430607832530000123e-01
3.137685884649999934e+02 2.452314564570000077e-01
3.139535073309999689e+02 2.462969753900000058e-01
3.141384261970000011e+02 2.494376315350000095e-01
3.143233450639999660e+02 2.513058506820000093e-01
3.145082639299999983e+02 2.497578340530000052e-01
3.146931827960000305e+02 2.516404034840000192e-01
3.148781016620000059e+02 2.525169835350000169e-01
3.150630205280000382e+02 2.498020633430000081e-01
3.152479393940000136e+02 2.479818286059999877e-01
3.154328582599999891e+02 2.485544081759999968e-01
3.156177771260000213e+02 2.508211559180000272e-01
3.158026959919999967e+02 2.486644154019999886e-01
3.159876148580000290e+02 2.467269503620000137e-01
3.161725337240000044e+02 2.485574965750000087e-01
3.163574525899999799e+02 2.545591946899999902e-01
3.165423714570000016e+02 2.582056389440000044e-01
3.167272903229999770e+02 2.600990051609999854e-01
3.169122091890000092e+02 2.583739494039999918e-01
3.170971280549999847e+02 2.611667212830000029e-01
3.172820469209999601e+02 2.632934573019999891e-01
3.174669657869999924e+02 2.634582258650000064e-01
3.176518846529999678e+02 2.605025259320000175e-01
3.178368035190000001e+02 2.607572357180000244e-01
3.180217223850000323e+02 2.618063698459999755e-01
3.182066412510000077e+02 2.628589016810000123e-01
3.183915601170000400e+02 2.640126658420000050e-01
3.185764789830000154e+02 2.642136963869999855e-01
3.187613978489999909e+02 2.645093275270000155e-01
3.189463167160000125e+02 2.654655786280000207e-01
3.191312355819999880e+02 2.645699852830000198e-01
3.193161544480000202e+02 2.653106500879999774e-01
3.195010733139999957e+02 2.671784044569999739e-01
3.196859921799999711e+02 2.705273699710000201e-01
3.198709110460000034e+02 2.717243067410000101e-01
3.200558299119999788e+02 2.712844539709999836e-01
3.202407487780000110e+02 2.723666719569999839e-01
3.204256676439999865e+02 2.752196952020000142e-01
3.206105865099999619e+02 2.766806641640000008e-01
3.207955053759999942e+02 2.784035788390000210e-01
3.209804242419999696e+02 2.774737556360000190e-01
3.211653431089999913e+02 2.778351484570000252e-01
3.213502619750000235e+02 2.792185148660000227e-01
3.215351808409999990e+02 2.800973619159999872e-01
3.217200997070000312e+02 2.798095201169999990e-01
3.219050185730000067e+02 2.802508598010000074e-01
3.220899374389999821e+02 2.819830895559999884e-01
3.222748563050000143e+02 2.828778859120000266e-01
3.224597751709999898e+02 2.808895235189999839e-01
3.226446940370000220e+02 2.799015472649999947e-01
3.228296129029999975e+02 2.810515970320000001e-01
3.230145317689999729e+02 2.816389860569999959e-01
3.231994506350000051e+02 2.816862817560000232e-01
3.233843695009999806e+02 2.818838532549999831e-01
3.235692883680000023e+02 2.834551018259999777e-01
3.237542072339999777e+02 2.858755837890000207e-01
3.239391261000000100e+02 2.867617016769999916e-01
3.241240449660000422e+02 2.866527428930000232e-01
3.243089638320000176e+02 2.863828956209999999e-01
3.244938826979999931e+02 2.875591119299999998e-01
3.246788015640000253e+02 2.891414991199999784e-01
3.248637204300000008e+02 2.903012357420000078e-01
3.250486392960000330e+02 2.904951054780000042e-01
3.252335581620000085e+02 2.881666395110000223e-01
3.254184770279999839e+02 2.878049829989999808e-01
3.256033958940000161e+02 2.889024026740000251e-01
3.257883147609999810e+02 2.909974355389999823e-01
3.259732336270000133e+02 2.919650506429999903e-01
3.261581524929999887e+02 2.921948989440000255e-01
3.263430713589999641e+02 2.929659155820000249e-01
3.265279902249999964e+02 2.927713357300000263e-01
3.267129090909999718e+02 2.922851749090000228e-01
3.268978279570000041e+02 2.916585185810000036e-01
3.270827468229999795e+02 2.920126417009999975e-01
3.272676656889999549e+02 2.946497752960000049e-01
3.274525845550000440e+02 2.960341757220000258e-01
3.276375034210000194e+02 2.967549105999999770e-01
3.278224222869999949e+02 2.973449487040000228e-01
3.280073411530000271e+02 2.973125918080000152e-01
3.281922600199999920e+02 2.971329086649999729e-01
3.283771788860000242e+02 2.943791571959999964e-01
3.285620977519999997e+02 2.945950589519999996e-01
3.287470166179999751e+02 2.937100032919999770e-01
3.289319354840000074e+02 2.956865477419999833e-01
3.291168543499999828e+02 2.968741539120000050e-01
3.293017732160000151e+02 2.962387461350000084e-01
3.294866920819999905e+02 2.981459353779999932e-01
3.296716109479999659e+02 2.988966104990000150e-01
3.298565298139999982e+02 3.019736664709999907e-01
3.300414486799999736e+02 3.026992537479999967e-01
3.302263675460000059e+02 3.016504667570000242e-01
3.304112864130000276e+02 3.015401703300000236e-01
3.305962052790000030e+02 3.037078017240000261e-01
3.307811241450000352e+02 3.069994838119999847e-01
3.309660430110000107e+02 3.078488140219999836e-01
3.311509618769999861e+02 3.094049920349999927e-01
3.313358807430000184e+02 3.102758950689999962e-01
3.315207996089999938e+02 3.122224053839999791e-01
3.317057184750000260e+02 3.128853663930000195e-01
3.318906373410000015e+02 3.124561193350000043e-01
3.320755562069999769e+02 3.101547613760000099e-01
3.322604750730000092e+02 3.113595310500000268e-01
3.324453939389999846e+02 3.113334864239999944e-01
3.326303128050000169e+02 3.134183138419999737e-01
3.328152316719999817e+02 3.132041758240000084e-01
3.330001505379999571e+02 3.155722455910000002e-01
3.331850694039999894e+02 3.160016617440000175e-01
3.333699882700000217e+02 3.173487233080000136e-01
3.335549071359999971e+02 3.186819308500000170e-01
3.337398260020000293e+02 3.187803338179999724e-01
3.339247448680000048e+02 3.171924187449999821e-01
3.341096637340000370e+02 3.177006574149999762e-01
3.342945826000000125e+02 3.169805589679999813e-01
3.344795014659999879e+02 3.153197783580000135e-01
3.346644203320000202e+02 3.180597767000000187e-01
3.348493391979999956e+02 3.206249326569999836e-01
3.350342580650000173e+02 3.240629734189999778e-01
3.352191769309999927e+02 3.219164033590000140e-01
3.354040957969999681e+02 3.218761099319999985e-01
3.355890146630000004e+02 3.253751419120000099e-01
3.357739335289999758e+02 3.298083573489999920e-01
3.359588523950000081e+02 3.307137002230000067e-01
3.361437712609999835e+02 3.290389122349999806e-01
3.363286901269999589e+02 3.276916073119999773e-01
3.365136089929999912e+02 3.290779819860000233e-01
3.366985278589999666e+02 3.316201840229999753e-01
3.368834467249999989e+02 3.338457439449999953e-01
3.370683655910000311e+02 3.344976984090000105e-01
3.372532844570000066e+02 3.336061377710000109e-01
3.374382033240000283e+02 3.332872541820000034e-01
3.376231221900000037e+02 3.320554995150000188e-01
3.378080410559999791e+02 3.325293726449999876e-01
3.379929599220000114e+02 3.350342551200000130e-01
3.381778787879999868e+02 3.368989909089999957e-01
3.383627976540000191e+02 3.358669465570000012e-01
3.385477165199999945e+02 3.339057731180000155e-01
3.387326353859999699e+02 3.352472980219999843e-01
3.389175542520000022e+02 3.385350198009999811e-01
3.391024731179999776e+02 3.411963266670000050e-01
3.392873919840000099e+02 3.412775924570000119e-01
3.394723108499999853e+02 3.397224902639999766e-01
3.396572297170000070e+02 3.420737414310000002e-01
3.398421485830000393e+02 3.440530932240000173e-01
3.400270674490000147e+02 3.444537833429999751e-01
3.402119863149999901e+02 3.410164984090000018e-01
3.403969051810000224e+02 3.425004845590000069e-01
3.405818240469999978e+02 3.430969121990000148e-01
3.407667429130000301e+02 3.444399898850000197e-01
3.409516617790000055e+02 3.443202960510000077e-01
3.411365806449999809e+02 3.456419913550000111e-01
3.413214995110000132e+02 3.464211814900000075e-01
3.415064183769999886e+02 3.461932175560000213e-01
3.416913372430000209e+02 3.480952919879999885e-01
3.418762561089999963e+02 3.484608314170000165e-01
3.420611749759999611e+02 3.491589389359999740e-01
3.422460938419999934e+02 3.457573854189999740e-01
3.424310127079999688e+02 3.464373460879999755e-01
3.426159315740000011e+02 3.470334372710000004e-01
3.428008504400000334e+02 3.466320290320000219e-01
3.429857693060000088e+02 3.460675295519999861e-01
3.431706881720000410e+02 3.461653087739999801e-01
3.433556070380000165e+02 3.489713882930000066e-01
3.435405259039999919e+02 3.497987673199999814e-01
3.437254447700000242e+02 3.520832128449999932e-01
3.439103636359999996e+02 3.516239174549999902e-01
3.440952825020000319e+02 3.507595066199999945e-01
3.442802013689999967e+02 3.518926944910000243e-01
3.444651202349999721e+02 3.514759904629999876e-01
3.446500391010000044e+02 3.517769173609999744e-01
3.448349579669999798e+02 3.509727662170000206e-01
3.450198768330000121e+02 3.502086253960000062e-01
3.452047956989999875e+02 3.500620649030000142e-01
3.453897145649999629e+02 3.504895622249999954e-01
3.455746334309999952e+02 3.519158469790000243e-01
3.457595522969999706e+02 3.535115910809999984e-01
3.459444711630000029e+02 3.578825917810000146e-01
3.461293900289999783e+02 3.579712469210000192e-01
3.463143088950000106e+02 3.536029539589999882e-01
3.464992277610000428e+02 3.495736852979999809e-01
3.466841466280000077e+02 3.491655913200000239e-01
3.468690654939999831e+02 3.514027117610000195e-01
3.470539843600000154e+02 3.518400515699999787e-01
3.472389032259999908e+02 3.523083615479999930e-01
3.474238220920000231e+02 3.523403803710000171e-01
3.476087409579999985e+02 3.521346733610000168e-01
3.477936598239999739e+02 3.502584488909999960e-01
3.479785786900000062e+02 3.498096948900000225e-01
3.481634975559999816e+02 3.514889840389999742e-01
3.483484164220000139e+02 3.544462972429999748e-01
3.485333352879999893e+02 3.554723501779999961e-01
3.487182541539999647e+02 3.544464120979999855e-01
3.489031730210000433e+02 3.540845814190000107e-01
3.490880918870000187e+02 3.564587553629999794e-01
3.492730107529999941e+02 3.544218083869999925e-01
3.494579296190000264e+02 3.547827512960000096e-01
3.496428484850000018e+02 3.558051317579999928e-01
3.498277673510000341e+02 3.541369015799999964e-01
3.500126862170000095e+02 3.498660841880000261e-01
3.501976050829999849e+02 3.474092663150000204e-01
3.503825239490000172e+02 3.497453948859999828e-01
3.505674428149999926e+02 3.543593715069999761e-01
3.507523616810000249e+02 3.506379715969999977e-01
3.509372805470000003e+02 3.473565761130000262e-01
3.511221994129999757e+02 3.437830682699999918e-01
3.513071182799999974e+02 3.436881501940000083e-01
3.514920371459999728e+02 3.414835200079999744e-01
3.516769560120000051e+02 3.427372142049999737e-01
3.518618748779999805e+02 3.426578104279999759e-01
3.520467937439999560e+02 3.401793716909999876e-01
3.522317126100000451e+02 3.345031914959999964e-01
3.524166314760000205e+02 3.338541659279999907e-01
3.526015503419999959e+02 3.348370768250000240e-01
3.527864692080000282e+02 3.371439168090000216e-01
3.529713880740000036e+02 3.376683228149999771e-01
3.531563069400000359e+02 3.370101750539999941e-01
3.533412258060000113e+02 3.353036056770000162e-01
3.535261446729999761e+02 3.321690600700000218e-01
3.537110635390000084e+02 3.262998137629999906e-01
3.538959824049999838e+02 3.271511618180000247e-01
3.540809012710000161e+02 3.310768832020000163e-01
3.542658201369999915e+02 3.337267125589999939e-01
3.544507390029999669e+02 3.310948993780000182e-01
3.546356578689999992e+02 3.358577254899999809e-01
3.548205767349999746e+02 3.334692532940000120e-01
3.550054956010000069e+02 3.295758532320000045e-01
3.551904144669999823e+02 3.236730377709999829e-01
3.553753333329999577e+02 3.262183173329999963e-01
3.555602521989999900e+02 3.266597363989999780e-01
3.557451710650000223e+02 3.197107520040000095e-01
3.559300899319999871e+02 3.210698854699999827e-01
3.561150087980000194e+02 3.251132340760000128e-01
3.562999276639999948e+02 3.284123003869999780e-01
3.564848465300000271e+02 3.219942471400000228e-01
3.566697653960000025e+02 3.193473775369999879e-01
3.568546842619999779e+02 3.270961205669999927e-01
3.570396031280000102e+02 3.351826818649999984e-01
3.572245219939999856e+02 3.326947349680000054e-01
3.574094408600000179e+02 3.307855579349999742e-01
3.575943597259999933e+02 3.316045227960000008e-01
3.577792785919999687e+02 3.282207331029999842e-01
3.579641974580000010e+02 3.250986795149999886e-01
3.581491163250000227e+02 3.248013928990000077e-01
3.583340351909999981e+02 3.298937965629999969e-01
3.585189540570000304e+02 3.312221243990000064e-01
3.587038729230000058e+02 3.288374194059999756e-01
3.588887917890000381e+02 3.266340665690000145e-01
3.590737106550000135e+02 3.310649381310000194e-01
3.592586295209999889e+02 3.336599125790000175e-01
3.594435483870000212e+02 3.302757580649999802e-01
3.596284672529999966e+02 3.253390644179999791e-01
3.598133861190000289e+02 3.262647587640000180e-01
3.599983049850000043e+02 3.244529505100000044e-01
3.601832238509999797e+02 3.204029197609999935e-01
3.603681427170000120e+02 3.173827141350000214e-01
3.605530615839999768e+02 3.192462451499999965e-01
3.607379804500000091e+02 3.308015062290000086e-01
3.609228993159999845e+02 3.349811839410000158e-01
3.611078181819999600e+02 3.312134520000000193e-01
3.612927370479999922e+02 3.247154246730000193e-01
3.614776559139999677e+02 3.210168558279999917e-01
3.616625747799999999e+02 3.213637474370000247e-01
3.618474936460000322e+02 3.250961990460000117e-01
3.620324125120000076e+02 3.213615687040000113e-01
3.622173313780000399e+02 3.178759086219999919e-01
3.624022502440000153e+02 3.131753556129999727e-01
3.625871691099999907e+02 3.230776425140000074e-01
3.627720879770000124e+02 3.232176048679999969e-01
3.629570068429999878e+02 3.256242879799999823e-01
3.631419257090000201e+02 3.218351092469999841e-01
3.633268445749999955e+02 3.191478114019999923e-01
3.635117634409999710e+02 3.129982745379999987e-01
3.636966823070000032e+02 3.181951277300000269e-01
3.638816011729999786e+02 3.225423778770000194e-01
3.640665200390000109e+02 3.256040631480000003e-01
3.642514389049999863e+02 3.264934648639999937e-01
3.644363577709999618e+02 3.291561117540000025e-01
3.646212766369999940e+02 3.324289092280000024e-01
3.648061955029999694e+02 3.289410164770000256e-01
3.649911143699999911e+02 3.284656174189999889e-01
3.651760332360000234e+02 3.279133930279999887e-01
3.653609521019999988e+02 3.257555489889999989e-01
3.655458709680000311e+02 3.247960647740000262e-01
3.657307898340000065e+02 3.242248432140000247e-01
3.659157086999999819e+02 3.248674411340000123e-01
3.661006275660000142e+02 3.246079199879999821e-01
3.662855464319999896e+02 3.250311700799999870e-01
3.664704652980000219e+02 3.228655997730000005e-01
3.666553841639999973e+02 3.188976290669999769e-01
3.668403030299999728e+02 3.092197478789999732e-01
3.670252218960000050e+02 3.008161825449999771e-01
3.672101407619999804e+02 3.043381710970000098e-01
3.673950596290000021e+02 3.123499815440000105e-01
3.675799784949999776e+02 3.230532798279999729e-01
3.677648973610000098e+02 3.178672006450000143e-01
3.679498162270000421e+02 3.131898850209999807e-01
3.681347350930000175e+02 3.075624677339999780e-01
3.683196539589999929e+02 3.070627024520000137e-01
3.685045728250000252e+02 3.045433899900000241e-01
3.686894916910000006e+02 3.058617780649999784e-01
3.688744105570000329e+02 3.053712258529999723e-01
3.690593294230000083e+02 3.120707579320000091e-01
3.692442482889999837e+02 3.186112596680000242e-01
3.694291671550000160e+02 3.247103345219999881e-01
3.696140860219999809e+02 3.206260576339999835e-01
3.697990048880000131e+02 3.149990184320000108e-01
3.699839237539999885e+02 3.085489876360000272e-01
3.701688426199999640e+02 3.086120520940000000e-01
3.703537614859999962e+02 3.079467925509999926e-01
3.705386803519999717e+02 3.094877425809999805e-01
3.707235992180000039e+02 2.975584156719999762e-01
3.709085180839999794e+02 2.904195680900000243e-01
3.710934369499999548e+02 2.876407267569999759e-01
3.712783558160000439e+02 3.034162102829999763e-01
3.714632746820000193e+02 3.054731521210000134e-01
3.716481935479999947e+02 3.102208797420000219e-01
3.718331124140000270e+02 3.072778997610000062e-01
3.720180312809999918e+02 3.115540261779999875e-01
3.722029501470000241e+02 3.055848329149999931e-01
3.723878690129999995e+02 3.007356035000000039e-01
3.725727878789999750e+02 2.947956517579999880e-01
3.727577067450000072e+02 3.029498652900000089e-01
3.729426256109999827e+02 3.094672819159999810e-01
3.731275444770000149e+02 3.115264169579999853e-01
3.733124633429999903e+02 3.038386078010000269e-01
3.734973822089999658e+02 3.001502861040000192e-01
3.736823010749999980e+02 3.016723519999999770e-01
3.738672199409999735e+02 2.999770858299999898e-01
3.740521388070000057e+02 3.034541775990000079e-01
3.742370576740000274e+02 3.063626868039999729e-01
3.744219765400000028e+02 3.113254751669999876e-01
3.746068954060000351e+02 3.076896473040000024e-01
3.747918142720000105e+02 3.062915578379999948e-01
3.749767331379999860e+02 3.026478267100000119e-01
3.751616520040000182e+02 3.048664530399999850e-01
3.753465708699999936e+02 3.074854810670000216e-01
3.755314897360000259e+02 3.062939890790000175e-01
3.757164086020000013e+02 2.977363348820000200e-01
3.759013274679999768e+02 2.979108305259999812e-01
3.760862463340000090e+02 3.019503498530000107e-01
3.762711651999999845e+02 3.060570233700000142e-01
3.764560840660000167e+02 3.069665355699999765e-01
3.766410029329999816e+02 3.098967586510000261e-01
3.768259217989999570e+02 3.156078282029999849e-01
3.770108406649999893e+02 3.250269076830000214e-01
3.771957595310000215e+02 3.246109140649999780e-01
3.773806783969999969e+02 3.233709598480000169e-01
3.775655972630000292e+02 3.154613893529999991e-01
3.777505161290000046e+02 3.110931167739999781e-01
3.779354349950000369e+02 3.061698542130000256e-01
3.781203538610000123e+02 3.060891380840000120e-01
3.783052727269999878e+02 3.093719047269999911e-01
3.784901915930000200e+02 3.169264825420000098e-01
3.786751104589999954e+02 3.202697744049999851e-01
3.788600293260000171e+02 3.153341286219999984e-01
3.790449481919999926e+02 3.103944034289999876e-01
3.792298670579999680e+02 3.049500287699999923e-01
3.794147859240000003e+02 2.941989491609999785e-01
3.795997047899999757e+02 2.837202874529999863e-01
3.797846236560000079e+02 2.827244552689999746e-01
3.799695425219999834e+02 2.858928394129999773e-01
3.801544613879999588e+02 2.871280258960000054e-01
3.803393802539999911e+02 2.906725467019999898e-01
3.805242991199999665e+02 2.951653205279999859e-01
3.807092179859999987e+02 3.054022159340000209e-01
3.808941368520000310e+02 3.053125686529999938e-01
3.810790557180000064e+02 3.064068736539999893e-01
3.812639745850000281e+02 3.069452976379999920e-01
3.814488934510000036e+02 3.100614167160000156e-01
3.816338123169999790e+02 3.050727190029999814e-01
3.818187311830000112e+02 3.028782229249999958e-01
3.820036500489999867e+02 3.003680563710000029e-01
3.821885689150000189e+02 3.031244905220000230e-01
3.823734877809999944e+02 3.013964758239999764e-01
3.825584066469999698e+02 2.990854486219999830e-01
3.827433255130000020e+02 2.940699294190000090e-01
3.829282443789999775e+02 2.956258082539999776e-01
3.831131632450000097e+02 3.019581745730000044e-01
3.832980821109999852e+02 2.947205273549999838e-01
3.834830009780000069e+02 2.881382542909999844e-01
3.836679198440000391e+02 2.892501298419999922e-01
3.838528387100000145e+02 3.021684187099999974e-01
3.840377575759999900e+02 3.038656431519999868e-01
3.842226764420000222e+02 2.973008932039999941e-01
3.844075953079999977e+02 2.943773633430000203e-01
3.845925141740000299e+02 2.919760318790000087e-01
3.847774330400000053e+02 3.029935268819999861e-01
3.849623519059999808e+02 3.031690743229999985e-01
3.851472707720000130e+02 3.036572729109999758e-01
3.853321896379999885e+02 3.037059055329999757e-01
3.855171085040000207e+02 3.009521314129999792e-01
3.857020273699999962e+02 2.992005959649999824e-01
3.858869462369999610e+02 2.942895038280000097e-01
3.860718651029999933e+02 2.983996834370000184e-01
3.862567839689999687e+02 2.974759057870000056e-01
3.864417028350000010e+02 3.034311866669999747e-01
3.866266217010000332e+02 3.023240391440000230e-01
3.868115405670000087e+02 3.052168858770000215e-01
3.869964594330000409e+02 3.072652146240000270e-01
3.871813782990000163e+02 3.115663851029999987e-01
3.873662971649999918e+02 3.158492943890000015e-01
3.875512160310000240e+02 3.116592940410000123e-01
3.877361348969999995e+02 3.081094096299999974e-01
3.879210537630000317e+02 3.070465754839999950e-01
3.881059726299999966e+02 3.123086995700000146e-01
3.882908914959999720e+02 3.028179804460000013e-01
3.884758103620000043e+02 2.980429300290000083e-01
3.886607292279999797e+02 2.947915462910000173e-01
3.888456480940000120e+02 2.949399656539999914e-01
3.890305669599999874e+02 2.958043803709999864e-01
3.892154858259999628e+02 3.010707196679999753e-01
3.894004046919999951e+02 3.038690669210000195e-01
3.895853235579999705e+02 3.047597306079999901e-01
3.897702424240000028e+02 3.040594248480000261e-01
3.899551612899999782e+02 3.008973735480000022e-01
3.901400801560000104e+02 3.014672046840000119e-01
3.903249990220000427e+02 2.949624983699999925e-01
3.905099178890000076e+02 2.992524725280000242e-01
3.906948367549999830e+02 3.024286618259999782e-01
3.908797556210000153e+02 3.066389737240000080e-01
3.910646744869999907e+02 3.017665505570000239e-01
3.912495933530000229e+02 2.946611439260000131e-01
3.914345122189999984e+02 2.981061094820000035e-01
3.916194310849999738e+02 3.036376286690000148e-01
3.918043499510000061e+02 3.061489215250000062e-01
3.919892688169999815e+02 3.115201047739999951e-01
3.921741876830000137e+02 3.172125312260000163e-01
3.923591065489999892e+02 3.218617894190000106e-01
3.925440254149999646e+02 3.153995982400000231e-01
3.927289442820000431e+02 3.066844626979999822e-01
3.929138631480000186e+02 2.992311382719999857e-01
3.930987820139999940e+02 3.047610671320000186e-01
3.932837008800000262e+02 3.066154887040000165e-01
3.934686197460000017e+02 3.083349681759999794e-01
3.936535386120000339e+02 3.050010442819999779e-01
3.938384574780000094e+02 3.011308396130000231e-01
3.940233763439999848e+02 3.067282239570000013e-01
3.942082952100000171e+02 3.043848454900000000e-01
3.943932140759999925e+02 3.060858997179999874e-01
3.945781329420000247e+02 3.069085626390000154e-01
3.947630518080000002e+02 3.148754548900000172e-01
3.949479706739999756e+02 3.123261242229999901e-01
3.951328895409999973e+02 3.103108725789999744e-01
3.953178084069999727e+02 3.056260057010000142e-01
3.955027272730000050e+02 3.121136999999999939e-01
3.956876461389999804e+02 3.122611650129999972e-01
3.958725650049999558e+02 3.088666749439999970e-01
3.960574838710000449e+02 3.038525283869999982e-01
3.962424027370000204e+02 3.041142416309999819e-01
3.964273216029999958e+02 3.044978528839999976e-01
3.966122404690000280e+02 2.989856349330000107e-01
3.967971593350000035e+02 3.004646298379999858e-01
3.969820782010000357e+02 3.068901859779999963e-01
3.971669970670000112e+02 3.086158207620000038e-01
3.973519159339999760e+02 3.139721065689999868e-01
3.975368348000000083e+02 3.193839099040000074e-01
3.977217536659999837e+02 3.270563385809999724e-01
3.979066725320000160e+02 3.226532586940000225e-01
3.980915913979999914e+02 3.180372762579999901e-01
3.982765102639999668e+02 3.110389998240000176e-01
3.984614291299999991e+02 3.091059728289999864e-01
3.986463479959999745e+02 3.146929448479999780e-01
3.988312668620000068e+02 3.155355930559999855e-01
3.990161857279999822e+02 3.118248045199999985e-01
3.992011045939999576e+02 3.065789208990000181e-01
3.993860234599999899e+02 3.048469234489999957e-01
3.995709423260000221e+02 3.023295177399999978e-01
3.997558611929999870e+02 3.078376867879999979e-01
3.999407800590000193e+02 2.983683416299999780e-01
4.001256989249999947e+02 2.923134322579999944e-01
4.003106177910000270e+02 2.838263738919999946e-01
4.004955366570000024e+02 2.787210497240000251e-01
4.006804555229999778e+02 2.714729158629999861e-01
4.008653743890000101e+02 2.764441424090000043e-01
4.010502932549999855e+02 2.761561738419999745e-01
4.012352121210000178e+02 2.726921260610000175e-01
4.014201309869999932e+02 2.634592023660000115e-01
4.016050498529999686e+02 2.596869578179999971e-01
4.017899687190000009e+02 2.477792222209999895e-01
4.019748875860000226e+02 2.509073026779999882e-01
4.021598064519999980e+02 2.543390384520000103e-01
4.023447253180000303e+02 2.695600974349999790e-01
4.025296441840000057e+02 2.657484602390000061e-01
4.027145630500000379e+02 2.660840219119999794e-01
4.028994819160000134e+02 2.661519587680000187e-01
4.030844007819999888e+02 2.665223187799999893e-01
4.032693196480000211e+02 2.742917015720000018e-01
4.034542385139999965e+02 2.731425014939999896e-01
4.036391573800000288e+02 2.728837335839999767e-01
4.038240762460000042e+02 2.733912635779999767e-01
4.040089951119999796e+02 2.769238407940000091e-01
4.041939139780000119e+02 2.714531466669999893e-01
4.043788328449999767e+02 2.619041926219999872e-01
4.045637517110000090e+02 2.703633172670000251e-01
4.047486705769999844e+02 2.683386327860000087e-01
4.049335894429999598e+02 2.699335883639999989e-01
4.051185083089999921e+02 2.650110072180000276e-01
4.053034271749999675e+02 2.700682460489999825e-01
4.054883460409999998e+02 2.830949477069999998e-01
4.056732649070000321e+02 2.870433768330000190e-01
4.058581837730000075e+02 2.795449585020000072e-01
4.060431026390000397e+02 2.605334679879999782e-01
4.062280215050000152e+02 2.637321114839999980e-01
4.064129403709999906e+02 2.664541623230000100e-01
4.065978592380000123e+02 2.794729452199999908e-01
4.067827781039999877e+02 2.824938237769999971e-01
4.069676969700000200e+02 2.874248561209999941e-01
4.071526158359999954e+02 2.786413361990000004e-01
4.073375347019999708e+02 2.765577264360000176e-01
4.075224535680000031e+02 2.734535713780000266e-01
4.077073724339999785e+02 2.738021905099999875e-01
4.078922913000000108e+02 2.792621860960000091e-01
4.080772101659999862e+02 2.787715640230000180e-01
4.082621290319999616e+02 2.713681309679999987e-01
4.084470478979999939e+02 2.680652685439999794e-01
4.086319667639999693e+02 2.731744138100000163e-01
4.088168856300000016e+02 2.807145553779999969e-01
4.090018044970000233e+02 2.752819787879999813e-01
4.091867233629999987e+02 2.752588072689999832e-01
4.093716422290000310e+02 2.708488066859999766e-01
4.095565610950000064e+02 2.750802911710000243e-01
4.097414799609999818e+02 2.735801705920000160e-01
4.099263988269999572e+02 2.801092350030000011e-01
4.101113176929999895e+02 2.753324419390000277e-01
4.102962365590000218e+02 2.752643363439999935e-01
4.104811554249999972e+02 2.719112954130000204e-01
4.106660742910000295e+02 2.841276402699999815e-01
4.108509931570000049e+02 2.867519967589999830e-01
4.110359120230000372e+02 2.884360840469999965e-01
4.112208308900000020e+02 2.861642096379999889e-01
4.114057497560000343e+02 2.858681863029999826e-01
4.115906686219999528e+02 2.897778232020000178e-01
4.117755874880000420e+02 2.874869067759999730e-01
4.119605063539999605e+02 2.822501600740000005e-01
4.121454252199999928e+02 2.670012145449999763e-01
4.123303440859999682e+02 2.624551836560000129e-01
4.125152629520000005e+02 2.777256635149999986e-01
4.127001818179999759e+02 2.871522901820000029e-01
4.128851006840000082e+02 2.836203318080000035e-01
4.130700195499999836e+02 2.762708856109999944e-01
4.132549384160000159e+02 2.680145118480000144e-01
4.134398572830000376e+02 2.653582009580000012e-01
4.136247761490000130e+02 2.692915585419999869e-01
4.138096950150000453e+02 2.744506853370000110e-01
4.139946138809999638e+02 2.755289159529999976e-01
4.141795327470000530e+02 2.780267406060000224e-01
4.143644516129999715e+02 2.813565852900000164e-01
4.145493704790000038e+02 2.818430545339999926e-01
4.147342893449999792e+02 2.816336250009999764e-01
4.149192082110000115e+02 2.865156976539999789e-01
4.151041270769999869e+02 2.841332780679999837e-01
4.152890459430000192e+02 2.823421899390000100e-01
4.154739648089999946e+02 2.826645251029999972e-01
4.156588836750000269e+02 2.813797962460000135e-01
4.158438025419999349e+02 2.803484768330000154e-01
4.160287214080000240e+02 2.821580713199999813e-01
4.162136402740000563e+02 2.873164985489999879e-01
4.163985591399999748e+02 2.903726573759999874e-01
4.165834780060000639e+02 2.859482244220000191e-01
4.167683968719999825e+02 2.897112697559999783e-01
4.169533157380000148e+02 2.899910464279999989e-01
4.171382346039999902e+02 2.899476606920000088e-01
4.173231534700000225e+02 2.867295146200000144e-01
4.175080723359999979e+02 2.873634337239999725e-01
4.176929912020000302e+02 2.878943321990000137e-01
4.178779100680000056e+02 2.853220696379999977e-01
4.180628289350000273e+02 2.815435296580000024e-01
4.182477478009999459e+02 2.782996234960000148e-01
4.184326666670000350e+02 2.770658586670000090e-01
4.186175855329999536e+02 2.663364666859999730e-01
4.188025043989999858e+02 2.796636852900000192e-01
4.189874232649999612e+02 2.833341165400000139e-01
4.191723421309999935e+02 2.874985494349999726e-01
4.193572609969999689e+02 2.819843146509999898e-01
4.195421798630000012e+02 2.868888741150000254e-01
4.197270987290000335e+02 2.853001059629999836e-01
4.199120175950000089e+02 2.864976440940000257e-01
4.200969364610000412e+02 2.917856871949999764e-01
4.202818553270000166e+02 2.952758870150000159e-01
4.204667741940000383e+02 2.997186625809999949e-01
4.206516930599999569e+02 3.014699048989999963e-01
4.208366119260000460e+02 2.983838957850000195e-01
4.210215307919999645e+02 2.910128205279999825e-01
4.212064496579999968e+02 2.869508188109999858e-01
4.213913685239999722e+02 2.901766408800000030e-01
4.215762873900000045e+02 2.896278221940000175e-01
4.217612062559999799e+02 2.921315237220000194e-01
4.219461251220000122e+02 2.859990762110000140e-01
4.221310439879999876e+02 2.870747114839999892e-01
4.223159628540000199e+02 2.855182430689999773e-01
4.225008817199999385e+02 2.857916621079999997e-01
4.226858005870000170e+02 2.840481128560000124e-01
4.228707194530000493e+02 2.845161685979999966e-01
4.230556383189999679e+02 2.867747769849999795e-01
4.232405571850000570e+02 2.865156872729999749e-01
4.234254760509999755e+02 2.837349802069999982e-01
4.236103949170000078e+02 2.802691651929999916e-01
4.237953137829999832e+02 2.845362495600000097e-01
4.239802326490000155e+02 2.921342712880000136e-01
4.241651515149999909e+02 2.912585945450000269e-01
4.243500703810000232e+02 2.866218256190000147e-01
4.245349892469999986e+02 2.831006731610000160e-01
4.247199081130000309e+02 2.813469729699999977e-01
4.249048269789999495e+02 2.855043146390000008e-01
4.250897458460000280e+02 2.868844761880000038e-01
4.252746647119999466e+02 2.934807120699999827e-01
4.254595835779999788e+02 2.924913246799999977e-01
4.256445024440000680e+02 2.988449615639999779e-01
4.258294213099999865e+02 2.969923768330000047e-01
4.260143401760000188e+02 3.022862811729999932e-01
4.261992590419999942e+02 3.037535751439999765e-01
4.263841779080000265e+02 3.080163572549999840e-01
4.265690967740000019e+02 3.005100327740000132e-01
4.267540156400000342e+02 3.020912059590000198e-01
4.269389345060000096e+02 2.959782902829999895e-01
4.271238533720000419e+02 2.921860396720000197e-01
4.273087722389999499e+02 2.814310444420000112e-01
4.274936911050000390e+02 2.832203587680000023e-01
4.276786099709999576e+02 2.845017289149999740e-01
4.278635288369999898e+02 2.846540159729999964e-01
4.280484477029999653e+02 2.851042993239999990e-01
4.282333665689999975e+02 2.922886705689999864e-01
4.284182854349999729e+02 2.970412702440000108e-01
4.286032043010000052e+02 2.920761312690000056e-01
4.287881231669999806e+02 2.958638022869999884e-01
4.289730420330000129e+02 3.021343395030000045e-01
4.291579608990000452e+02 2.994307706980000039e-01
4.293428797650000206e+02 2.926442968679999757e-01
4.295277986310000529e+02 2.850102875109999934e-01
4.297127174979999609e+02 2.868728455330000204e-01
4.298976363640000500e+02 2.832256479999999965e-01
4.300825552299999686e+02 2.901697614429999961e-01
4.302674740960000008e+02 2.923494506279999960e-01
4.304523929619999763e+02 2.962845667919999926e-01
4.306373118280000085e+02 2.992823819350000081e-01
4.308222306939999839e+02 3.025429426160000101e-01
4.310071495600000162e+02 3.006801826980000092e-01
4.311920684259999916e+02 3.076648593310000179e-01
4.313769872920000239e+02 3.121187744480000137e-01
4.315619061579999425e+02 3.099089965399999813e-01
4.317468250240000316e+02 2.967120466939999757e-01
4.319317438910000533e+02 2.920023631199999969e-01
4.321166627569999719e+02 2.897150855839999983e-01
4.323015816230000610e+02 2.930079616740000059e-01
4.324865004889999796e+02 2.975635347410000020e-01
4.326714193550000118e+02 2.984540005160000176e-01
4.328563382209999872e+02 3.000146186040000273e-01
4.330412570870000195e+02 3.011386017480000010e-01
4.332261759529999949e+02 2.993785850440000007e-01
4.334110948190000272e+02 2.958446031670000087e-01
4.335960136850000026e+02 3.011821512769999876e-01
4.337809325510000349e+02 3.004040120470000130e-01
4.339658514169999535e+02 3.033356574550000184e-01
4.341507702830000426e+02 3.013317276599999928e-01
4.343356891499999506e+02 3.026682119060000176e-01
4.345206080159999829e+02 3.058837837539999938e-01
4.347055268819999583e+02 3.097731748820000131e-01
4.348904457479999905e+02 3.043004171379999900e-01
4.350753646139999660e+02 2.940425644340000089e-01
4.352602834799999982e+02 2.924411333329999807e-01
4.354452023460000305e+02 3.030549672610000078e-01
4.356301212120000059e+02 3.088725128479999915e-01
4.358150400780000382e+02 3.000795283750000153e-01
4.359999589440000136e+02 2.876229168910000022e-01
4.361848778100000459e+02 2.866677114560000073e-01
4.363697966759999645e+02 2.943270595460000250e-01
4.365547155430000430e+02 2.985573582289999806e-01
4.367396344089999616e+02 2.855768580220000019e-01
4.369245532749999938e+02 2.819456425810000222e-01
4.371094721409999693e+02 2.811541385340000088e-01
4.372943910070000015e+02 2.835720411029999943e-01
4.374793098729999770e+02 2.837425509400000045e-01
4.376642287390000092e+02 2.933675211139999961e-01
4.378491476049999847e+02 3.002913893529999823e-01
4.380340664710000169e+02 2.951421560899999963e-01
4.382189853369999355e+02 2.971380965509999861e-01
4.384039042030000246e+02 3.018985748970000049e-01
4.385888230689999432e+02 3.053642438399999937e-01
4.387737419349999755e+02 3.079975643869999891e-01
4.389586608020000540e+02 3.110382728639999872e-01
4.391435796679999726e+02 3.091720271710000079e-01
4.393284985340000048e+02 3.006894321879999832e-01
4.395134173999999803e+02 2.907143161410000176e-01
4.396983362660000125e+02 2.939962338809999909e-01
4.398832551319999880e+02 2.988273499119999954e-01
4.400681739980000202e+02 3.053041664050000215e-01
4.402530928639999956e+02 3.050985263970000250e-01
4.404380117300000279e+02 3.038445691609999999e-01
4.406229305959999465e+02 2.984002920700000172e-01
4.408078494620000356e+02 2.910731464519999978e-01
4.409927683279999542e+02 2.944079194490000217e-01
4.411776871949999759e+02 2.927145485939999792e-01
4.413626060610000650e+02 2.961294858180000267e-01
4.415475249269999836e+02 2.876255576539999970e-01
4.417324437930000158e+02 2.917407293839999749e-01
4.419173626589999913e+02 2.922052526650000259e-01
4.421022815250000235e+02 2.946193890909999946e-01
4.422872003909999989e+02 2.953433519370000093e-01
4.424721192570000312e+02 2.940373101620000207e-01
4.426570381230000066e+02 2.965901199409999855e-01
4.428419569890000389e+02 3.010697476559999752e-01
4.430268758549999575e+02 3.099690538889999791e-01
4.432117947210000466e+02 3.138064096070000142e-01
4.433967135869999652e+02 3.134939854309999885e-01
4.435816324539999869e+02 3.053152128639999852e-01
4.437665513199999623e+02 3.041109419349999898e-01
4.439514701859999946e+02 3.067644847429999988e-01
4.441363890519999700e+02 3.128489772549999937e-01
4.443213079180000022e+02 3.186042344630000134e-01
4.445062267839999777e+02 3.148097845550000273e-01
4.446911456500000099e+02 3.100719669290000202e-01
4.448760645160000422e+02 3.065256565160000002e-01
4.450609833820000176e+02 3.126529859630000074e-01
4.452459022480000499e+02 3.115084347250000052e-01
4.454308211139999685e+02 3.117749551910000139e-01
4.456157399800000576e+02 3.098214134430000155e-01
4.458006588469999656e+02 3.112566478830000039e-01
4.459855777129999979e+02 3.064462950619999959e-01
4.461704965789999733e+02 3.056253014040000160e-01
4.463554154450000055e+02 2.989828209970000206e-01
4.465403343109999810e+02 3.000056609150000275e-01
4.467252531770000132e+02 3.075171742760000049e-01
4.469101720429999887e+02 3.178893756560000061e-01
4.470950909090000209e+02 3.178180919999999965e-01
4.472800097749999395e+02 3.148430786509999746e-01
4.474649286410000286e+02 3.021997538960000118e-01
4.476498475069999472e+02 3.005017556249999777e-01
4.478347663729999795e+02 2.998781505379999879e-01
4.480196852389999549e+02 2.960877953589999834e-01
4.482046041059999766e+02 3.013056688560000196e-01
4.483895229720000088e+02 3.055161554879999852e-01
4.485744418379999843e+02 3.047581933219999928e-01
4.487593607040000165e+02 3.071595301230000130e-01
4.489442795699999920e+02 3.062083002579999991e-01
4.491291984360000242e+02 3.054381138419999808e-01
4.493141173019999997e+02 2.995461772319999993e-01
4.494990361680000319e+02 3.111799067409999897e-01
4.496839550339999505e+02 3.088036757850000091e-01
4.498688739000000396e+02 3.062105610440000181e-01
4.500537927659999582e+02 3.015899437730000243e-01
4.502387116319999905e+02 3.054898964650000215e-01
4.504236304989999553e+02 3.052695341109999960e-01
4.506085493649999876e+02 3.038578157610000163e-01
4.507934682310000198e+02 2.995276409779999982e-01
4.509783870969999953e+02 3.003737006450000191e-01
4.511633059630000275e+02 3.055124402150000140e-01
4.513482248290000030e+02 3.150793987059999912e-01
4.515331436950000352e+02 3.136639510729999913e-01
4.517180625610000106e+02 3.098228437539999880e-01
4.519029814270000429e+02 3.071425988270000129e-01
4.520879002929999615e+02 3.081342866039999961e-01
4.522728191590000506e+02 3.092690752569999812e-01
4.524577380249999692e+02 2.985505940959999882e-01
4.526426568910000015e+02 2.990528004929999817e-01
4.528275757579999663e+02 3.065683642420000132e-01
4.530124946239999986e+02 3.101148584089999938e-01
4.531974134899999740e+02 3.124673091499999833e-01
4.533823323560000063e+02 3.081209481800000205e-01
4.535672512219999817e+02 3.128971184239999759e-01
4.537521700880000139e+02 3.140309473899999815e-01
4.539370889539999325e+02 3.149535109330000027e-01
4.541220078200000216e+02 3.089893348269999729e-01
4.543069266860000539e+02 2.975502502760000167e-01
4.544918455519999725e+02 2.969656408129999758e-01
4.546767644180000616e+02 3.035813496379999865e-01
4.548616832839999802e+02 3.123527534900000235e-01
4.550466021510000019e+02 3.132887420650000143e-01
4.552315210169999773e+02 3.125885401410000153e-01
4.554164398830000096e+02 3.072901957540000173e-01
4.556013587489999850e+02 3.092254107140000041e-01
4.557862776150000172e+02 3.112044885040000097e-01
4.559711964809999927e+02 3.128484841290000151e-01
4.561561153470000249e+02 3.141097954879999987e-01
4.563410342129999435e+02 3.112610016499999799e-01
4.565259530790000326e+02 3.107965087980000263e-01
4.567108719449999512e+02 3.053986669359999850e-01
4.568957908109999835e+02 3.106598402579999751e-01
4.570807096769999589e+02 3.105460760000000042e-01
4.572656285429999912e+02 3.129624897200000144e-01
4.574505474100000129e+02 3.113039185920000174e-01
4.576354662759999883e+02 3.111918678239999903e-01
4.578203851420000206e+02 3.106258000939999819e-01
4.580053040079999960e+02 3.164210690909999846e-01
4.581902228740000282e+02 3.135752474960000202e-01
4.583751417400000037e+02 3.145350371460000072e-01
4.585600606060000359e+02 3.117674480000000026e-01
4.587449794719999545e+02 3.169799221940000078e-01
4.589298983380000436e+02 3.226174829089999974e-01
4.591148172039999622e+02 3.269935061940000276e-01
4.592997360699999945e+02 3.207575335480000178e-01
4.594846549359999699e+02 3.190776908040000026e-01
4.596695738029999916e+02 3.238844143030000233e-01
4.598544926689999670e+02 3.255561289030000083e-01
4.600394115349999993e+02 3.163821877610000222e-01
4.602243304010000315e+02 3.103682941940000273e-01
4.604092492670000070e+02 3.055625049499999801e-01
4.605941681330000392e+02 3.038652449500000019e-01
4.607790869990000147e+02 2.985717945220000002e-01
4.609640058650000469e+02 3.002734010090000183e-01
4.611489247309999655e+02 3.043652541940000122e-01
4.613338435970000546e+02 3.039178809809999771e-01
4.615187624629999732e+02 3.085164094310000049e-01
4.617036813290000055e+02 3.084389773060000062e-01
4.618886001959999703e+02 3.086254343850000081e-01
4.620735190620000026e+02 3.092934596479999798e-01
4.622584379279999780e+02 3.114152393590000067e-01
4.624433567940000103e+02 3.130650559879999961e-01
4.626282756599999857e+02 3.092250731139999931e-01
4.628131945260000180e+02 3.118184616340000104e-01
4.629981133919999365e+02 3.108641247310000022e-01
4.631830322580000256e+02 3.173408498060000249e-01
4.633679511239999442e+02 3.131170990189999781e-01
4.635528699899999765e+02 3.077574797889999769e-01
4.637377888560000656e+02 2.998961862399999734e-01
4.639227077219999842e+02 3.081221423850000196e-01
4.641076265880000165e+02 3.212116912260000179e-01
4.642925454549999813e+02 3.240011149090000209e-01
4.644774643210000136e+02 3.202018931610000063e-01
4.646623831869999890e+02 3.168126174149999974e-01
4.648473020530000213e+02 3.270877851030000172e-01
4.650322209189999967e+02 3.320263769969999945e-01
4.652171397850000290e+02 3.266997741509999886e-01
4.654020586509999475e+02 3.098186416770000173e-01
4.655869775170000366e+02 3.053549140530000261e-01
4.657718963829999552e+02 3.066543618379999891e-01
4.659568152489999875e+02 3.131263065220000197e-01
4.661417341149999629e+02 3.214583576300000245e-01
4.663266529809999952e+02 3.272086910540000226e-01
4.665115718480000169e+02 3.280265396600000050e-01
4.666964907139999923e+02 3.184040720820000003e-01
4.668814095800000246e+02 3.174449396680000257e-01
4.670663284460000000e+02 3.181467021700000175e-01
4.672512473120000323e+02 3.194038313120000083e-01
4.674361661780000077e+02 3.171186780220000001e-01
4.676210850440000399e+02 3.147846696769999730e-01
4.678060039099999585e+02 3.154741434169999748e-01
4.679909227760000476e+02 3.117263451100000249e-01
4.681758416419999662e+02 3.116483424750000064e-01
4.683607605079999985e+02 3.114493769660000022e-01
4.685456793739999739e+02 3.154306326690000106e-01
4.687305982400000062e+02 3.227147204220000010e-01
4.689155171069999710e+02 3.256509822370000085e-01
4.691004359730000033e+02 3.203660427719999815e-01
4.692853548389999787e+02 3.107210237420000021e-01
4.694702737050000110e+02 3.075342003709999883e-01
4.696551925710000432e+02 3.145106293570000267e-01
4.698401114370000187e+02 3.145321751910000185e-01
4.700250303030000509e+02 3.130417327269999772e-01
4.702099491689999695e+02 3.131208250090000145e-01
4.703948680350000586e+02 3.180444142519999740e-01
4.705797869009999772e+02 3.188444440229999954e-01
4.707647057670000095e+02 3.189470092789999933e-01
4.709496246329999849e+02 3.182590132199999977e-01
4.711345435000000066e+02 3.261577011380000224e-01
4.713194623659999820e+02 3.298587318280000180e-01
4.715043812320000143e+02 3.284910088799999905e-01
4.716893000979999897e+02 3.241841755889999788e-01
4.718742189640000220e+02 3.232367923480000127e-01
4.720591378299999405e+02 3.201091747800000054e-01
4.722440566960000297e+02 3.214714607429999815e-01
4.724289755619999482e+02 3.213755377559999737e-01
4.726138944279999805e+02 3.273286529380000087e-01
4.727988132939999559e+02 3.249934623769999975e-01
4.729837321599999882e+02 3.272196697199999949e-01
4.731686510260000205e+02 3.236677137239999946e-01
4.733535698919999959e+02 3.222506106240000112e-01
4.735384887590000176e+02 3.215449759180000200e-01
4.737234076249999930e+02 3.252191069090000219e-01
4.739083264910000253e+02 3.091162915269999867e-01
4.740932453570000007e+02 2.045687184789999891e-01
4.742781642230000330e+02 8.482660125009999774e-02
4.744630830889999515e+02 4.478836041729999592e-03
4.746480019550000407e+02 6.509450492310000233e-04
4.748329208209999592e+02 1.673377798749999879e-04
4.750178396869999915e+02 5.336401564030000144e-05
4.752027585529999669e+02 2.364951561990000079e-05
4.753876774189999992e+02 1.695425369549999919e-05
4.755725962849999746e+02 1.087928684580000038e-05
4.757575151519999963e+02 5.963930603640000233e-06
4.759424340180000286e+02 3.363104608799999986e-06
4.761273528840000040e+02 1.485063940060000039e-06
4.763122717500000363e+02 4.093328705139999823e-07
4.764971906160000117e+02 1.171315444690000053e-07
4.766821094820000440e+02 1.115520000000000052e-07
4.768670283479999625e+02 1.044130502270000051e-07
4.770519472140000516e+02 8.628014275660000530e-08
4.772368660799999702e+02 5.681577605280000266e-08
4.774217849460000025e+02 2.719063227529999847e-08
4.776067038119999779e+02 6.322956744880000213e-09
4.777916226780000102e+02 0.000000000000000000e+00
4.779765415439999856e+02 0.000000000000000000e+00
4.781614604110000073e+02 0.000000000000000000e+00
4.783463792769999827e+02 0.000000000000000000e+00
4.785312981430000150e+02 0.000000000000000000e+00
4.787162170089999336e+02 0.000000000000000000e+00
4.789011358750000227e+02 0.000000000000000000e+00
4.790860547410000549e+02 0.000000000000000000e+00
4.792709736069999735e+02 0.000000000000000000e+00
4.794558924730000626e+02 0.000000000000000000e+00
4.796408113389999812e+02 0.000000000000000000e+00
4.798257302050000135e+02 0.000000000000000000e+00
4.800106490709999889e+02 0.000000000000000000e+00
4.801955679370000212e+02 0.000000000000000000e+00
4.803804868039999860e+02 0.000000000000000000e+00
4.805654056700000183e+02 0.000000000000000000e+00
4.807503245359999937e+02 0.000000000000000000e+00
4.809352434020000260e+02 0.000000000000000000e+00
4.811201622679999446e+02 0.000000000000000000e+00
4.813050811340000337e+02 0.000000000000000000e+00
4.814899999999999523e+02 0.000000000000000000e+00
