# Wavelength (Nm)      Variance
2.906349999999999909e+02 2.669740999999999920e-01
2.907360508310000000e+02 2.686122715150000007e-01
2.908371016620000091e+02 2.795690686219999832e-01
2.909381524930000182e+02 2.841257031960000012e-01
2.910392033239999705e+02 2.802763854349999972e-01
2.911402541539999902e+02 2.811718139489999824e-01
2.912413049849999993e+02 2.792000397070000250e-01
2.913423558160000084e+02 2.708194952879999784e-01
2.914434066469999607e+02 2.675633935289999932e-01
2.915444574780000266e+02 2.710336777710000145e-01
2.916455083089999789e+02 2.702600679370000258e-01
2.917465591399999880e+02 2.724429743010000071e-01
2.918476099709999971e+02 2.778348678590000231e-01
2.919486608020000062e+02 2.743079900290000261e-01
2.920497116319999691e+02 2.735241339389999915e-01
2.921507624629999782e+02 2.749415290619999785e-01
2.922518132940000442e+02 2.697687975759999746e-01
2.923528641249999964e+02 2.655825219549999838e-01
2.924539149560000055e+02 2.639151186509999802e-01
2.925549657870000146e+02 2.585324459530000119e-01
2.926560166180000238e+02 2.559569396479999814e-01
2.927570674489999760e+02 2.621619697650000025e-01
2.928581182799999851e+02 2.633935156989999915e-01
2.929591691100000048e+02 2.674002370279999763e-01
2.930602199410000139e+02 2.708582641060000018e-01
2.931612707719999662e+02 2.707042673999999760e-01
2.932623216030000322e+02 2.680537389050000052e-01
2.933633724339999844e+02 2.667993685339999921e-01
2.934644232649999935e+02 2.679658064909999915e-01
2.935654740960000026e+02 2.672275282209999880e-01
2.936665249270000118e+02 2.659669618769999744e-01
2.937675757580000209e+02 2.703574639390000089e-01
2.938686265879999837e+02 2.753627695209999726e-01
2.939696774189999928e+02 2.747757654840000119e-01
2.940707282500000019e+02 2.810114084259999756e-01
2.941717790810000110e+02 2.845751330790000089e-01
2.942728299120000202e+02 2.826177051029999943e-01
2.943738807430000293e+02 2.808887798920000067e-01
2.944749315739999815e+02 2.804330353860000069e-01
2.945759824049999906e+02 2.764871746040000189e-01
2.946770332359999998e+02 2.737557284259999890e-01
2.947780840660000194e+02 2.736658369700000204e-01
2.948791348969999717e+02 2.704757556599999835e-01
2.949801857280000377e+02 2.715453749169999820e-01
2.950812365589999899e+02 2.705256369890000068e-01
2.951822873899999990e+02 2.703560226689999957e-01
2.952833382210000082e+02 2.724276986120000021e-01
2.953843890520000173e+02 2.732368896290000015e-01
2.954854398829999695e+02 2.728563153670000019e-01
2.955864907139999787e+02 2.746931913099999734e-01
2.956875415439999983e+02 2.765635038909999843e-01
2.957885923750000075e+02 2.701719923750000030e-01
2.958896432059999597e+02 2.671981461390000034e-01
2.959906940370000257e+02 2.639810388659999951e-01
2.960917448679999779e+02 2.576770199410000073e-01
2.961927956989999871e+02 2.511755143009999913e-01
2.962938465299999962e+02 2.497998401560000137e-01
2.963948973610000053e+02 2.532969106449999841e-01
2.964959481920000144e+02 2.572450789440000052e-01
2.965969990219999772e+02 2.608329259139999801e-01
2.966980498530000432e+02 2.601777188859999979e-01
2.967991006839999955e+02 2.557998819839999993e-01
2.969001515150000046e+02 2.551675715150000245e-01
2.970012023460000137e+02 2.528736086799999727e-01
2.971022531770000228e+02 2.544657296769999855e-01
2.972033040079999751e+02 2.619605100779999751e-01
2.973043548389999842e+02 2.658111961290000047e-01
2.974054056699999933e+02 2.654965841060000220e-01
2.975064565000000130e+02 2.693146177130000263e-01
2.976075073309999652e+02 2.672450102050000220e-01
2.977085581620000312e+02 2.666864383379999870e-01
2.978096089929999835e+02 2.731667029909999878e-01
2.979106598239999926e+02 2.721638232840000171e-01
2.980117106550000017e+02 2.645663315840000029e-01
2.981127614860000108e+02 2.614570175759999837e-01
2.982138123170000199e+02 2.596721219940000269e-01
2.983148631479999722e+02 2.545473787099999941e-01
2.984159139779999919e+02 2.542169634409999768e-01
2.985169648090000010e+02 2.590767278589999889e-01
2.986180156400000101e+02 2.625099637150000165e-01
2.987190664710000192e+02 2.615529291500000020e-01
2.988201173020000283e+02 2.624526983280000003e-01
2.989211681329999806e+02 2.582821248289999816e-01
2.990222189639999897e+02 2.544860292669999802e-01
2.991232697949999988e+02 2.571718573610000114e-01
2.992243206260000079e+02 2.586149267250000272e-01
2.993253714569999602e+02 2.587231273310000024e-01
2.994264222870000367e+02 2.632144438119999874e-01
2.995274731179999890e+02 2.676665479570000117e-01
2.996285239489999981e+02 2.662365334899999825e-01
2.997295747800000072e+02 2.720809628740000208e-01
2.998306256110000163e+02 2.718847414469999779e-01
2.999316764419999686e+02 2.747380965199999747e-01
3.000327272729999777e+02 2.728574145450000099e-01
3.001337781040000436e+02 2.656146561580000065e-01
3.002348289349999959e+02 2.625433541939999893e-01
3.003358797649999588e+02 2.628594953369999820e-01
3.004369305960000247e+02 2.601224109090000125e-01
3.005379814270000338e+02 2.576390030690000055e-01
3.006390322579999861e+02 2.618614354839999825e-01
3.007400830889999952e+02 2.567580674289999809e-01
3.008411339200000043e+02 2.602427362659999743e-01
3.009421847510000134e+02 2.573416873309999908e-01
3.010432355819999657e+02 2.599047810949999815e-01
3.011442864130000316e+02 2.621201282989999992e-01
3.012453372429999945e+02 2.652525484459999916e-01
3.013463880740000036e+02 2.593914705870000170e-01
3.014474389050000127e+02 2.617625339590000100e-01
3.015484897360000218e+02 2.624709155130000027e-01
3.016495405669999741e+02 2.594446390219999898e-01
3.017505913979999832e+02 2.533178823660000023e-01
3.018516422289999923e+02 2.505096617600000020e-01
3.019526930600000014e+02 2.498023394430000099e-01
3.020537438910000105e+02 2.458389799410000132e-01
3.021547947210000302e+02 2.488073490619999995e-01
3.022558455519999825e+02 2.567256250639999848e-01
3.023568963829999916e+02 2.586663302539999876e-01
3.024579472140000007e+02 2.591421947800000014e-01
3.025589980450000098e+02 2.658532751520000237e-01
3.026600488760000189e+02 2.661963233629999759e-01
3.027610997069999712e+02 2.635408708499999975e-01
3.028621505380000372e+02 2.662736625809999924e-01
3.029632013689999894e+02 2.685870327859999906e-01
3.030642521990000091e+02 2.634665853370000144e-01
3.031653030300000182e+02 2.622187718180000182e-01
3.032663538610000273e+02 2.608465482499999766e-01
3.033674046919999796e+02 2.586039862460000061e-01
3.034684555229999887e+02 2.558472908900000231e-01
3.035695063539999978e+02 2.559689180940000197e-01
3.036705571850000069e+02 2.571650979469999876e-01
3.037716080159999592e+02 2.592569158649999927e-01
3.038726588470000252e+02 2.568286374190000276e-01
3.039737096769999880e+02 2.557260535479999874e-01
3.040747605079999971e+02 2.510975094619999903e-01
3.041758113390000062e+02 2.497744645359999960e-01
3.042768621700000153e+02 2.492749189440000013e-01
3.043779130009999676e+02 2.489375505280000123e-01
3.044789638319999767e+02 2.508195608800000143e-01
3.045800146630000427e+02 2.550212050149999743e-01
3.046810654939999949e+02 2.518881473310000119e-01
3.047821163250000041e+02 2.517100915539999817e-01
3.048831671550000237e+02 2.480112900289999922e-01
3.049842179860000329e+02 2.411534124439999871e-01
3.050852688169999851e+02 2.312881860219999919e-01
3.051863196479999942e+02 2.267431197650000008e-01
3.052873704790000033e+02 2.225223365979999979e-01
3.053884213100000125e+02 2.291987622780000122e-01
3.054894721409999647e+02 2.315390134310000014e-01
3.055905229720000307e+02 2.364134646240000082e-01
3.056915738029999829e+02 2.374372712410000030e-01
3.057926246330000026e+02 2.411477147209999949e-01
3.058936754640000117e+02 2.392027372430000076e-01
3.059947262950000209e+02 2.385583857770000038e-01
3.060957771259999731e+02 2.413713748970000017e-01
3.061968279569999822e+02 2.449972850540000080e-01
3.062978787879999913e+02 2.468362363640000112e-01
3.063989296190000005e+02 2.512399078299999977e-01
3.064999804500000096e+02 2.528406822870000181e-01
3.066010312810000187e+02 2.554960201470000136e-01
3.067020821109999815e+02 2.519155533140000069e-01
3.068031329419999906e+02 2.488168129230000081e-01
3.069041837729999997e+02 2.425346350149999997e-01
3.070052346040000089e+02 2.411615722290000041e-01
3.071062854350000180e+02 2.375675497359999999e-01
3.072073362659999702e+02 2.425212957579999939e-01
3.073083870970000362e+02 2.459898722580000086e-01
3.074094379279999885e+02 2.501772222970000126e-01
3.075104887589999976e+02 2.522280694230000231e-01
3.076115395890000173e+02 2.558289780940000147e-01
3.077125904200000264e+02 2.538306267250000081e-01
3.078136412509999786e+02 2.516142429720000240e-01
3.079146920819999877e+02 2.460804025220000024e-01
3.080157429129999969e+02 2.474816661969999887e-01
3.081167937440000060e+02 2.474736976340000116e-01
3.082178445749999582e+02 2.453100704110000030e-01
3.083188954060000242e+02 2.428984850439999954e-01
3.084199462370000333e+02 2.464906074190000018e-01
3.085209970669999962e+02 2.450534312609999876e-01
3.086220478980000053e+02 2.428171604590000088e-01
3.087230987290000144e+02 2.451406073309999878e-01
3.088241495599999666e+02 2.480458970670000041e-01
3.089252003909999758e+02 2.471452746430000125e-01
3.090262512220000417e+02 2.467191081919999918e-01
3.091273020529999940e+02 2.487405433429999979e-01
3.092283528840000031e+02 2.483920331570000084e-01
3.093294037150000122e+02 2.504051003910000017e-01
3.094304545450000319e+02 2.549460545450000226e-01
3.095315053759999842e+02 2.606986247309999727e-01
3.096325562069999933e+02 2.600547062849999924e-01
3.097336070380000024e+02 2.569412341349999740e-01
3.098346578690000115e+02 2.544493292380000105e-01
3.099357086999999638e+02 2.563797059240000009e-01
3.100367595310000297e+02 2.564919380349999778e-01
3.101378103619999820e+02 2.573990364420000176e-01
3.102388611929999911e+02 2.640070385730000080e-01
3.103399120230000108e+02 2.655312456889999950e-01
3.104409628540000199e+02 2.633929482310000125e-01
3.105420136849999722e+02 2.563189366759999754e-01
3.106430645159999813e+02 2.515537596769999995e-01
3.107441153469999904e+02 2.490428959140000009e-01
3.108451661779999995e+02 2.427335263440000002e-01
3.109462170090000086e+02 2.351830951910000023e-01
3.110472678400000177e+02 2.360817734410000091e-01
3.111483186710000268e+02 2.350982681719999967e-01
3.112493695009999897e+02 2.283362399409999965e-01
3.113504203319999988e+02 2.271107804299999922e-01
3.114514711630000079e+02 2.281084247119999908e-01
3.115525219940000170e+02 2.301073448679999967e-01
3.116535728249999693e+02 2.324503453369999861e-01
3.117546236560000352e+02 2.362581705379999952e-01
3.118556744869999875e+02 2.364825370380000125e-01
3.119567253179999966e+02 2.361859931960000047e-01
3.120577761490000057e+02 2.278063411340000011e-01
3.121588269790000254e+02 2.258605166569999934e-01
3.122598778099999777e+02 2.282048674680000055e-01
3.123609286409999868e+02 2.339407992380000134e-01
3.124619794719999959e+02 2.354376521700000113e-01
3.125630303030000050e+02 2.466276854549999953e-01
3.126640811339999573e+02 2.394100541149999928e-01
3.127651319650000232e+02 2.337450977130000052e-01
3.128661827960000323e+02 2.271652891400000041e-01
3.129672336269999846e+02 2.197537585730000020e-01
3.130682844570000043e+02 2.140301400590000069e-01
3.131693352880000134e+02 2.199553961880000019e-01
3.132703861190000225e+02 2.242682549660000024e-01
3.133714369499999748e+02 2.355201191200000099e-01
3.134724877810000407e+02 2.414069132749999957e-01
3.135735386119999930e+02 2.375583235389999992e-01
3.136745894430000021e+02 2.348357191500000107e-01
3.137756402740000112e+02 2.278642939780000098e-01
3.138766911050000203e+02 2.169370691689999908e-01
3.139777419349999832e+02 2.175623935479999993e-01
3.140787927659999923e+02 2.234479891099999949e-01
3.141798435970000014e+02 2.270200929420000124e-01
3.142808944280000105e+02 2.297245478890000137e-01
3.143819452589999628e+02 2.314768646529999918e-01
3.144829960900000287e+02 2.357719571849999918e-01
3.145840469209999810e+02 2.333648417009999976e-01
3.146850977519999901e+02 2.346270493840000027e-01
3.147861485829999992e+02 2.360174093840000098e-01
3.148871994130000189e+02 2.327924195309999944e-01
3.149882502439999712e+02 2.281270962660000012e-01
3.150893010749999803e+02 2.310294034410000086e-01
3.151903519059999894e+02 2.328240114959999885e-01
3.152914027369999985e+02 2.314611824929999895e-01
3.153924535680000076e+02 2.374729236170000091e-01
3.154935043990000167e+02 2.391102257180000024e-01
3.155945552300000259e+02 2.342069407039999995e-01
3.156956060609999781e+02 2.302586824239999941e-01
3.157966568909999978e+02 2.311955478009999898e-01
3.158977077220000069e+02 2.278326281920000085e-01
3.159987585530000160e+02 2.286111611730000104e-01
3.160998093839999683e+02 2.311183348680000138e-01
3.162008602150000343e+02 2.293715286019999966e-01
3.163019110459999865e+02 2.280037085830000088e-01
3.164029618769999956e+02 2.282945865100000082e-01
3.165040127080000047e+02 2.268588792279999933e-01
3.166050635390000139e+02 2.259600029909999974e-01
3.167061143699999661e+02 2.295043046040000090e-01
3.168071651999999858e+02 2.320081853569999908e-01
3.169082160309999949e+02 2.310962225809999881e-01
3.170092668620000040e+02 2.306145329029999913e-01
3.171103176929999563e+02 2.295265084950000034e-01
3.172113685240000223e+02 2.270040831089999989e-01
3.173124193550000314e+02 2.246330712900000137e-01
3.174134701859999836e+02 2.222329780249999998e-01
3.175145210169999928e+02 2.198220384260000104e-01
3.176155718480000019e+02 2.220347407619999991e-01
3.177166226780000216e+02 2.257486461390000032e-01
3.178176735089999738e+02 2.327322711629999930e-01
3.179187243400000398e+02 2.372410804400000017e-01
3.180197751709999920e+02 2.401684462560000066e-01
3.181208260020000012e+02 2.414154470869999958e-01
3.182218768330000103e+02 2.379334136069999883e-01
3.183229276640000194e+02 2.348266576639999881e-01
3.184239784949999716e+02 2.362781576340000078e-01
3.185250293259999808e+02 2.414619303520000038e-01
3.186260801560000004e+02 2.465695711439999938e-01
3.187271309870000096e+02 2.542338592960000088e-01
3.188281818179999618e+02 2.589134000000000158e-01
3.189292326490000278e+02 2.586953158260000274e-01
3.190302834799999800e+02 2.554342545650000185e-01
3.191313343109999892e+02 2.535864781230000031e-01
3.192323851419999983e+02 2.499122201170000113e-01
3.193334359730000074e+02 2.432121381039999974e-01
3.194344868040000165e+02 2.459638199999999997e-01
3.195355376339999793e+02 2.457033193550000050e-01
3.196365884650000453e+02 2.447250397259999877e-01
3.197376392959999976e+02 2.435942125220000032e-01
3.198386901270000067e+02 2.466078603519999968e-01
3.199397409580000158e+02 2.484074216319999973e-01
3.200407917890000249e+02 2.517300066279999915e-01
3.201418426199999772e+02 2.453679281620000097e-01
3.202428934509999863e+02 2.415694241449999891e-01
3.203439442819999954e+02 2.361002927270000051e-01
3.204449951120000151e+02 2.219777635390000059e-01
3.205460459429999673e+02 2.172861519450000056e-01
3.206470967740000333e+02 2.247288870970000074e-01
3.207481476049999856e+02 2.295280718080000004e-01
3.208491984359999947e+02 2.364776940180000064e-01
3.209502492670000038e+02 2.477490283279999983e-01
3.210513000980000129e+02 2.547456853569999846e-01
3.211523509290000220e+02 2.540321801759999887e-01
3.212534017599999743e+02 2.527185093259999848e-01
3.213544525899999940e+02 2.511307436069999954e-01
3.214555034210000031e+02 2.500870277419999788e-01
3.215565542519999553e+02 2.418381749559999905e-01
3.216576050830000213e+02 2.421486702439999972e-01
3.217586559140000304e+02 2.409353625810000121e-01
3.218597067449999827e+02 2.367329992380000081e-01
3.219607575759999918e+02 2.279961021209999938e-01
3.220618084070000009e+02 2.282066171649999864e-01
3.221628592380000100e+02 2.262083763930000102e-01
3.222639100679999729e+02 2.281570111050000016e-01
3.223649608990000388e+02 2.324023102830000131e-01
3.224660117299999911e+02 2.376318499120000094e-01
3.225670625610000002e+02 2.419927998829999871e-01
3.226681133920000093e+02 2.424874476249999911e-01
3.227691642230000184e+02 2.442250706740000110e-01
3.228702150539999707e+02 2.431004976339999901e-01
3.229712658849999798e+02 2.449786561679999919e-01
3.230723167159999889e+02 2.455114253369999888e-01
3.231733675460000086e+02 2.486847680740000011e-01
3.232744183769999609e+02 2.518390667250000048e-01
3.233754692080000268e+02 2.585009680940000276e-01
3.234765200389999791e+02 2.624701678979999842e-01
3.235775708699999882e+02 2.578932701269999739e-01
3.236786217009999973e+02 2.504619875069999946e-01
3.237796725320000064e+02 2.431155801759999902e-01
3.238807233630000155e+02 2.369901523750000127e-01
3.239817741939999678e+02 2.391188599999999886e-01
3.240828250240000443e+02 2.391236486220000013e-01
3.241838758549999966e+02 2.378464982800000127e-01
3.242849266860000057e+02 2.392350673900000002e-01
3.243859775170000148e+02 2.381837373900000110e-01
3.244870283480000239e+02 2.329811607620000113e-01
3.245880791789999762e+02 2.366062674490000128e-01
3.246891300099999853e+02 2.434836719260000115e-01
3.247901808409999944e+02 2.451317613000000006e-01
3.248912316720000035e+02 2.521738324339999893e-01
3.249922825019999664e+02 2.575395444970000058e-01
3.250933333330000323e+02 2.579274533329999897e-01
3.251943841639999846e+02 2.542807900879999750e-01
3.252954349949999937e+02 2.537179385730000125e-01
3.253964858260000028e+02 2.483150611140000075e-01
3.254975366570000119e+02 2.417387886219999893e-01
3.255985874880000210e+02 2.408633609580000112e-01
3.256996383189999733e+02 2.442701435580000024e-01
3.258006891500000393e+02 2.459962813490000066e-01
3.259017399800000021e+02 2.418542915149999861e-01
3.260027908110000112e+02 2.398907237150000038e-01
3.261038416420000203e+02 2.376522825809999906e-01
3.262048924730000294e+02 2.352437465589999888e-01
3.263059433039999817e+02 2.324727459629999937e-01
3.264069941349999908e+02 2.397061534899999902e-01
3.265080449659999999e+02 2.411991919839999998e-01
3.266090957970000090e+02 2.380672205180000001e-01
3.267101466279999613e+02 2.389133200000000123e-01
3.268111974580000378e+02 2.424714848579999915e-01
3.269122482889999901e+02 2.405962221509999888e-01
3.270132991199999992e+02 2.436509215250000082e-01
3.271143499510000083e+02 2.473295410949999940e-01
3.272154007820000174e+02 2.506602995600000217e-01
3.273164516129999697e+02 2.524048296770000088e-01
3.274175024439999788e+02 2.538238665199999966e-01
3.275185532750000448e+02 2.582515362460000019e-01
3.276196041059999970e+02 2.563662087390000122e-01
3.277206549359999599e+02 2.515147396090000043e-01
3.278217057670000258e+02 2.504792613690000058e-01
3.279227565979999781e+02 2.504943239299999846e-01
3.280238074289999872e+02 2.415881897069999951e-01
3.281248582599999963e+02 2.339668659430000075e-01
3.282259090910000054e+02 2.258426190910000075e-01
3.283269599220000146e+02 2.150139725709999949e-01
3.284280107529999668e+02 2.033862753759999864e-01
3.285290615840000328e+02 1.965885540179999891e-01
3.286301124139999956e+02 1.977700814560000020e-01
3.287311632450000047e+02 1.985895334699999959e-01
3.288322140760000138e+02 1.985741156889999914e-01
3.289332649070000230e+02 2.007545768909999861e-01
3.290343157379999752e+02 2.045941870280000019e-01
3.291353665689999843e+02 2.087083114369999992e-01
3.292364173999999934e+02 2.073466210069999927e-01
3.293374682310000026e+02 2.057234445939999934e-01
3.294385190619999548e+02 2.057927513489999916e-01
3.295395698920000314e+02 2.029193301080000067e-01
3.296406207229999836e+02 1.975148809579999887e-01
3.297416715539999927e+02 1.946157334309999987e-01
3.298427223850000019e+02 1.976029746240000051e-01
3.299437732160000110e+02 1.948596007429999888e-01
3.300448240470000201e+02 2.020259961579999874e-01
3.301458748779999723e+02 2.114984062949999966e-01
3.302469257090000383e+02 2.204722426980000038e-01
3.303479765399999906e+02 2.229327722580000115e-01
3.304490273700000103e+02 2.239243745939999974e-01
3.305500782010000194e+02 2.170106047120000103e-01
3.306511290320000285e+02 2.098617799999999978e-01
3.307521798629999807e+02 2.124861365790000067e-01
3.308532306939999899e+02 2.138110318379999875e-01
3.309542815249999990e+02 2.191450226980000138e-01
3.310553323560000081e+02 2.213882986310000134e-01
3.311563831869999603e+02 2.205663023070000006e-01
3.312574340180000263e+02 2.184140157180000097e-01
3.313584848479999891e+02 2.145821854549999907e-01
3.314595356789999983e+02 2.064483133530000125e-01
3.315605865100000074e+02 2.104900174780000022e-01
3.316616373410000165e+02 2.186179455910000069e-01
3.317626881719999687e+02 2.136106279570000044e-01
3.318637390029999779e+02 2.133651898829999893e-01
3.319647898340000438e+02 2.181069925319999991e-01
3.320658406649999961e+02 2.153577287000000007e-01
3.321668914960000052e+02 2.059587617009999982e-01
3.322679423260000249e+02 2.060657837340000020e-01
3.323689931570000340e+02 2.075250477220000056e-01
3.324700439879999863e+02 2.075952586510000086e-01
3.325710948189999954e+02 2.061988743890000031e-01
3.326721456500000045e+02 2.088991996189999978e-01
3.327731964810000136e+02 2.087439969500000103e-01
3.328742473119999659e+02 2.056197232260000007e-01
3.329752981430000318e+02 2.021247609579999993e-01
3.330763489739999841e+02 2.018413601759999898e-01
3.331773998040000038e+02 2.034368334120000010e-01
3.332784506350000129e+02 2.032719525710000030e-01
3.333795014660000220e+02 2.057568749560000076e-01
3.334805522969999743e+02 2.057106059340000070e-01
3.335816031279999834e+02 2.061631847900000092e-01
3.336826539589999925e+02 1.988527424340000016e-01
3.337837047900000016e+02 1.949898687190000091e-01
3.338847556210000107e+02 1.942106526300000080e-01
3.339858064520000198e+02 1.950185716130000135e-01
3.340868572830000289e+02 1.973612796770000122e-01
3.341879081129999918e+02 2.070007946040000046e-01
3.342889589440000009e+02 2.154426090319999931e-01
3.343900097750000100e+02 2.181019454739999974e-01
3.344910606060000191e+02 2.184633148479999953e-01
3.345921114369999714e+02 2.229344322579999982e-01
3.346931622680000373e+02 2.230426932550000074e-01
3.347942130989999896e+02 2.208381828540000036e-01
3.348952639299999987e+02 2.181548884750000028e-01
3.349963147610000078e+02 2.179533538810000115e-01
3.350973655910000275e+02 2.089270655909999941e-01
3.351984164219999798e+02 1.991319618179999973e-01
3.352994672529999889e+02 1.948391392569999991e-01
3.354005180839999980e+02 1.960747062369999905e-01
3.355015689150000071e+02 1.967670819650000069e-01
3.356026197459999594e+02 2.014485627170000126e-01
3.357036705770000253e+02 2.067096525609999902e-01
3.358047214079999776e+02 2.134993639299999912e-01
3.359057722389999867e+02 2.140351033819999915e-01
3.360068230690000064e+02 2.144545672729999963e-01
3.361078739000000155e+02 2.139853364219999887e-01
3.362089247309999678e+02 2.164700539780000099e-01
3.363099755619999769e+02 2.133009227079999959e-01
3.364110263930000428e+02 2.153555411139999876e-01
3.365120772239999951e+02 2.138310507529999904e-01
3.366131280550000042e+02 2.101961066080000051e-01
3.367141788860000133e+02 2.057951350439999882e-01
3.368152297170000224e+02 2.072914558360000048e-01
3.369162805469999853e+02 2.102156987290000056e-01
3.370173313779999944e+02 2.120453163640000083e-01
3.371183822090000035e+02 2.108249704110000122e-01
3.372194330400000126e+02 2.123245180839999913e-01
3.373204838709999649e+02 2.033562377420000122e-01
3.374215347020000308e+02 1.944303734310000031e-01
3.375225855329999831e+02 1.966738743789999966e-01
3.376236363639999922e+02 2.005709854549999893e-01
3.377246871950000013e+02 2.007813768429999868e-01
3.378257380250000210e+02 2.119473897559999986e-01
3.379267888559999733e+02 2.145726080650000034e-01
3.380278396869999824e+02 2.115170046729999975e-01
3.381288905179999915e+02 2.141455081330000121e-01
3.382299413490000006e+02 2.121951740759999983e-01
3.383309921800000097e+02 2.079887674099999972e-01
3.384320430110000189e+02 2.138317096769999925e-01
3.385330938420000280e+02 2.144407283870000125e-01
3.386341446729999802e+02 2.150232149559999917e-01
3.387351955029999999e+02 2.194287318769999884e-01
3.388362463340000090e+02 2.236811197069999979e-01
3.389372971650000181e+02 2.178514455820000084e-01
3.390383479959999704e+02 2.177944311049999915e-01
3.391393988270000364e+02 2.135225304989999962e-01
3.392404496579999886e+02 2.081703011930000069e-01
3.393415004889999977e+02 2.021634672139999978e-01
3.394425513200000069e+02 2.029679860999999974e-01
3.395436021510000160e+02 2.023613008600000096e-01
3.396446529809999788e+02 2.049981762850000000e-01
3.397457038119999879e+02 2.070628753959999901e-01
3.398467546429999970e+02 2.124549566570000103e-01
3.399478054740000061e+02 2.185698215640000108e-01
3.400488563049999584e+02 2.249765909089999905e-01
3.401499071360000244e+02 2.281209485729999986e-01
3.402509579670000335e+02 2.299561518869999988e-01
3.403520087979999857e+02 2.226474138120000112e-01
3.404530596289999949e+02 2.131243605470000135e-01
3.405541104590000145e+02 2.085405466570000033e-01
3.406551612899999668e+02 2.075100458059999931e-01
3.407562121209999759e+02 2.095533339389999972e-01
3.408572629520000419e+02 2.134570913199999864e-01
3.409583137829999941e+02 2.195042513490000069e-01
3.410593646140000033e+02 2.199712827370000068e-01
3.411604154450000124e+02 2.190153082500000126e-01
3.412614662760000215e+02 2.140712763050000023e-01
3.413625171069999737e+02 2.159688608989999981e-01
3.414635679369999934e+02 2.158114430689999919e-01
3.415646187680000025e+02 2.188383142520000102e-01
3.416656695990000117e+02 2.207166571259999988e-01
3.417667204299999639e+02 2.277591829030000126e-01
3.418677712610000299e+02 2.313210412320000076e-01
3.419688220919999821e+02 2.268639187389999978e-01
3.420698729229999913e+02 2.259487409379999923e-01
3.421709237540000004e+02 2.266693340179999905e-01
3.422719745850000095e+02 2.259472941740000018e-01
3.423730254149999723e+02 2.273247931479999984e-01
3.424740762459999814e+02 2.349268845749999945e-01
3.425751270769999905e+02 2.313270073510000080e-01
3.426761779079999997e+02 2.304159984749999945e-01
3.427772287390000088e+02 2.301413659819999957e-01
3.428782795700000179e+02 2.277353937630000047e-01
3.429793304010000270e+02 2.252925232159999902e-01
3.430803812319999793e+02 2.255249408209999973e-01
3.431814320629999884e+02 2.205495777029999882e-01
3.432824828930000081e+02 2.169579262759999960e-01
3.433835337240000172e+02 2.167028589739999900e-01
3.434845845549999694e+02 2.135154945059999920e-01
3.435856353860000354e+02 2.163569238420000040e-01
3.436866862169999877e+02 2.188695876250000005e-01
3.437877370479999968e+02 2.128719060510000094e-01
3.438887878790000059e+02 2.045837775759999921e-01
3.439898387100000150e+02 2.072440564520000028e-01
3.440908895409999673e+02 2.032395469790000131e-01
3.441919403709999870e+02 2.014160653369999887e-01
3.442929912019999961e+02 2.034778318480000014e-01
3.443940420330000052e+02 2.106681252100000012e-01
3.444950928639999574e+02 2.047067525709999891e-01
3.445961436950000234e+02 2.058198795310000051e-01
3.446971945260000325e+02 2.076815002540000066e-01
3.447982453569999848e+02 2.114320274289999968e-01
3.448992961879999939e+02 2.089936303230000014e-01
3.450003470190000030e+02 2.146990109480000075e-01
3.451013978490000227e+02 2.165492481719999973e-01
3.452024486799999750e+02 2.200216608209999980e-01
3.453034995110000409e+02 2.236020526099999906e-01
3.454045503419999932e+02 2.250162007819999921e-01
3.455056011730000023e+02 2.244061666859999971e-01
3.456066520040000114e+02 2.237175596579999981e-01
3.457077028350000205e+02 2.187397773410000024e-01
3.458087536659999728e+02 2.151496200000000136e-01
3.459098044969999819e+02 2.169494498729999943e-01
3.460108553270000016e+02 2.208590939779999929e-01
3.461119061580000107e+02 2.215652775949999986e-01
3.462129569889999630e+02 2.211795186019999970e-01
3.463140078200000289e+02 2.195524182599999929e-01
3.464150586509999812e+02 2.164300164219999933e-01
3.465161094819999903e+02 2.106827573020000066e-01
3.466171603129999994e+02 2.133527227570000129e-01
3.467182111440000085e+02 2.157031954249999939e-01
3.468192619750000176e+02 2.189068944089999913e-01
3.469203128049999805e+02 2.192671052200000081e-01
3.470213636359999896e+02 2.203740081820000085e-01
3.471224144669999987e+02 2.211820483090000122e-01
3.472234652980000078e+02 2.303074813200000071e-01
3.473245161290000169e+02 2.325799677419999878e-01
3.474255669600000260e+02 2.331889535870000085e-01
3.475266177909999783e+02 2.374338471159999908e-01
3.476276686219999874e+02 2.345319555719999893e-01
3.477287194529999965e+02 2.243590624239999998e-01
3.478297702830000162e+02 2.146045956500000074e-01
3.479308211139999685e+02 2.112131680350000096e-01
3.480318719450000344e+02 2.080070412020000037e-01
3.481329227759999867e+02 2.071289012900000004e-01
3.482339736069999958e+02 2.087461135779999921e-01
3.483350244380000049e+02 2.146544192179999921e-01
3.484360752690000140e+02 2.201602292469999889e-01
3.485371260999999663e+02 2.222440351320000007e-01
3.486381769309999754e+02 2.247218309779999978e-01
3.487392277609999951e+02 2.289642556990000022e-01
3.488402785920000042e+02 2.332892699999999930e-01
3.489413294229999565e+02 2.304670043990000028e-01
3.490423802540000224e+02 2.296739935479999994e-01
3.491434310850000315e+02 2.300705301469999908e-01
3.492444819159999838e+02 2.322299579179999962e-01
3.493455327469999929e+02 2.293676167739999994e-01
3.494465835780000020e+02 2.311119596189999958e-01
3.495476344090000111e+02 2.287720133330000127e-01
3.496486852389999740e+02 2.213940891889999985e-01
3.497497360700000399e+02 2.108615472139999947e-01
3.498507869009999922e+02 2.119739008410000125e-01
3.499518377320000013e+02 2.160143978100000084e-01
3.500528885630000104e+02 2.269720130500000044e-01
3.501539393940000195e+02 2.300364515149999900e-01
3.502549902249999718e+02 2.298914528150000081e-01
3.503560410559999809e+02 2.299496587100000045e-01
3.504570918869999900e+02 2.254513773900000129e-01
3.505581427170000097e+02 2.193503081329999937e-01
3.506591935479999620e+02 2.164216354840000078e-01
3.507602443790000279e+02 2.201054337239999881e-01
3.508612952099999802e+02 2.242935218279999976e-01
3.509623460409999893e+02 2.251386451609999895e-01
3.510633968719999984e+02 2.269290629229999967e-01
3.511644477030000076e+02 2.347103036750000093e-01
3.512654985340000167e+02 2.266076886220000086e-01
3.513665493649999689e+02 2.202756203909999877e-01
3.514676001960000349e+02 2.177848165690000060e-01
3.515686510259999977e+02 2.127430550730000092e-01
3.516697018570000068e+02 2.133962552489999942e-01
3.517707526880000160e+02 2.225962408599999887e-01
3.518718035190000251e+02 2.267461093550000029e-01
3.519728543499999773e+02 2.294242704789999920e-01
3.520739051809999864e+02 2.319319916129999881e-01
3.521749560119999956e+02 2.358087466859999926e-01
3.522760068430000047e+02 2.369798298530000069e-01
3.523770576739999569e+02 2.332553601169999880e-01
3.524781085040000335e+02 2.323614504990000051e-01
3.525791593349999857e+02 2.341269748579999921e-01
3.526802101659999948e+02 2.298412018869999962e-01
3.527812609970000040e+02 2.258010520229999929e-01
3.528823118280000131e+02 2.289874525810000061e-01
3.529833626590000222e+02 2.222369563640000101e-01
3.530844134899999744e+02 2.173207353959999977e-01
3.531854643210000404e+02 2.198305794529999968e-01
3.532865151519999927e+02 2.308445196970000113e-01
3.533875659819999555e+02 2.282840962459999901e-01
3.534886168130000215e+02 2.299853643210000020e-01
3.535896676440000306e+02 2.289705360119999866e-01
3.536907184749999828e+02 2.249917301469999964e-01
3.537917693059999920e+02 2.180342589829999955e-01
3.538928201370000011e+02 2.223265782599999907e-01
3.539938709680000102e+02 2.255594561289999966e-01
3.540949217989999624e+02 2.252669182600000042e-01
3.541959726300000284e+02 2.206251442230000026e-01
3.542970234599999912e+02 2.224472391200000010e-01
3.543980742910000004e+02 2.194777439299999966e-01
3.544991251220000095e+02 2.181855208310000127e-01
3.546001759530000186e+02 2.218561903229999965e-01
3.547012267839999708e+02 2.249540856789999932e-01
3.548022776149999800e+02 2.176212714169999951e-01
3.549033284459999891e+02 2.147001619649999971e-01
3.550043792769999982e+02 2.140450636750000080e-01
3.551054301080000073e+02 2.171652462370000092e-01
3.552064809380000270e+02 2.179885374190000114e-01
3.553075317689999792e+02 2.273524092670000107e-01
3.554085825999999884e+02 2.388476850640000038e-01
3.555096334309999975e+02 2.484094815250000032e-01
3.556106842620000066e+02 2.522016518669999985e-01
3.557117350930000157e+02 2.572268651419999941e-01
3.558127859239999680e+02 2.553241913779999983e-01
3.559138367550000339e+02 2.511188283479999783e-01
3.560148875859999862e+02 2.387630920820000002e-01
3.561159384160000059e+02 2.319161888859999909e-01
3.562169892470000150e+02 2.333401640860000015e-01
3.563180400780000241e+02 2.314314577319999955e-01
3.564190909089999764e+02 2.287373054550000118e-01
3.565201417399999855e+02 2.345983897649999983e-01
3.566211925709999946e+02 2.397303495010000007e-01
3.567222434020000037e+02 2.364355897650000093e-01
3.568232942329999560e+02 2.380001391400000110e-01
3.569243450640000219e+02 2.402824955429999909e-01
3.570253958939999848e+02 2.372421768330000014e-01
3.571264467249999939e+02 2.307192917989999981e-01
3.572274975560000030e+02 2.297165744870000026e-01
3.573285483870000121e+02 2.300992512900000009e-01
3.574295992180000212e+02 2.309868822870000116e-01
3.575306500489999735e+02 2.321634209289999973e-01
3.576317008800000394e+02 2.335041685629999919e-01
3.577327517109999917e+02 2.328941125900000075e-01
3.578338025420000008e+02 2.294190393159999952e-01
3.579348533720000205e+02 2.287913639299999913e-01
3.580359042030000296e+02 2.305137345259999915e-01
3.581369550339999819e+02 2.336768026980000079e-01
3.582380058649999910e+02 2.416057093840000003e-01
3.583390566960000001e+02 2.409792903029999989e-01
3.584401075270000092e+02 2.403162122580000115e-01
3.585411583579999615e+02 2.397726615840000131e-01
3.586422091890000274e+02 2.392213658850000091e-01
3.587432600199999797e+02 2.388586228350000062e-01
3.588443108499999994e+02 2.408628561879999908e-01
3.589453616810000085e+02 2.421388068429999874e-01
3.590464125120000176e+02 2.497818477029999928e-01
3.591474633429999699e+02 2.487417752199999887e-01
3.592485141739999790e+02 2.421681331770000056e-01
3.593495650050000449e+02 2.407132474879999928e-01
3.594506158359999972e+02 2.341312727269999894e-01
3.595516666670000063e+02 2.296666199999999880e-01
3.596527174980000154e+02 2.281169279570000041e-01
3.597537683279999783e+02 2.283182248389999947e-01
3.598548191589999874e+02 2.342004923169999919e-01
3.599558699899999965e+02 2.454052092569999899e-01
3.600569208210000056e+02 2.470072363639999879e-01
3.601579716520000147e+02 2.518452372430000086e-01
3.602590224829999670e+02 2.533684336070000098e-01
3.603600733140000330e+02 2.516093687390000277e-01
3.604611241449999852e+02 2.447864688760000018e-01
3.605621749759999943e+02 2.336852035970000130e-01
3.606632258060000140e+02 2.298445425810000109e-01
3.607642766370000231e+02 2.319913301859999888e-01
3.608653274679999754e+02 2.262366225219999971e-01
3.609663782989999845e+02 2.265839357480000094e-01
3.610674291299999936e+02 2.356653462949999944e-01
3.611684799610000027e+02 2.378607320139999870e-01
3.612695307919999550e+02 2.374698670969999925e-01
3.613705816230000210e+02 2.358233079179999914e-01
3.614716324540000301e+02 2.316804902440000036e-01
3.615726832839999929e+02 2.242878248680000020e-01
3.616737341150000020e+02 2.202302233039999946e-01
3.617747849460000111e+02 2.226965143009999870e-01
3.618758357770000202e+02 2.305182421109999991e-01
3.619768866079999725e+02 2.344682376739999907e-01
3.620779374390000385e+02 2.363949631479999869e-01
3.621789882699999907e+02 2.397991334019999865e-01
3.622800391009999998e+02 2.324236803320000044e-01
3.623810899320000090e+02 2.343277916909999870e-01
3.624821407620000286e+02 2.308358325509999864e-01
3.625831915929999809e+02 2.340025551609999921e-01
3.626842424239999900e+02 2.319694842420000069e-01
3.627852932549999991e+02 2.371751069789999888e-01
3.628863440860000082e+02 2.359545591399999920e-01
3.629873949169999605e+02 2.426594667249999948e-01
3.630884457480000265e+02 2.463555059820000115e-01
3.631894965789999787e+02 2.486280300200000015e-01
3.632905474099999878e+02 2.480028269210000080e-01
3.633915982400000075e+02 2.454257778589999939e-01
3.634926490710000166e+02 2.446843090910000018e-01
3.635936999019999689e+02 2.415664630400000124e-01
3.636947507329999780e+02 2.382961834020000114e-01
3.637958015640000440e+02 2.400412024240000108e-01
3.638968523949999962e+02 2.410768312019999915e-01
3.639979032260000054e+02 2.422840016130000107e-01
3.640989540570000145e+02 2.453026275859999938e-01
3.642000048880000236e+02 2.532477018670000191e-01
3.643010557179999864e+02 2.546292443400000050e-01
3.644021065489999955e+02 2.522234333630000158e-01
3.645031573800000047e+02 2.503339227170000014e-01
3.646042082110000138e+02 2.523842792079999953e-01
3.647052590419999660e+02 2.473295520040000028e-01
3.648063098730000320e+02 2.476272559819999997e-01
3.649073607039999843e+02 2.488785005870000067e-01
3.650084115349999934e+02 2.459423213290000132e-01
3.651094623660000025e+02 2.396733853759999977e-01
3.652105131960000222e+02 2.357045177709999884e-01
3.653115640269999744e+02 2.286000477029999922e-01
3.654126148579999835e+02 2.286771501859999889e-01
3.655136656889999927e+02 2.267371866279999926e-01
3.656147165200000018e+02 2.239960786999999898e-01
3.657157673510000109e+02 2.274208823259999956e-01
3.658168181820000200e+02 2.241057572730000003e-01
3.659178690130000291e+02 2.208181537439999897e-01
3.660189198439999814e+02 2.165440728149999883e-01
3.661199706740000011e+02 2.125780736660000114e-01
3.662210215050000102e+02 2.144279444090000097e-01
3.663220723360000193e+02 2.237738021110000086e-01
3.664231231669999715e+02 2.315402373609999898e-01
3.665241739980000375e+02 2.392430911049999998e-01
3.666252248289999898e+02 2.460429120919999935e-01
3.667262756599999989e+02 2.444673202930000011e-01
3.668273264910000080e+02 2.421915870670000026e-01
3.669283773220000171e+02 2.357088296379999948e-01
3.670294281519999799e+02 2.362210779770000102e-01
3.671304789829999891e+02 2.357226066670000120e-01
3.672315298139999982e+02 2.320862402739999886e-01
3.673325806450000073e+02 2.331394819350000036e-01
3.674336314759999595e+02 2.418348801659999936e-01
3.675346823070000255e+02 2.420580186309999882e-01
3.676357331379999778e+02 2.446466199410000097e-01
3.677367839689999869e+02 2.505651561289999885e-01
3.678378347999999960e+02 2.479531373119999993e-01
3.679388856300000157e+02 2.402684637539999890e-01
3.680399364609999679e+02 2.394135758360000088e-01
3.681409872919999771e+02 2.333943658650000086e-01
3.682420381230000430e+02 2.326797891200000079e-01
3.683430889539999953e+02 2.357926631089999892e-01
3.684441397850000044e+02 2.359493439779999924e-01
3.685451906160000135e+02 2.343880219939999954e-01
3.686462414470000226e+02 2.447013593160000111e-01
3.687472922779999749e+02 2.471766483679999904e-01
3.688483431089999840e+02 2.406680129329999973e-01
3.689493939390000037e+02 2.396559490909999923e-01
3.690504447700000128e+02 2.422481180449999882e-01
3.691514956009999651e+02 2.400040475659999950e-01
3.692525464320000310e+02 2.357629210169999989e-01
3.693535972629999833e+02 2.446811763829999931e-01
3.694546480939999924e+02 2.467263638119999991e-01
3.695556989250000015e+02 2.444506395699999890e-01
3.696567497560000106e+02 2.387528771459999921e-01
3.697578005870000197e+02 2.345167451609999898e-01
3.698588514169999826e+02 2.239396013390000106e-01
3.699599022479999917e+02 2.172474234600000054e-01
3.700609530790000008e+02 2.206390507919999966e-01
3.701620039100000099e+02 2.288952915349999895e-01
3.702630547410000190e+02 2.365692262759999942e-01
3.703641055720000281e+02 2.438575381820000110e-01
3.704651564029999804e+02 2.483287583769999973e-01
3.705662072339999895e+02 2.459026781039999887e-01
3.706672580649999986e+02 2.367293390319999968e-01
3.707683088950000183e+02 2.347293837340000133e-01
3.708693597259999706e+02 2.331598670770000103e-01
3.709704105570000365e+02 2.300831101470000029e-01
3.710714613879999888e+02 2.326841663929999915e-01
3.711725122189999979e+02 2.422911874289999934e-01
3.712735630500000070e+02 2.380812577710000044e-01
3.713746138810000161e+02 2.426369885240000079e-01
3.714756647119999684e+02 2.504524091690000231e-01
3.715767155429999775e+02 2.517904365399999955e-01
3.716777663729999972e+02 2.450045570480000046e-01
3.717788172040000063e+02 2.460245462370000136e-01
3.718798680349999586e+02 2.388620019649999870e-01
3.719809188660000245e+02 2.359873841450000065e-01
3.720819696970000336e+02 2.350137939389999875e-01
3.721830205279999859e+02 2.358945760120000068e-01
3.722840713589999950e+02 2.378615802540000046e-01
3.723851221900000041e+02 2.404899685630000061e-01
3.724861730210000133e+02 2.415202060119999994e-01
3.725872238509999761e+02 2.401552965980000010e-01
3.726882746820000420e+02 2.470685832450000008e-01
3.727893255129999943e+02 2.499681552490000125e-01
3.728903763440000034e+02 2.545104981719999993e-01
3.729914271750000125e+02 2.549364888760000114e-01
3.730924780060000217e+02 2.551784923170000163e-01
3.731935288369999739e+02 2.484310506350000114e-01
3.732945796679999830e+02 2.463936363439999944e-01
3.733956304989999921e+02 2.448781873900000017e-01
3.734966813290000118e+02 2.468747292859999887e-01
3.735977321599999641e+02 2.538951339200000157e-01
3.736987829910000301e+02 2.556287534019999752e-01
3.737998338219999823e+02 2.532851186710000091e-01
3.739008846529999914e+02 2.528495020529999970e-01
3.740019354840000005e+02 2.508047658059999740e-01
3.741029863150000097e+02 2.350410165980000021e-01
3.742040371460000188e+02 2.300705834410000095e-01
3.743050879769999710e+02 2.289466103230000105e-01
3.744061388069999907e+02 2.212621065489999983e-01
3.745071896379999998e+02 2.262010479469999946e-01
3.746082404690000089e+02 2.358051209379999902e-01
3.747092913000000181e+02 2.372370504009999881e-01
3.748103421310000272e+02 2.409546906160000002e-01
3.749113929619999794e+02 2.446286359819999923e-01
3.750124437929999885e+02 2.403840745259999967e-01
3.751134946239999977e+02 2.424848813980000073e-01
3.752145454550000068e+02 2.481349527270000077e-01
3.753155962849999696e+02 2.533229797170000186e-01
3.754166471160000356e+02 2.606693940570000145e-01
3.755176979469999878e+02 2.610374350149999856e-01
3.756187487779999969e+02 2.566349457279999968e-01
3.757197996090000061e+02 2.560381188759999760e-01
3.758208504400000152e+02 2.530322549560000134e-01
3.759219012709999674e+02 2.443542750150000109e-01
3.760229521019999765e+02 2.414444905570000133e-01
3.761240029330000425e+02 2.451991537240000019e-01
3.762250537630000053e+02 2.436965909680000042e-01
3.763261045939999576e+02 2.435567789929999893e-01
3.764271554250000236e+02 2.479541479769999945e-01
3.765282062560000327e+02 2.518727746139999835e-01
3.766292570869999849e+02 2.505385262759999843e-01
3.767303079179999941e+02 2.528735243990000159e-01
3.768313587490000032e+02 2.502806406060000266e-01
3.769324095800000123e+02 2.459235801469999982e-01
3.770334604109999646e+02 2.440131300289999916e-01
3.771345112410000411e+02 2.402486735000000095e-01
3.772355620719999933e+02 2.376759658060000058e-01
3.773366129030000025e+02 2.396883474189999974e-01
3.774376637340000116e+02 2.465464885239999904e-01
3.775387145650000207e+02 2.498343601269999992e-01
3.776397653959999730e+02 2.586308875660000006e-01
3.777408162269999821e+02 2.661756408020000131e-01
3.778418670579999912e+02 2.655655987880000124e-01
3.779429178890000003e+02 2.623059493550000121e-01
3.780439687189999631e+02 2.582967981040000249e-01
3.781450195500000291e+02 2.502340247020000130e-01
3.782460703809999814e+02 2.415255239880000071e-01
3.783471212119999905e+02 2.425812248479999877e-01
3.784481720429999996e+02 2.437378217199999975e-01
3.785492228740000087e+02 2.466446459240000111e-01
3.786502737050000178e+02 2.497566243600000124e-01
3.787513245359999701e+02 2.485744568330000015e-01
3.788523753670000360e+02 2.448736585340000049e-01
3.789534261969999989e+02 2.457058824929999885e-01
3.790544770280000080e+02 2.445669426000000035e-01
3.791555278590000171e+02 2.440447500000000047e-01
3.792565786900000262e+02 2.496515792179999915e-01
3.793576295209999785e+02 2.518479375459999892e-01
3.794586803519999876e+02 2.449860439880000018e-01
3.795597311829999967e+02 2.414507397850000070e-01
3.796607820140000058e+02 2.336532641450000114e-01
3.797618328449999581e+02 2.274329861580000056e-01
3.798628836750000346e+02 2.206223103620000014e-01
3.799639345059999869e+02 2.257678218960000038e-01
3.800649853369999960e+02 2.315689401169999939e-01
3.801660361680000051e+02 2.389657501169999976e-01
3.802670869990000142e+02 2.441160031869999969e-01
3.803681378299999665e+02 2.567356407920000083e-01
3.804691886609999756e+02 2.588710520820000083e-01
3.805702394920000415e+02 2.608370070480000025e-01
3.806712903229999938e+02 2.640661148389999990e-01
3.807723411529999566e+02 2.684972041059999759e-01
3.808733919840000226e+02 2.676813142519999800e-01
3.809744428150000317e+02 2.642119563640000224e-01
3.810754936459999840e+02 2.634078920430000248e-01
3.811765444769999931e+02 2.624918786409999871e-01
3.812775953080000022e+02 2.570100053959999964e-01
3.813786461390000113e+02 2.532674955620000112e-01
3.814796969699999636e+02 2.537770612119999991e-01
3.815807478010000295e+02 2.492628041939999872e-01
3.816817986309999924e+02 2.493799308499999867e-01
3.817828494620000015e+02 2.502407956989999849e-01
3.818839002930000106e+02 2.547097928450000048e-01
3.819849511240000197e+02 2.557894147900000026e-01
3.820860019549999720e+02 2.595796339779999906e-01
3.821870527859999811e+02 2.566980148679999796e-01
3.822881036169999902e+02 2.597238482700000017e-01
3.823891544479999993e+02 2.573644400199999738e-01
3.824902052790000084e+02 2.593856214079999778e-01
3.825912561090000281e+02 2.595135794819999897e-01
3.826923069399999804e+02 2.574490925319999901e-01
3.827933577709999895e+02 2.547112685340000016e-01
3.828944086019999986e+02 2.534830713980000261e-01
3.829954594330000077e+02 2.511533038609999879e-01
3.830965102640000168e+02 2.518552499710000059e-01
3.831975610949999691e+02 2.550843235390000130e-01
3.832986119260000351e+02 2.588817598440000256e-01
3.833996627569999873e+02 2.620105236659999726e-01
3.835007135870000070e+02 2.616746780649999993e-01
3.836017644180000161e+02 2.568269462069999731e-01
3.837028152490000252e+02 2.545513860999999989e-01
3.838038660799999775e+02 2.507812499320000166e-01
3.839049169109999866e+02 2.513532403320000164e-01
3.840059677419999957e+02 2.550614167740000160e-01
3.841070185730000048e+02 2.637323472140000180e-01
3.842080694039999571e+02 2.648036189640000093e-01
3.843091202350000231e+02 2.632291143700000169e-01
3.844101710649999859e+02 2.594099632160000168e-01
3.845112218959999950e+02 2.562527406060000068e-01
3.846122727270000041e+02 2.543415890910000199e-01
3.847133235580000132e+02 2.582877509290000262e-01
3.848143743890000223e+02 2.575058361290000208e-01
3.849154252199999746e+02 2.579597717889999808e-01
3.850164760510000406e+02 2.591533421019999728e-01
3.851175268819999928e+02 2.646640103230000207e-01
3.852185777130000019e+02 2.714199813200000033e-01
3.853196285430000216e+02 2.769043236359999827e-01
3.854206793740000307e+02 2.776991436069999875e-01
3.855217302049999830e+02 2.765744863929999742e-01
3.856227810359999921e+02 2.668059025999999778e-01
3.857238318670000012e+02 2.570565795890000227e-01
3.858248826980000104e+02 2.537845364519999980e-01
3.859259335289999626e+02 2.527671425420000006e-01
3.860269843600000286e+02 2.525645045059999871e-01
3.861280351909999808e+02 2.528273334310000009e-01
3.862290860219999900e+02 2.541522575269999917e-01
3.863301368520000096e+02 2.548807601959999780e-01
3.864311876830000188e+02 2.533958684459999833e-01
3.865322385139999710e+02 2.530513785140000027e-01
3.866332893449999801e+02 2.574422008109999993e-01
3.867343401759999892e+02 2.563604399409999957e-01
3.868353910069999984e+02 2.565961712409999818e-01
3.869364418380000075e+02 2.653943629130000037e-01
3.870374926690000166e+02 2.650502866569999783e-01
3.871385435000000257e+02 2.592592537050000256e-01
3.872395943299999885e+02 2.565521275370000187e-01
3.873406451609999976e+02 2.569688870969999983e-01
3.874416959920000068e+02 2.518603047019999930e-01
3.875427468230000159e+02 2.532512214659999872e-01
3.876437976539999681e+02 2.553396802930000264e-01
3.877448484850000341e+02 2.592977303030000180e-01
3.878458993159999864e+02 2.616380340660000026e-01
3.879469501469999955e+02 2.640195520820000086e-01
3.880480009780000046e+02 2.677606038120000087e-01
3.881490518080000243e+02 2.713787356599999812e-01
3.882501026389999765e+02 2.704733499409999742e-01
3.883511534699999856e+02 2.657712522969999935e-01
3.884522043009999948e+02 2.644534243009999952e-01
3.885532551320000039e+02 2.610240869789999807e-01
3.886543059629999561e+02 2.624739896680000073e-01
3.887553567940000221e+02 2.616769159919999921e-01
3.888564076250000312e+02 2.398213208240000116e-01
3.889574584559999835e+02 1.960543298029999992e-01
3.890585092860000032e+02 1.510764804339999878e-01
3.891595601170000123e+02 1.009957165400000023e-01
3.892606109480000214e+02 5.411772584459999952e-02
3.893616617789999736e+02 3.048475162460000110e-02
3.894627126100000396e+02 2.095125502490000069e-02
3.895637634409999919e+02 1.346864651740000036e-02
3.896648142720000010e+02 7.865012507870000613e-03
3.897658651030000101e+02 3.677083947979999882e-03
3.898669159340000192e+02 4.861444102149999752e-04
3.899679667639999820e+02 3.562414576340000106e-04
3.900690175949999912e+02 3.185361713489999989e-04
3.901700684260000003e+02 2.868572719840000004e-04
3.902711192570000094e+02 2.298969098940000118e-04
3.903721700879999617e+02 1.670177241209999956e-04
3.904732209190000276e+02 1.102903950530000001e-04
3.905742717499999799e+02 5.885273398919999737e-05
3.906753225809999890e+02 1.196551232419999916e-05
3.907763734119999981e+02 9.265833161290000351e-07
3.908774242420000178e+02 7.146241603029999694e-07
3.909784750729999701e+02 5.293495166570000499e-07
3.910795259039999792e+02 3.657906377710000172e-07
3.911805767350000451e+02 2.515699571649999783e-07
3.912816275659999974e+02 2.313850211439999954e-07
3.913826783970000065e+02 2.204562977909999883e-07
3.914837292280000156e+02 2.103639471069999910e-07
3.915847800590000247e+02 1.928030390029999974e-07
3.916858308899999770e+02 1.821890140759999937e-07
3.917868817199999967e+02 1.720964612900000062e-07
3.918879325510000058e+02 1.620039085039999923e-07
3.919889833820000149e+02 1.519113557180000048e-07
3.920900342129999672e+02 1.498119999999999918e-07
3.921910850440000331e+02 1.487053100999999885e-07
3.922921358749999854e+02 1.386129392049999882e-07
3.923931867059999945e+02 1.285205683109999896e-07
3.924942375370000036e+02 1.184281974160000025e-07
3.925952883680000127e+02 1.083358265220000040e-07
3.926963391979999756e+02 9.987489999999999391e-08
3.927973900289999847e+02 9.987489999999999391e-08
3.928984408599999938e+02 9.987489999999999391e-08
3.929994916910000029e+02 9.987489999999999391e-08
3.931005425219999552e+02 9.987489999999999391e-08
3.932015933530000211e+02 9.987489999999999391e-08
3.933026441840000302e+02 9.987489999999999391e-08
3.934036950149999825e+02 9.987489999999999391e-08
3.935047458459999916e+02 9.141155162460000159e-08
3.936057966760000113e+02 7.275142704009999677e-08
3.937068475070000204e+02 5.256654378010000015e-08
3.938078983379999727e+02 3.238166052000000069e-08
3.939089491690000386e+02 1.219677726000000076e-08
3.940099999999999909e+02 1.000000000000000062e-09
