# Wavelength (Nm)      Variance
2.909189999999999827e+02 3.212708000000000230e-01
2.910319824050000079e+02 3.321463949210000099e-01
2.911449648090000437e+02 3.404517107450000246e-01
2.912579472139999552e+02 3.409527116539999847e-01
2.913709296189999804e+02 3.394450466389999921e-01
2.914839120230000162e+02 3.385911341060000024e-01
2.915968944279999846e+02 3.394483922930000008e-01
2.917098768330000098e+02 3.397990081989999966e-01
2.918228592379999782e+02 3.373592248089999912e-01
2.919358416420000140e+02 3.364025923580000188e-01
2.920488240470000392e+02 3.367507521990000252e-01
2.921618064520000075e+02 3.370895750319999884e-01
2.922747888559999865e+02 3.355450764340000003e-01
2.923877712610000117e+02 3.361369029560000166e-01
2.925007536659999801e+02 3.365063933960000253e-01
2.926137360700000158e+02 3.349930940759999753e-01
2.927267184749999842e+02 3.353176858529999804e-01
2.928397008800000094e+02 3.347187653900000059e-01
2.929526832840000452e+02 3.338014030729999915e-01
2.930656656889999567e+02 3.338998492260000228e-01
2.931786480939999819e+02 3.343270574189999844e-01
2.932916304990000071e+02 3.336746065569999864e-01
2.934046129029999861e+02 3.330060366450000031e-01
2.935175953080000113e+02 3.309522748450000051e-01
2.936305777129999797e+02 3.289517510500000186e-01
2.937435601170000155e+02 3.293783280939999725e-01
2.938565425220000407e+02 3.285875732549999872e-01
2.939695249270000090e+02 3.271339922820000190e-01
2.940825073309999880e+02 3.302736273079999729e-01
2.941954897360000132e+02 3.289438010260000156e-01
2.943084721409999815e+02 3.258777420530000191e-01
2.944214545450000173e+02 3.240920301820000016e-01
2.945344369499999857e+02 3.232456407270000165e-01
2.946474193550000109e+02 3.235366264519999868e-01
2.947604017600000361e+02 3.233180435310000211e-01
2.948733841639999582e+02 3.291477478009999791e-01
2.949863665689999834e+02 3.317337018300000051e-01
2.950993489740000086e+02 3.274631677240000260e-01
2.952123313779999876e+02 3.283801314370000113e-01
2.953253137830000128e+02 3.298425596949999816e-01
2.954382961879999812e+02 3.287856471550000270e-01
2.955512785920000169e+02 3.331062263930000267e-01
2.956642609970000422e+02 3.340320437539999743e-01
2.957772434020000105e+02 3.326637001819999773e-01
2.958902258059999895e+02 3.316018849030000215e-01
2.960032082110000147e+02 3.267369411139999791e-01
2.961161906159999830e+02 3.232439497360000136e-01
2.962291730210000082e+02 3.220551317359999777e-01
2.963421554249999872e+02 3.203593045629999914e-01
2.964551378300000124e+02 3.178468078419999787e-01
2.965681202350000376e+02 3.202115052789999972e-01
2.966811026389999597e+02 3.175495509619999934e-01
2.967940850439999849e+02 3.148685108620000173e-01
2.969070674490000101e+02 3.153036376950000275e-01
2.970200498529999891e+02 3.148267449620000269e-01
2.971330322580000143e+02 3.183442374189999757e-01
2.972460146629999826e+02 3.179875756009999943e-01
2.973589970670000184e+02 3.130530743809999961e-01
2.974719794720000436e+02 3.129575677540000211e-01
2.975849618769999552e+02 3.115949999120000147e-01
2.976979442819999804e+02 3.136384870969999850e-01
2.978109266860000162e+02 3.166916439470000011e-01
2.979239090909999845e+02 3.132171919999999776e-01
2.980368914960000097e+02 3.076221217830000243e-01
2.981498738999999887e+02 3.003585352729999935e-01
2.982628563050000139e+02 2.981683268329999859e-01
2.983758387100000391e+02 3.000148559999999964e-01
2.984888211139999612e+02 2.996393508499999858e-01
2.986018035189999864e+02 3.031494519769999951e-01
2.987147859240000116e+02 3.035534966389999978e-01
2.988277683279999906e+02 3.034205064520000272e-01
2.989407507330000158e+02 2.992446202760000173e-01
2.990537331379999841e+02 2.930295513899999760e-01
2.991667155430000093e+02 2.894562234899999975e-01
2.992796979470000451e+02 2.841331563519999825e-01
2.993926803519999567e+02 2.841029943699999727e-01
2.995056627569999819e+02 2.876297014900000004e-01
2.996186451610000177e+02 2.870469018060000099e-01
2.997316275659999860e+02 2.889553561520000202e-01
2.998446099710000112e+02 2.873212451500000153e-01
2.999575923749999902e+02 2.870410686800000111e-01
3.000705747800000154e+02 2.908229426280000141e-01
3.001835571850000406e+02 2.869994993369999747e-01
3.002965395889999627e+02 2.884501797649999810e-01
3.004095219939999879e+02 2.839687875660000249e-01
3.005225043990000131e+02 2.858454571960000190e-01
3.006354868039999815e+02 2.846239081820000072e-01
3.007484692080000173e+02 2.846091248450000055e-01
3.008614516129999856e+02 2.828343590319999934e-01
3.009744340180000108e+02 2.784596940879999760e-01
3.010874164219999898e+02 2.770051024929999772e-01
3.012003988269999581e+02 2.794289865219999891e-01
3.013133812319999834e+02 2.814159571670000193e-01
3.014263636360000191e+02 2.880502400000000129e-01
3.015393460409999875e+02 2.888098887039999840e-01
3.016523284460000127e+02 2.861548073779999757e-01
3.017653108499999917e+02 2.798523096769999774e-01
3.018782932550000169e+02 2.787276036479999775e-01
3.019912756600000421e+02 2.756244363049999979e-01
3.021042580650000104e+02 2.784077025810000050e-01
3.022172404689999894e+02 2.847949134130000060e-01
3.023302228740000146e+02 2.814674276129999764e-01
3.024432052789999830e+02 2.790288451090000010e-01
3.025561876830000188e+02 2.762647180650000256e-01
3.026691700879999871e+02 2.695466987390000013e-01
3.027821524930000123e+02 2.732306879770000085e-01
3.028951348969999913e+02 2.773162310789999974e-01
3.030081173019999596e+02 2.826211462050000067e-01
3.031210997069999848e+02 2.852715570969999725e-01
3.032340821110000206e+02 2.821856374430000147e-01
3.033470645159999890e+02 2.786108112260000103e-01
3.034600469210000142e+02 2.786071037069999812e-01
3.035730293259999826e+02 2.812039482350000008e-01
3.036860117300000184e+02 2.847941661000000235e-01
3.037989941350000436e+02 2.847528012259999963e-01
3.039119765399999551e+02 2.828703134660000007e-01
3.040249589439999909e+02 2.793496896539999774e-01
3.041379413490000161e+02 2.784087834019999819e-01
3.042509237539999845e+02 2.755144613489999839e-01
3.043639061580000202e+02 2.776892540290000211e-01
3.044768885629999886e+02 2.798068153259999913e-01
3.045898709680000138e+02 2.815577814190000083e-01
3.047028533719999928e+02 2.777641910909999790e-01
3.048158357769999611e+02 2.791913558360000214e-01
3.049288181819999863e+02 2.783513894549999868e-01
3.050418005870000115e+02 2.798392072259999752e-01
3.051547829909999905e+02 2.863344717649999871e-01
3.052677653960000157e+02 2.911914139710000127e-01
3.053807478009999841e+02 2.879435672430000204e-01
3.054937302050000199e+02 2.847700903809999851e-01
3.056067126100000451e+02 2.793897146629999995e-01
3.057196950149999566e+02 2.735338023580000111e-01
3.058326774189999924e+02 2.740875082579999900e-01
3.059456598240000176e+02 2.731592907329999931e-01
3.060586422289999859e+02 2.722599564689999752e-01
3.061716246330000217e+02 2.689818930560000099e-01
3.062846070379999901e+02 2.724330585099999924e-01
3.063975894430000153e+02 2.662057939820000052e-01
3.065105718480000405e+02 2.619132761579999746e-01
3.066235542519999626e+02 2.652555824630000170e-01
3.067365366569999878e+02 2.633134440470000226e-01
3.068495190620000130e+02 2.640539963749999886e-01
3.069625014659999920e+02 2.678032618939999998e-01
3.070754838710000172e+02 2.660869206450000024e-01
3.071884662759999856e+02 2.654903012609999835e-01
3.073014486800000213e+02 2.681968257130000199e-01
3.074144310849999897e+02 2.689875365100000137e-01
3.075274134899999581e+02 2.680281193669999951e-01
3.076403958939999939e+02 2.698505208499999974e-01
3.077533782990000191e+02 2.707608270030000264e-01
3.078663607039999874e+02 2.670419350029999972e-01
3.079793431090000126e+02 2.706278044689999773e-01
3.080923255129999916e+02 2.695972846510000243e-01
3.082053079180000168e+02 2.646314013489999839e-01
3.083182903230000420e+02 2.711545194839999895e-01
3.084312727269999641e+02 2.728861981819999949e-01
3.085442551319999893e+02 2.756252215130000072e-01
3.086572375370000145e+02 2.799966229440000176e-01
3.087702199409999935e+02 2.769730266570000210e-01
3.088832023460000187e+02 2.713445451379999929e-01
3.089961847509999870e+02 2.624509799820000100e-01
3.091091671549999660e+02 2.611761828499999938e-01
3.092221495599999912e+02 2.614611858650000009e-01
3.093351319649999596e+02 2.588356552489999851e-01
3.094481143699999848e+02 2.617248965980000230e-01
3.095610967740000206e+02 2.628801669679999842e-01
3.096740791789999889e+02 2.607423377420000077e-01
3.097870615840000141e+02 2.552689632960000177e-01
3.099000439879999931e+02 2.616881778010000104e-01
3.100130263930000183e+02 2.601312457830000091e-01
3.101260087980000435e+02 2.649095755720000112e-01
3.102389912019999656e+02 2.660058543459999925e-01
3.103519736069999908e+02 2.676745464340000158e-01
3.104649560120000160e+02 2.668206009379999744e-01
3.105779384159999950e+02 2.600754651030000031e-01
3.106909208210000202e+02 2.631296246220000135e-01
3.108039032259999885e+02 2.655773171610000261e-01
3.109168856299999675e+02 2.628079347450000269e-01
3.110298680349999927e+02 2.688599087099999840e-01
3.111428504399999611e+02 2.704568668740000015e-01
3.112558328449999863e+02 2.670055186160000260e-01
3.113688152490000220e+02 2.635173047980000072e-01
3.114817976539999904e+02 2.636511849379999939e-01
3.115947800590000156e+02 2.638734978889999971e-01
3.117077624629999946e+02 2.634983224690000125e-01
3.118207448680000198e+02 2.644358841409999994e-01
3.119337272730000450e+02 2.720794201819999869e-01
3.120467096769999671e+02 2.745068763869999984e-01
3.121596920819999923e+02 2.710333737239999929e-01
3.122726744870000175e+02 2.718478316949999862e-01
3.123856568909999964e+02 2.678384369740000048e-01
3.124986392960000217e+02 2.645894370790000116e-01
3.126116217009999900e+02 2.654667311910000049e-01
3.127246041060000152e+02 2.652156646919999750e-01
3.128375865099999942e+02 2.678814154370000034e-01
3.129505689149999625e+02 2.682886917890000000e-01
3.130635513199999878e+02 2.622358967510000083e-01
3.131765337240000235e+02 2.577851452789999831e-01
3.132895161289999919e+02 2.593528054840000263e-01
3.134024985340000171e+02 2.542038183229999859e-01
3.135154809379999961e+02 2.561527510030000010e-01
3.136284633430000213e+02 2.536098645980000010e-01
3.137414457479999896e+02 2.443096120350000122e-01
3.138544281519999686e+02 2.414666809380000001e-01
3.139674105569999938e+02 2.440693390149999975e-01
3.140803929620000190e+02 2.433858891850000095e-01
3.141933753669999874e+02 2.481746048150000050e-01
3.143063577710000231e+02 2.500065353309999794e-01
3.144193401759999915e+02 2.498620609680000104e-01
3.145323225810000167e+02 2.513815045159999984e-01
3.146453049849999957e+02 2.584544836950000146e-01
3.147582873899999640e+02 2.652263163279999780e-01
3.148712697949999892e+02 2.663279878889999730e-01
3.149842521990000250e+02 2.632932987680000059e-01
3.150972346039999934e+02 2.546466543870000154e-01
3.152102170090000186e+02 2.452827691499999962e-01
3.153231994129999975e+02 2.423423237890000026e-01
3.154361818179999659e+02 2.443660865449999997e-01
3.155491642229999911e+02 2.530714514369999946e-01
3.156621466279999595e+02 2.565824513430000064e-01
3.157751290319999953e+02 2.602952659350000197e-01
3.158881114370000205e+02 2.566436994719999976e-01
3.160010938419999889e+02 2.559109326099999748e-01
3.161140762460000246e+02 2.500478824049999771e-01
3.162270586509999930e+02 2.477240542820000058e-01
3.163400410560000182e+02 2.499330815720000043e-01
3.164530234599999972e+02 2.492925824049999906e-01
3.165660058649999655e+02 2.560292169030000120e-01
3.166789882699999907e+02 2.564297831960000162e-01
3.167919706740000265e+02 2.543925575950000129e-01
3.169049530789999949e+02 2.599988968909999754e-01
3.170179354840000201e+02 2.594299824519999964e-01
3.171309178889999885e+02 2.630061163869999996e-01
3.172439002929999674e+02 2.717217785339999803e-01
3.173568826979999926e+02 2.738380893019999873e-01
3.174698651029999610e+02 2.667594838360000109e-01
3.175828475069999968e+02 2.627413706510000058e-01
3.176958299120000220e+02 2.553298934189999758e-01
3.178088123169999903e+02 2.503160326689999882e-01
3.179217947210000261e+02 2.585241681059999852e-01
3.180347771259999945e+02 2.634698468969999818e-01
3.181477595310000197e+02 2.656369554960000268e-01
3.182607419349999986e+02 2.696783323229999807e-01
3.183737243399999670e+02 2.635094412319999857e-01
3.184867067449999922e+02 2.571668997650000121e-01
3.185996891500000174e+02 2.569630608210000111e-01
3.187126715539999964e+02 2.582373497830000031e-01
3.188256539590000216e+02 2.577877116360000054e-01
3.189386363639999900e+02 2.583190736359999851e-01
3.190516187679999689e+02 2.594461107800000166e-01
3.191646011729999941e+02 2.528615272729999863e-01
3.192775835779999625e+02 2.465692754599999870e-01
3.193905659819999983e+02 2.413510622870000122e-01
3.195035483870000235e+02 2.450479819349999921e-01
3.196165307919999918e+02 2.521211593900000159e-01
3.197295131960000276e+02 2.607505759879999996e-01
3.198424956009999960e+02 2.688325921349999925e-01
3.199554780060000212e+02 2.646986163989999974e-01
3.200684604109999896e+02 2.601616060410000264e-01
3.201814428149999685e+02 2.598961508620000194e-01
3.202944252199999937e+02 2.540857283929999766e-01
3.204074076250000189e+02 2.540946240229999820e-01
3.205203900289999979e+02 2.513778146510000089e-01
3.206333724340000231e+02 2.494335400000000091e-01
3.207463548389999914e+02 2.468425021940000019e-01
3.208593372429999704e+02 2.478320680470000037e-01
3.209723196479999956e+02 2.512152445920000088e-01
3.210853020529999640e+02 2.462060999879999990e-01
3.211982844569999997e+02 2.412156393550000111e-01
3.213112668620000250e+02 2.377558827100000050e-01
3.214242492669999933e+02 2.318739109329999992e-01
3.215372316720000185e+02 2.282855499710000069e-01
3.216502140759999975e+02 2.296676099119999981e-01
3.217631964810000227e+02 2.351924024050000006e-01
3.218761788859999911e+02 2.457720777419999947e-01
3.219891612899999700e+02 2.545090922580000026e-01
3.221021436949999952e+02 2.576435351610000257e-01
3.222151261000000204e+02 2.555049709910000022e-01
3.223281085039999994e+02 2.486389185629999943e-01
3.224410909090000246e+02 2.432683963639999947e-01
3.225540733139999929e+02 2.484186621760000047e-01
3.226670557179999719e+02 2.549627457240000172e-01
3.227800381229999971e+02 2.548970986160000174e-01
3.228930205279999655e+02 2.444814544280000113e-01
3.230060029329999907e+02 2.374725354489999884e-01
3.231189853370000264e+02 2.342139092549999912e-01
3.232319677419999948e+02 2.247247663870000078e-01
3.233449501470000200e+02 2.327237947570000021e-01
3.234579325509999990e+02 2.383742195009999898e-01
3.235709149559999673e+02 2.331761001880000017e-01
3.236838973609999925e+02 2.280465583869999979e-01
3.237968797649999715e+02 2.286347880700000113e-01
3.239098621699999967e+02 2.293585137070000002e-01
3.240228445750000219e+02 2.297470581230000031e-01
3.241358269790000008e+02 2.352970106449999987e-01
3.242488093840000261e+02 2.445697104519999887e-01
3.243617917889999944e+02 2.449211623230000134e-01
3.244747741940000196e+02 2.510847717420000014e-01
3.245877565979999986e+02 2.512479013780000159e-01
3.247007390029999669e+02 2.510504273429999822e-01
3.248137214079999922e+02 2.532611439470000003e-01
3.249267038120000279e+02 2.573351801759999891e-01
3.250396862169999963e+02 2.622275354429999816e-01
3.251526686220000215e+02 2.653946325509999871e-01
3.252656510260000005e+02 2.624436074550000053e-01
3.253786334309999688e+02 2.631532625340000098e-01
3.254916158359999940e+02 2.581619831549999966e-01
3.256045982399999730e+02 2.511674901820000194e-01
3.257175806449999982e+02 2.518527387100000237e-01
3.258305630500000234e+02 2.437345816890000016e-01
3.259435454549999918e+02 2.370813832729999904e-01
3.260565278590000275e+02 2.379440853610000073e-01
3.261695102639999959e+02 2.381348202870000041e-01
3.262824926690000211e+02 2.373737278009999951e-01
3.263954750730000001e+02 2.375796953079999940e-01
3.265084574779999684e+02 2.423401459120000101e-01
3.266214398829999936e+02 2.419259980060000093e-01
3.267344222870000294e+02 2.404030507209999890e-01
3.268474046919999978e+02 2.473753890319999871e-01
3.269603870970000230e+02 2.480576169029999889e-01
3.270733695010000019e+02 2.409661270500000063e-01
3.271863519059999703e+02 2.450165648329999946e-01
3.272993343109999955e+02 2.475692395250000122e-01
3.274123167159999639e+02 2.447371866860000023e-01
3.275252991199999997e+02 2.418254867569999966e-01
3.276382815250000249e+02 2.441455644109999934e-01
3.277512639299999933e+02 2.440569788799999973e-01
3.278642463340000290e+02 2.426678734549999883e-01
3.279772287389999974e+02 2.464407963049999872e-01
3.280902111440000226e+02 2.495133822399999979e-01
3.282031935480000016e+02 2.502573248389999838e-01
3.283161759529999699e+02 2.520871010560000181e-01
3.284291583579999951e+02 2.516897258119999981e-01
3.285421407620000309e+02 2.556911924929999858e-01
3.286551231669999993e+02 2.464601883339999910e-01
3.287681055720000245e+02 2.468948777830000108e-01
3.288810879769999929e+02 2.499552462169999933e-01
3.289940703809999718e+02 2.474704347570000074e-01
3.291070527859999970e+02 2.542264350730000233e-01
3.292200351909999654e+02 2.572008895480000223e-01
3.293330175950000012e+02 2.575510814190000164e-01
3.294460000000000264e+02 2.593560639999999973e-01
3.295589824049999947e+02 2.585272895010000127e-01
3.296719648090000305e+02 2.566938287389999851e-01
3.297849472139999989e+02 2.541945527860000054e-01
3.298979296189999673e+02 2.479486140880000078e-01
3.300109120230000030e+02 2.490565587680000081e-01
3.301238944279999714e+02 2.524264028270000182e-01
3.302368768329999966e+02 2.516779435479999938e-01
3.303498592380000218e+02 2.544784653259999918e-01
3.304628416420000008e+02 2.523222205039999944e-01
3.305758240470000260e+02 2.526268039649999797e-01
3.306888064519999944e+02 2.545469862579999853e-01
3.308017888559999733e+02 2.577073446329999906e-01
3.309147712609999985e+02 2.557581582169999868e-01
3.310277536659999669e+02 2.562792796250000227e-01
3.311407360700000027e+02 2.555935776250000124e-01
3.312537184750000279e+02 2.567960954369999937e-01
3.313667008799999962e+02 2.566548700590000065e-01
3.314796832840000320e+02 2.540338490910000191e-01
3.315926656890000004e+02 2.545573842930000108e-01
3.317056480939999688e+02 2.480234306859999960e-01
3.318186304989999940e+02 2.493266402579999985e-01
3.319316129029999729e+02 2.567344096770000084e-01
3.320445953079999981e+02 2.512062802289999897e-01
3.321575777130000233e+02 2.512525048450000020e-01
3.322705601170000023e+02 2.498781003810000012e-01
3.323835425220000275e+02 2.481180204690000002e-01
3.324965249269999958e+02 2.512122693839999865e-01
3.326095073309999748e+02 2.622717285630000172e-01
3.327224897360000000e+02 2.707898636480000065e-01
3.328354721409999684e+02 2.691940774189999774e-01
3.329484545450000041e+02 2.669064229090000184e-01
3.330614369500000294e+02 2.648361450439999931e-01
3.331744193549999977e+02 2.532506366450000268e-01
3.332874017600000229e+02 2.516951705220000224e-01
3.334003841640000019e+02 2.553880932379999913e-01
3.335133665689999702e+02 2.551363962459999857e-01
3.336263489739999955e+02 2.583726060120000168e-01
3.337393313779999744e+02 2.605191486219999852e-01
3.338523137829999996e+02 2.585442047159999812e-01
3.339652961880000248e+02 2.547984641989999854e-01
3.340782785920000038e+02 2.554546763339999860e-01
3.341912609970000290e+02 2.545716871550000038e-01
3.343042434019999973e+02 2.559225728089999929e-01
3.344172258059999763e+02 2.638284238709999729e-01
3.345302082110000015e+02 2.640083232550000103e-01
3.346431906159999699e+02 2.706491233080000058e-01
3.347561730209999951e+02 2.708665736950000014e-01
3.348691554250000308e+02 2.704557150620000017e-01
3.349821378299999992e+02 2.714259610320000071e-01
3.350951202350000244e+02 2.694561244809999812e-01
3.352081026390000034e+02 2.702336803459999826e-01
3.353210850439999717e+02 2.728033934899999902e-01
3.354340674489999969e+02 2.673304715429999923e-01
3.355470498529999759e+02 2.644902307679999898e-01
3.356600322580000011e+02 2.628918374190000184e-01
3.357730146630000263e+02 2.599689420529999739e-01
3.358859970670000052e+02 2.556431065399999980e-01
3.359989794720000305e+02 2.553951462760000179e-01
3.361119618769999988e+02 2.557749472320000050e-01
3.362249442819999672e+02 2.516106792260000002e-01
3.363379266860000030e+02 2.536595506980000025e-01
3.364509090909999713e+02 2.559589800000000026e-01
3.365638914959999966e+02 2.579550374130000212e-01
3.366768739000000323e+02 2.567596709330000060e-01
3.367898563050000007e+02 2.546557361640000017e-01
3.369028387100000259e+02 2.605146223229999891e-01
3.370158211140000049e+02 2.564972897069999758e-01
3.371288035189999732e+02 2.568485614309999887e-01
3.372417859239999984e+02 2.618298534899999863e-01
3.373547683279999774e+02 2.661596150969999797e-01
3.374677507330000026e+02 2.682091327510000012e-01
3.375807331380000278e+02 2.724082862169999730e-01
3.376937155429999962e+02 2.710954681170000269e-01
3.378066979470000319e+02 2.645175855720000024e-01
3.379196803520000003e+02 2.592002901989999830e-01
3.380326627569999687e+02 2.531561815369999802e-01
3.381456451610000045e+02 2.465060312900000106e-01
3.382586275659999728e+02 2.453255411259999963e-01
3.383716099709999980e+02 2.427261252490000021e-01
3.384845923750000338e+02 2.325920511440000005e-01
3.385975747800000022e+02 2.266779152789999974e-01
3.387105571850000274e+02 2.194695117300000109e-01
3.388235395890000063e+02 2.138550153309999868e-01
3.389365219939999747e+02 2.136259854429999883e-01
3.390495043989999999e+02 2.193252160059999956e-01
3.391624868039999683e+02 2.153403670500000089e-01
3.392754692080000041e+02 2.195350646329999877e-01
3.393884516130000293e+02 2.242669290319999897e-01
3.395014340179999976e+02 2.276621070029999916e-01
3.396144164220000334e+02 2.268931633309999862e-01
3.397273988270000018e+02 2.242537774310000009e-01
3.398403812319999702e+02 2.134980003520000058e-01
3.399533636360000060e+02 2.119726187269999895e-01
3.400663460409999743e+02 2.147100836830000137e-01
3.401793284459999995e+02 2.160149193610000073e-01
3.402923108500000353e+02 2.168080376659999864e-01
3.404052932550000037e+02 2.179941470089999944e-01
3.405182756600000289e+02 2.105010363519999872e-01
3.406312580649999973e+02 2.022816996769999931e-01
3.407442404689999762e+02 1.981590497240000026e-01
3.408572228740000014e+02 1.935744700760000103e-01
3.409702052789999698e+02 1.942127060409999939e-01
3.410831876830000056e+02 1.990552736719999882e-01
3.411961700880000308e+02 2.026058498770000049e-01
3.413091524929999991e+02 2.071134478009999946e-01
3.414221348969999781e+02 2.060489730210000037e-01
3.415351173020000033e+02 2.075735626100000120e-01
3.416480997069999717e+02 2.118086817360000096e-01
3.417610821110000074e+02 2.139610996009999877e-01
3.418740645159999758e+02 2.124098063229999944e-01
3.419870469210000010e+02 2.079708232899999953e-01
3.421000293260000262e+02 1.988422825810000072e-01
3.422130117300000052e+02 2.050639205450000002e-01
3.423259941350000304e+02 2.076999505919999989e-01
3.424389765399999987e+02 2.156716454550000051e-01
3.425519589439999777e+02 2.204061553899999970e-01
3.426649413490000029e+02 2.250103076830000104e-01
3.427779237539999713e+02 2.223560579939999893e-01
3.428909061580000071e+02 2.180661992490000034e-01
3.430038885630000323e+02 2.184958384990000058e-01
3.431168709680000006e+02 2.198149707740000014e-01
3.432298533719999796e+02 2.163849123749999881e-01
3.433428357770000048e+02 2.239829066039999983e-01
3.434558181819999731e+02 2.212511156360000009e-01
3.435688005869999984e+02 2.148665514900000018e-01
3.436817829909999773e+02 2.050289162110000007e-01
3.437947653960000025e+02 2.061024794430000029e-01
3.439077478010000277e+02 2.051702021110000107e-01
3.440207302050000067e+02 2.106170316830000000e-01
3.441337126100000319e+02 2.220635711670000123e-01
3.442466950150000002e+02 2.306554200819999900e-01
3.443596774189999792e+02 2.292306335479999957e-01
3.444726598240000044e+02 2.278614129969999957e-01
3.445856422289999728e+02 2.267701044809999900e-01
3.446986246330000085e+02 2.193172019000000084e-01
3.448116070380000338e+02 2.160787778300000128e-01
3.449245894430000021e+02 2.149145000290000052e-01
3.450375718480000273e+02 2.186506239179999977e-01
3.451505542520000063e+02 2.160511506689999917e-01
3.452635366569999746e+02 2.134535862289999864e-01
3.453765190619999998e+02 2.110474297890000128e-01
3.454895014659999788e+02 2.077477756009999954e-01
3.456024838710000040e+02 2.110284630320000132e-01
3.457154662760000292e+02 2.144818139590000117e-01
3.458284486800000082e+02 2.138533497600000055e-01
3.459414310850000334e+02 2.177231258650000056e-01
3.460544134900000017e+02 2.151659509680000082e-01
3.461673958939999807e+02 2.079953947919999935e-01
3.462803782990000059e+02 2.174187959589999886e-01
3.463933607039999742e+02 2.117954476480000126e-01
3.465063431089999995e+02 2.145001140120000038e-01
3.466193255130000352e+02 2.182813001760000038e-01
3.467323079180000036e+02 2.082513011609999909e-01
3.468452903230000288e+02 2.111401687739999922e-01
3.469582727270000078e+02 2.145038265449999981e-01
3.470712551319999761e+02 2.171194784630000041e-01
3.471842375370000013e+02 2.230341512319999886e-01
3.472972199409999803e+02 2.279040440000000001e-01
3.474102023460000055e+02 2.263189767209999870e-01
3.475231847510000307e+02 2.280167292080000074e-01
3.476361671550000096e+02 2.287187277069999969e-01
3.477491495599999780e+02 2.258721689740000038e-01
3.478621319650000032e+02 2.261018086450000131e-01
3.479751143699999716e+02 2.267164489379999981e-01
3.480880967740000074e+02 2.276670389029999964e-01
3.482010791789999757e+02 2.322020233669999933e-01
3.483140615840000009e+02 2.276488691790000130e-01
3.484270439880000367e+02 2.226196835779999939e-01
3.485400263930000051e+02 2.192744375310000104e-01
3.486530087980000303e+02 2.148508523869999964e-01
3.487659912020000093e+02 2.162862511549999978e-01
3.488789736069999776e+02 2.261367285039999897e-01
3.489919560120000028e+02 2.355537703579999864e-01
3.491049384159999818e+02 2.322136024750000027e-01
3.492179208210000070e+02 2.402830940060000087e-01
3.493309032260000322e+02 2.437399815480000009e-01
3.494438856300000111e+02 2.369587009380000053e-01
3.495568680349999795e+02 2.287232719060000030e-01
3.496698504400000047e+02 2.223386527329999918e-01
3.497828328449999731e+02 2.141693917299999916e-01
3.498958152490000089e+02 2.117266356070000022e-01
3.500087976539999772e+02 2.202961152490000019e-01
3.501217800590000024e+02 2.272055785809999895e-01
3.502347624630000382e+02 2.301573956250000108e-01
3.503477448680000066e+02 2.300323896950000058e-01
3.504607272730000318e+02 2.260153639999999964e-01
3.505737096770000107e+02 2.218998332259999873e-01
3.506866920819999791e+02 2.188304212899999934e-01
3.507996744870000043e+02 2.199211580119999898e-01
3.509126568909999833e+02 2.216815239059999887e-01
3.510256392960000085e+02 2.239619643109999891e-01
3.511386217010000337e+02 2.275353727270000015e-01
3.512516041060000020e+02 2.265166949440000077e-01
3.513645865099999810e+02 2.287601731729999865e-01
3.514775689150000062e+02 2.282593606509999984e-01
3.515905513199999746e+02 2.220621330560000051e-01
3.517035337240000104e+02 2.219315720820000115e-01
3.518165161289999787e+02 2.216059772900000058e-01
3.519294985340000039e+02 2.202441359940000010e-01
3.520424809380000397e+02 2.262514527389999919e-01
3.521554633430000081e+02 2.329657998240000083e-01
3.522684457480000333e+02 2.376529464519999968e-01
3.523814281520000122e+02 2.404208846329999871e-01
3.524944105569999806e+02 2.378567901579999866e-01
3.526073929620000058e+02 2.394589103870000124e-01
3.527203753669999742e+02 2.380867612789999976e-01
3.528333577710000100e+02 2.434083097649999972e-01
3.529463401760000352e+02 2.402267320940000006e-01
3.530593225810000035e+02 2.413348254840000096e-01
3.531723049849999825e+02 2.347215958709999994e-01
3.532852873900000077e+02 2.276017820410000114e-01
3.533982697949999761e+02 2.227478809379999924e-01
3.535112521990000118e+02 2.223976107510000078e-01
3.536242346039999802e+02 2.237855967859999906e-01
3.537372170090000054e+02 2.280252206280000138e-01
3.538501994130000412e+02 2.304888761639999895e-01
3.539631818180000096e+02 2.310049563640000081e-01
3.540761642229999779e+02 2.248023031789999904e-01
3.541891466280000031e+02 2.176842661289999925e-01
3.543021290319999821e+02 2.207917521290000129e-01
3.544151114370000073e+02 2.247927558009999993e-01
3.545280938419999757e+02 2.271134959530000108e-01
3.546410762460000115e+02 2.285794468269999880e-01
3.547540586510000367e+02 2.250356917540000112e-01
3.548670410560000050e+02 2.269605489150000044e-01
3.549800234599999840e+02 2.232984675190000101e-01
3.550930058650000092e+02 2.227258853079999990e-01
3.552059882699999775e+02 2.326762665809999908e-01
3.553189706740000133e+02 2.332917801409999936e-01
3.554319530789999817e+02 2.358003699940000031e-01
3.555449354840000069e+02 2.408180618709999943e-01
3.556579178890000321e+02 2.378137063340000079e-01
3.557709002930000111e+02 2.286912616250000030e-01
3.558838826979999794e+02 2.272685813260000021e-01
3.559968651030000046e+02 2.253378115249999869e-01
3.561098475069999836e+02 2.234500606800000067e-01
3.562228299120000088e+02 2.209044701760000118e-01
3.563358123169999772e+02 2.195701159060000074e-01
3.564487947210000129e+02 2.179009406280000005e-01
3.565617771260000382e+02 2.197414417359999927e-01
3.566747595310000065e+02 2.247432380059999901e-01
3.567877419349999855e+02 2.318801509679999928e-01
3.569007243400000107e+02 2.349679704050000040e-01
3.570137067449999790e+02 2.312663156360000027e-01
3.571266891500000042e+02 2.331948685749999917e-01
3.572396715539999832e+02 2.335409626509999947e-01
3.573526539590000084e+02 2.360528637540000030e-01
3.574656363640000336e+02 2.383211410909999994e-01
3.575786187679999557e+02 2.365837020060000129e-01
3.576916011729999809e+02 2.325330253139999970e-01
3.578045835780000061e+02 2.304576633959999898e-01
3.579175659819999851e+02 2.291774686220000024e-01
3.580305483870000103e+02 2.264908798059999950e-01
3.581435307919999786e+02 2.348479045280000010e-01
3.582565131960000144e+02 2.378783021060000002e-01
3.583694956010000396e+02 2.327081051959999924e-01
3.584824780060000080e+02 2.280106168619999985e-01
3.585954604110000332e+02 2.233768721409999936e-01
3.587084428150000122e+02 2.154572477360000016e-01
3.588214252199999805e+02 2.140389425339999929e-01
3.589344076250000057e+02 2.171977280880000027e-01
3.590473900289999847e+02 2.196803103230000054e-01
3.591603724340000099e+02 2.315201878890000009e-01
3.592733548390000351e+02 2.337683601290000135e-01
3.593863372429999572e+02 2.312069580120000023e-01
3.594993196479999824e+02 2.326189109560000134e-01
3.596123020530000076e+02 2.344526373609999992e-01
3.597252844569999866e+02 2.349949848910000139e-01
3.598382668620000118e+02 2.406286081110000086e-01
3.599512492669999801e+02 2.478670237070000060e-01
3.600642316720000053e+02 2.445927288089999874e-01
3.601772140760000411e+02 2.468808218180000014e-01
3.602901964810000095e+02 2.438730940590000118e-01
3.604031788859999779e+02 2.402474816890000087e-01
3.605161612900000137e+02 2.341834392259999897e-01
3.606291436949999820e+02 2.277965214190000032e-01
3.607421261000000072e+02 2.185744909089999966e-01
3.608551085039999862e+02 2.252474485869999932e-01
3.609680909090000114e+02 2.279484925449999921e-01
3.610810733140000366e+02 2.315603932789999930e-01
3.611940557179999587e+02 2.362999149789999920e-01
3.613070381229999839e+02 2.354670289149999873e-01
3.614200205280000091e+02 2.335983971089999889e-01
3.615330029329999775e+02 2.304836361170000125e-01
3.616459853370000133e+02 2.270185347739999970e-01
3.617589677419999816e+02 2.280031988389999986e-01
3.618719501470000068e+02 2.252968799120000087e-01
3.619849325510000426e+02 2.252979280119999927e-01
3.620979149560000110e+02 2.322019348040000042e-01
3.622108973609999794e+02 2.366315975949999928e-01
3.623238797650000151e+02 2.405999616539999941e-01
3.624368621699999835e+02 2.440235225219999915e-01
3.625498445750000087e+02 2.435923688449999902e-01
3.626628269789999877e+02 2.407083938650000088e-01
3.627758093840000129e+02 2.358926185980000090e-01
3.628887917890000381e+02 2.288709903230000120e-01
3.630017741940000064e+02 2.270903787100000126e-01
3.631147565979999854e+02 2.302004899350000022e-01
3.632277390030000106e+02 2.322919035480000005e-01
3.633407214079999790e+02 2.361614981940000080e-01
3.634537038120000148e+02 2.343113565809999965e-01
3.635666862169999831e+02 2.348392795889999995e-01
3.636796686220000083e+02 2.394714882110000054e-01
3.637926510260000441e+02 2.457219647739999902e-01
3.639056334309999556e+02 2.519196262819999865e-01
3.640186158359999808e+02 2.563981809850000015e-01
3.641315982400000166e+02 2.519822530210000244e-01
3.642445806449999850e+02 2.415987663230000082e-01
3.643575630500000102e+02 2.414703642819999996e-01
3.644705454549999786e+02 2.402583785450000120e-01
3.645835278590000144e+02 2.367493587210000028e-01
3.646965102640000396e+02 2.380628625220000127e-01
3.648094926690000079e+02 2.350678448740000093e-01
3.649224750729999869e+02 2.357720390149999901e-01
3.650354574780000121e+02 2.413808591499999878e-01
3.651484398829999805e+02 2.456714356130000054e-01
3.652614222870000162e+02 2.499321289149999958e-01
3.653744046919999846e+02 2.486514940410000096e-01
3.654873870970000098e+02 2.466868791609999889e-01
3.656003695009999888e+02 2.368233771140000055e-01
3.657133519059999571e+02 2.333796348390000108e-01
3.658263343109999823e+02 2.309008043399999877e-01
3.659393167160000075e+02 2.305908190790000034e-01
3.660522991199999865e+02 2.351190624160000020e-01
3.661652815250000117e+02 2.365782838770000007e-01
3.662782639299999801e+02 2.357593684339999995e-01
3.663912463340000158e+02 2.372403384750000066e-01
3.665042287390000411e+02 2.368141503810000104e-01
3.666172111440000094e+02 2.365848362109999881e-01
3.667301935479999884e+02 2.420079261939999948e-01
3.668431759530000136e+02 2.451187070439999893e-01
3.669561583579999819e+02 2.440394892670000038e-01
3.670691407620000177e+02 2.418392300470000034e-01
3.671821231669999861e+02 2.356011737479999923e-01
3.672951055720000113e+02 2.356512290560000000e-01
3.674080879770000365e+02 2.301458221580000019e-01
3.675210703809999586e+02 2.308582102049999973e-01
3.676340527859999838e+02 2.344324669329999888e-01
3.677470351910000090e+02 2.329885105220000086e-01
3.678600175949999880e+02 2.341750264520000013e-01
3.679730000000000132e+02 2.374234319999999898e-01
3.680859824049999816e+02 2.337346293260000041e-01
3.681989648090000173e+02 2.353463791850000097e-01
3.683119472140000425e+02 2.384122978890000077e-01
3.684249296190000109e+02 2.402446519770000122e-01
3.685379120229999899e+02 2.468909994840000066e-01
3.686508944280000151e+02 2.513272041060000128e-01
3.687638768329999834e+02 2.500191736190000014e-01
3.688768592380000086e+02 2.435036650559999905e-01
3.689898416419999876e+02 2.428489145449999886e-01
3.691028240470000128e+02 2.396160120999999976e-01
3.692158064520000380e+02 2.371967787100000002e-01
3.693287888559999601e+02 2.409612167980000053e-01
3.694417712609999853e+02 2.439218250209999883e-01
3.695547536660000105e+02 2.422719757600000079e-01
3.696677360699999895e+02 2.407907009739999882e-01
3.697807184750000147e+02 2.421742673900000031e-01
3.698937008799999830e+02 2.402639406690000035e-01
3.700066832840000188e+02 2.428275973840000046e-01
3.701196656890000440e+02 2.421601686919999941e-01
3.702326480939999556e+02 2.413856865279999930e-01
3.703456304989999808e+02 2.391119116129999944e-01
3.704586129030000166e+02 2.327012245160000048e-01
3.705715953079999849e+02 2.283610046569999885e-01
3.706845777130000101e+02 2.318937364989999972e-01
3.707975601169999891e+02 2.342822532080000020e-01
3.709105425220000143e+02 2.343272166860000116e-01
3.710235249270000395e+02 2.338448126800000137e-01
3.711365073309999616e+02 2.299197208859999897e-01
3.712494897359999868e+02 2.338270982869999903e-01
3.713624721410000120e+02 2.428277740819999864e-01
3.714754545449999910e+02 2.464963163639999899e-01
3.715884369500000162e+02 2.533370489030000172e-01
3.717014193549999845e+02 2.489216638710000096e-01
3.718144017600000097e+02 2.371923473779999902e-01
3.719273841639999887e+02 2.313079114490000088e-01
3.720403665689999571e+02 2.308218489739999879e-01
3.721533489739999823e+02 2.312050872729999873e-01
3.722663313780000180e+02 2.308159145039999915e-01
3.723793137829999864e+02 2.320736754599999896e-01
3.724922961880000116e+02 2.351218299770000131e-01
3.726052785919999906e+02 2.248146933140000026e-01
3.727182609970000158e+02 2.243449604809999998e-01
3.728312434020000410e+02 2.247325905449999994e-01
3.729442258059999631e+02 2.283897287739999893e-01
3.730572082109999883e+02 2.351235004339999879e-01
3.731701906160000135e+02 2.435418873309999899e-01
3.732831730209999819e+02 2.556442049150000062e-01
3.733961554250000177e+02 2.570013353200000239e-01
3.735091378299999860e+02 2.572896565630000132e-01
3.736221202350000112e+02 2.660062095599999843e-01
3.737351026389999902e+02 2.614949858649999737e-01
3.738480850439999585e+02 2.524793709739999725e-01
3.739610674489999838e+02 2.501599600819999769e-01
3.740740498530000195e+02 2.457864775889999909e-01
3.741870322579999879e+02 2.392659596130000121e-01
3.743000146630000131e+02 2.399008074189999951e-01
3.744129970669999921e+02 2.427552964689999870e-01
3.745259794720000173e+02 2.458548060469999963e-01
3.746389618770000425e+02 2.457989655479999869e-01
3.747519442820000108e+02 2.470518441469999882e-01
3.748649266859999898e+02 2.512442784159999998e-01
3.749779090910000150e+02 2.502708299999999997e-01
3.750908914959999834e+02 2.470094195189999897e-01
3.752038739000000191e+02 2.481295462820000131e-01
3.753168563049999875e+02 2.460472332320000066e-01
3.754298387100000127e+02 2.461388580649999935e-01
3.755428211139999917e+02 2.541555978419999806e-01
3.756558035189999600e+02 2.587907969330000002e-01
3.757687859239999852e+02 2.625793055480000193e-01
3.758817683280000210e+02 2.602047288500000111e-01
3.759947507329999894e+02 2.587561809969999849e-01
3.761077331380000146e+02 2.543833879819999977e-01
3.762207155429999830e+02 2.441692629789999902e-01
3.763336979470000188e+02 2.386074187680000125e-01
3.764466803520000440e+02 2.354017068500000032e-01
3.765596627569999555e+02 2.299034202930000104e-01
3.766726451609999913e+02 2.309161953549999924e-01
3.767856275660000165e+02 2.348406831669999917e-01
3.768986099709999849e+02 2.424263973369999992e-01
3.770115923750000206e+02 2.384715329269999906e-01
3.771245747799999890e+02 2.373412229909999949e-01
3.772375571850000142e+02 2.408501787270000138e-01
3.773505395889999932e+02 2.393923772550000106e-01
3.774635219939999615e+02 2.420020309560000082e-01
3.775765043989999867e+02 2.461593384870000012e-01
3.776894868040000119e+02 2.455986122580000042e-01
3.778024692079999909e+02 2.507016886219999852e-01
3.779154516130000161e+02 2.474497074189999923e-01
3.780284340179999845e+02 2.539917167740000092e-01
3.781414164220000202e+02 2.552970865690000202e-01
3.782543988270000455e+02 2.483166004110000102e-01
3.783673812319999570e+02 2.457364139880000020e-01
3.784803636359999928e+02 2.440335160000000059e-01
3.785933460410000180e+02 2.369238868209999904e-01
3.787063284459999863e+02 2.432641067450000139e-01
3.788193108500000221e+02 2.464473852490000061e-01
3.789322932549999905e+02 2.502868226039999811e-01
3.790452756600000157e+02 2.540724733079999798e-01
3.791582580650000409e+02 2.535770045160000152e-01
3.792712404689999630e+02 2.518769772080000080e-01
3.793842228739999882e+02 2.531838100289999782e-01
3.794972052790000134e+02 2.503141535189999933e-01
3.796101876829999924e+02 2.455491225449999981e-01
3.797231700880000176e+02 2.454139766510000098e-01
3.798361524929999860e+02 2.423735108969999885e-01
3.799491348970000217e+02 2.465691036069999897e-01
3.800621173019999901e+02 2.557423609849999724e-01
3.801750997069999585e+02 2.568249338590000153e-01
3.802880821109999943e+02 2.601470107680000088e-01
3.804010645160000195e+02 2.587891421290000049e-01
3.805140469209999878e+02 2.510740885039999815e-01
3.806270293260000130e+02 2.500605411030000225e-01
3.807400117299999920e+02 2.504881671090000150e-01
3.808529941350000172e+02 2.478124175889999947e-01
3.809659765400000424e+02 2.457151025450000081e-01
3.810789589439999645e+02 2.394330248390000027e-01
3.811919413489999897e+02 2.379505522460000078e-01
3.813049237540000149e+02 2.419414234839999955e-01
3.814179061579999939e+02 2.522573642820000184e-01
3.815308885630000191e+02 2.621632461699999750e-01
3.816438709679999874e+02 2.716315606449999920e-01
3.817568533719999664e+02 2.752385390850000113e-01
3.818698357769999916e+02 2.726848669909999745e-01
3.819828181819999600e+02 2.728390987270000179e-01
3.820958005869999852e+02 2.687247900409999724e-01
3.822087829910000210e+02 2.673124743399999947e-01
3.823217653959999893e+02 2.648942182760000152e-01
3.824347478010000145e+02 2.558527898360000163e-01
3.825477302049999935e+02 2.563157523399999804e-01
3.826607126100000187e+02 2.514449012900000224e-01
3.827736950150000439e+02 2.467749136659999898e-01
3.828866774189999660e+02 2.457510624520000131e-01
3.829996598239999912e+02 2.474496205750000011e-01
3.831126422290000164e+02 2.448957342520000080e-01
3.832256246329999954e+02 2.503377629210000177e-01
3.833386070380000206e+02 2.571015904110000028e-01
3.834515894429999889e+02 2.612997180530000074e-01
3.835645718480000141e+02 2.599101286630000063e-01
3.836775542519999931e+02 2.531102362700000108e-01
3.837905366569999615e+02 2.498034197540000001e-01
3.839035190619999867e+02 2.461068478010000060e-01
3.840165014660000224e+02 2.494599640700000120e-01
3.841294838709999908e+02 2.530717460649999917e-01
3.842424662760000160e+02 2.573253756189999852e-01
3.843554486799999950e+02 2.513239867209999812e-01
3.844684310850000202e+02 2.442598068909999920e-01
3.845814134900000454e+02 2.488463295249999929e-01
3.846943958939999675e+02 2.471631833019999891e-01
3.848073782989999927e+02 2.506031568559999867e-01
3.849203607040000179e+02 2.596504030439999999e-01
3.850333431089999863e+02 2.568148316719999769e-01
3.851463255130000221e+02 2.572275080940000236e-01
3.852593079179999904e+02 2.594606642460000057e-01
3.853722903230000156e+02 2.616596819349999992e-01
3.854852727269999946e+02 2.578872483640000102e-01
3.855982551319999629e+02 2.598658797360000050e-01
3.857112375369999882e+02 2.588299078479999737e-01
3.858242199410000239e+02 2.600885352260000061e-01
3.859372023459999923e+02 2.600101986039999868e-01
3.860501847510000175e+02 2.611933224519999985e-01
3.861631671549999965e+02 2.583456108500000181e-01
3.862761495600000217e+02 2.511857602290000213e-01
3.863891319649999900e+02 2.491805040229999879e-01
3.865021143699999584e+02 2.489898374189999930e-01
3.866150967739999942e+02 2.491492521289999929e-01
3.867280791790000194e+02 2.519850984459999776e-01
3.868410615839999878e+02 2.521595297600000007e-01
3.869540439880000235e+02 2.559391362460000097e-01
3.870670263929999919e+02 2.584531164689999883e-01
3.871800087980000171e+02 2.595247645400000081e-01
3.872929912019999961e+02 2.606395453959999831e-01
3.874059736069999644e+02 2.626836906450000231e-01
3.875189560119999896e+02 2.568627857949999926e-01
3.876319384160000254e+02 2.580992336360000139e-01
3.877449208209999938e+02 2.628555589789999813e-01
3.878579032260000190e+02 2.607855964520000014e-01
3.879708856299999979e+02 2.549042970209999814e-01
3.880838680349999663e+02 2.523822852729999955e-01
3.881968504399999915e+02 2.504689054190000208e-01
3.883098328449999599e+02 2.483498039350000020e-01
3.884228152489999957e+02 2.494650538419999897e-01
3.885357976540000209e+02 2.576730939770000006e-01
3.886487800589999893e+02 2.593853855839999833e-01
3.887617624630000250e+02 2.655667181879999839e-01
3.888747448679999934e+02 2.659622203170000088e-01
3.889877272730000186e+02 2.638676936359999892e-01
3.891007096769999976e+02 2.660898147099999833e-01
3.892136920819999659e+02 2.630205368860000226e-01
3.893266744869999911e+02 2.573850521880000075e-01
3.894396568910000269e+02 2.632530659000000273e-01
3.895526392959999953e+02 2.607766297949999923e-01
3.896656217010000205e+02 2.628506130500000149e-01
3.897786041059999889e+02 2.696075496309999764e-01
3.898915865099999678e+02 2.699636678299999759e-01
3.900045689149999930e+02 2.689849359300000020e-01
3.901175513199999614e+02 2.679898795890000018e-01
3.902305337239999972e+02 2.601669348039999941e-01
3.903435161290000224e+02 2.609957427099999783e-01
3.904564985339999907e+02 2.578030796720000017e-01
3.905694809380000265e+02 2.551467671500000090e-01
3.906824633429999949e+02 2.631488757179999971e-01
3.907954457480000201e+02 2.665062429030000124e-01
3.909084281519999990e+02 2.642505004460000140e-01
3.910214105569999674e+02 2.633773731669999951e-01
3.911343929619999926e+02 2.640982636950000018e-01
3.912473753670000178e+02 2.630668857180000209e-01
3.913603577709999968e+02 2.639857482819999990e-01
3.914733401760000220e+02 2.670746277180000017e-01
3.915863225809999904e+02 2.604774616769999773e-01
3.916993049849999693e+02 2.628733157650000041e-01
3.918122873899999945e+02 2.619438018179999772e-01
3.919252697949999629e+02 2.639283483400000074e-01
3.920382521989999987e+02 2.662329306510000104e-01
3.921512346040000239e+02 2.647871506980000178e-01
3.922642170089999922e+02 2.560146203049999958e-01
3.923771994130000280e+02 2.554206984749999854e-01
3.924901818179999964e+02 2.540591727270000155e-01
3.926031642230000216e+02 2.591376274080000042e-01
3.927161466279999900e+02 2.658620953670000064e-01
3.928291290319999689e+02 2.644884821290000021e-01
3.929421114369999941e+02 2.623834785340000142e-01
3.930550938420000193e+02 2.622433908149999771e-01
3.931680762459999983e+02 2.624613443989999850e-01
3.932810586510000235e+02 2.603193077889999762e-01
3.933940410559999918e+02 2.664401961880000225e-01
3.935070234599999708e+02 2.707031022870000081e-01
3.936200058649999960e+02 2.658258960820000238e-01
3.937329882699999644e+02 2.660143390970000077e-01
3.938459706740000001e+02 2.646378117539999741e-01
3.939589530790000254e+02 2.612639294490000097e-01
3.940719354839999937e+02 2.651663245159999738e-01
3.941849178890000189e+02 2.675777236770000012e-01
3.942979002929999979e+02 2.758277983579999759e-01
3.944108826979999662e+02 2.771942522399999942e-01
3.945238651029999914e+02 2.733844418890000183e-01
3.946368475069999704e+02 2.706615506450000264e-01
3.947498299119999956e+02 2.633893635780000242e-01
3.948628123170000208e+02 2.591586536769999727e-01
3.949757947209999998e+02 2.598851002929999932e-01
3.950887771260000250e+02 2.573824424050000226e-01
3.952017595309999933e+02 2.574685539000000079e-01
3.953147419349999723e+02 2.590658774190000013e-01
3.954277243399999975e+02 2.624225041520000246e-01
3.955407067449999658e+02 2.668415844459999797e-01
3.956536891499999911e+02 2.672183830500000079e-01
3.957666715540000268e+02 2.653408254840000091e-01
3.958796539589999952e+02 2.675737203990000146e-01
3.959926363640000204e+02 2.660004801820000098e-01
3.961056187679999994e+02 2.659538763750000090e-01
3.962186011729999677e+02 2.642505203869999764e-01
3.963315835779999929e+02 2.643107089739999971e-01
3.964445659819999719e+02 2.655163767040000233e-01
3.965575483869999971e+02 2.703292796130000175e-01
3.966705307920000223e+02 2.757213099299999914e-01
3.967835131960000012e+02 2.784544170789999828e-01
3.968964956010000265e+02 2.804167334600000117e-01
3.970094780059999948e+02 2.766109797419999961e-01
3.971224604110000200e+02 2.736611246569999878e-01
3.972354428149999990e+02 2.716323087160000260e-01
3.973484252199999673e+02 2.693218914900000205e-01
3.974614076249999925e+02 2.691454390029999755e-01
3.975743900290000283e+02 2.656953431549999856e-01
3.976873724339999967e+02 2.579681572899999997e-01
3.978003548390000219e+02 2.564019296769999845e-01
3.979133372430000009e+02 2.537199535479999768e-01
3.980263196479999692e+02 2.551144537239999899e-01
3.981393020529999944e+02 2.629717329499999812e-01
3.982522844569999734e+02 2.684829307270000243e-01
3.983652668619999986e+02 2.763761660649999841e-01
3.984782492670000238e+02 2.812933604869999882e-01
3.985912316719999922e+02 2.850765741940000098e-01
3.987042140760000279e+02 2.836723280530000224e-01
3.988171964809999963e+02 2.776632961989999870e-01
3.989301788860000215e+02 2.710995519709999968e-01
3.990431612900000005e+02 2.692876027100000180e-01
3.991561436949999688e+02 2.659461570969999800e-01
3.992691260999999940e+02 2.632342150970000128e-01
3.993821085040000298e+02 2.631159379060000192e-01
3.994950909089999982e+02 2.626371618180000089e-01
3.996080733140000234e+02 2.647184977179999898e-01
3.997210557180000023e+02 2.731883217600000191e-01
3.998340381229999707e+02 2.824288848040000244e-01
3.999470205279999959e+02 2.853123355430000063e-01
4.000600029329999643e+02 2.861014138529999751e-01
4.001729853370000001e+02 2.852175645750000266e-01
4.002859677420000253e+02 2.762831038710000242e-01
4.003989501469999936e+02 2.725115824050000080e-01
4.005119325510000294e+02 2.662982036770000227e-01
4.006249149559999978e+02 2.631981105569999868e-01
4.007378973609999662e+02 2.562367859179999763e-01
4.008508797650000020e+02 2.437038740759999988e-01
4.009638621699999703e+02 2.383311105810000108e-01
4.010768445749999955e+02 1.933177550350000107e-01
4.011898269790000313e+02 1.387522474550000051e-01
4.013028093839999997e+02 8.856632969489999785e-02
4.014157917890000249e+02 3.329962623319999981e-02
4.015287741939999933e+02 3.695810783870000053e-03
4.016417565979999722e+02 8.415639435600000230e-04
4.017547390029999974e+02 4.820554226859999759e-04
4.018677214079999658e+02 3.218034471960000203e-04
4.019807038120000016e+02 2.307758229329999954e-04
4.020936862170000268e+02 1.732327250120000047e-04
4.022066686219999951e+02 1.152224646859999950e-04
4.023196510260000309e+02 7.105083999299999459e-05
4.024326334309999993e+02 3.790093871729999757e-05
4.025456158359999677e+02 1.131278935580000055e-05
4.026585982400000034e+02 2.347891711850000000e-07
4.027715806449999718e+02 1.629425993230000067e-07
4.028845630499999970e+02 9.648063909680000011e-08
4.029975454550000222e+02 4.096261599999999763e-08
4.031105278590000012e+02 2.891228005869999966e-08
4.032235102640000264e+02 1.762816239000000140e-08
4.033364926689999947e+02 6.344044721409999954e-09
4.034494750729999737e+02 0.000000000000000000e+00
4.035624574779999989e+02 0.000000000000000000e+00
4.036754398829999673e+02 0.000000000000000000e+00
4.037884222870000031e+02 0.000000000000000000e+00
4.039014046920000283e+02 0.000000000000000000e+00
4.040143870969999966e+02 0.000000000000000000e+00
4.041273695010000324e+02 0.000000000000000000e+00
4.042403519060000008e+02 0.000000000000000000e+00
4.043533343109999691e+02 0.000000000000000000e+00
4.044663167159999944e+02 0.000000000000000000e+00
4.045792991199999733e+02 0.000000000000000000e+00
4.046922815249999985e+02 0.000000000000000000e+00
4.048052639300000237e+02 0.000000000000000000e+00
4.049182463340000027e+02 0.000000000000000000e+00
4.050312287390000279e+02 0.000000000000000000e+00
4.051442111439999962e+02 0.000000000000000000e+00
4.052571935479999752e+02 0.000000000000000000e+00
4.053701759530000004e+02 0.000000000000000000e+00
4.054831583579999688e+02 0.000000000000000000e+00
4.055961407620000045e+02 0.000000000000000000e+00
4.057091231670000298e+02 0.000000000000000000e+00
4.058221055719999981e+02 0.000000000000000000e+00
4.059350879770000233e+02 0.000000000000000000e+00
4.060480703810000023e+02 0.000000000000000000e+00
4.061610527859999706e+02 0.000000000000000000e+00
4.062740351909999958e+02 0.000000000000000000e+00
4.063870175949999748e+02 0.000000000000000000e+00
4.065000000000000000e+02 0.000000000000000000e+00
