# Wavelength (Nm)      Variance
2.903329999999999700e+02 2.223142600000000135e-01
2.904221173020000037e+02 2.268156513310000122e-01
2.905112346039999807e+02 2.335105636950000063e-01
2.906003519060000144e+02 2.368181399060000081e-01
2.906894692079999913e+02 2.287825988149999878e-01
2.907785865100000251e+02 2.291836941940000039e-01
2.908677038120000020e+02 2.282306125399999885e-01
2.909568211140000358e+02 2.338140123640000123e-01
2.910459384160000127e+02 2.432246701939999867e-01
2.911350557179999896e+02 2.506458826569999965e-01
2.912241730209999560e+02 2.557835231089999883e-01
2.913132903229999897e+02 2.577223300650000049e-01
2.914024076249999666e+02 2.620697068739999969e-01
2.914915249270000004e+02 2.625096534429999795e-01
2.915806422289999773e+02 2.614277876480000096e-01
2.916697595310000111e+02 2.589710421110000271e-01
2.917588768330000448e+02 2.574204413719999862e-01
2.918479941350000217e+02 2.550317221819999869e-01
2.919371114369999987e+02 2.521409238710000111e-01
2.920262287389999756e+02 2.445000792489999963e-01
2.921153460410000093e+02 2.440183292670000115e-01
2.922044633429999863e+02 2.444720211549999966e-01
2.922935806450000200e+02 2.442314260650000068e-01
2.923826979469999969e+02 2.414955277649999954e-01
2.924718152490000307e+02 2.422319486919999876e-01
2.925609325510000076e+02 2.462110407039999893e-01
2.926500498530000414e+02 2.460604958710000123e-01
2.927391671550000183e+02 2.465361169270000041e-01
2.928282844569999952e+02 2.516013420289999747e-01
2.929174017599999615e+02 2.534371774310000269e-01
2.930065190619999953e+02 2.536540628739999970e-01
2.930956363639999722e+02 2.528177618179999753e-01
2.931847536660000060e+02 2.483672758830000049e-01
2.932738709679999829e+02 2.481923277420000074e-01
2.933629882700000167e+02 2.471027518239999887e-01
2.934521055719999936e+02 2.447181279769999884e-01
2.935412228740000273e+02 2.407781526449999931e-01
2.936303401760000042e+02 2.394828600699999976e-01
2.937194574779999812e+02 2.413565753780000100e-01
2.938085747799999581e+02 2.383844689090000024e-01
2.938976920819999918e+02 2.413017169499999948e-01
2.939868093839999688e+02 2.384146573550000037e-01
2.940759266860000025e+02 2.356450923750000037e-01
2.941650439879999794e+02 2.280345705509999876e-01
2.942541612900000132e+02 2.248713223230000002e-01
2.943432785919999901e+02 2.253539501169999903e-01
2.944323958940000239e+02 2.231601250320000007e-01
2.945215131960000008e+02 2.261016555600000033e-01
2.946106304989999671e+02 2.314051062870000064e-01
2.946997478010000009e+02 2.362648046220000020e-01
2.947888651029999778e+02 2.328851983580000062e-01
2.948779824050000116e+02 2.333112075129999963e-01
2.949670997069999885e+02 2.357713122110000059e-01
2.950562170090000222e+02 2.383293281639999872e-01
2.951453343109999992e+02 2.390249436009999895e-01
2.952344516130000329e+02 2.321149435479999967e-01
2.953235689150000098e+02 2.387047150259999917e-01
2.954126862169999868e+02 2.425422972079999961e-01
2.955018035189999637e+02 2.475884572900000080e-01
2.955909208209999974e+02 2.504417764279999736e-01
2.956800381229999743e+02 2.523569212319999866e-01
2.957691554250000081e+02 2.549262931790000075e-01
2.958582727269999850e+02 2.482337094550000067e-01
2.959473900290000188e+02 2.385506720289999882e-01
2.960365073309999957e+02 2.349686758120000107e-01
2.961256246330000295e+02 2.345284769210000120e-01
2.962147419350000064e+02 2.310250993550000131e-01
2.963038592379999727e+02 2.337294982579999902e-01
2.963929765400000065e+02 2.367378872489999952e-01
2.964820938419999834e+02 2.386303751140000096e-01
2.965712111440000172e+02 2.378225778889999920e-01
2.966603284459999941e+02 2.366070531139999877e-01
2.967494457480000278e+02 2.371739947800000081e-01
2.968385630500000048e+02 2.366692759819999936e-01
2.969276803520000385e+02 2.377019832379999864e-01
2.970167976540000154e+02 2.374113783869999939e-01
2.971059149559999923e+02 2.369104820290000024e-01
2.971950322579999693e+02 2.392978621940000106e-01
2.972841495600000030e+02 2.390407754489999870e-01
2.973732668619999799e+02 2.362012770030000042e-01
2.974623841640000137e+02 2.328286209379999971e-01
2.975515014659999906e+02 2.328108611549999929e-01
2.976406187680000244e+02 2.287325605980000121e-01
2.977297360700000013e+02 2.239336298359999866e-01
2.978188533720000351e+02 2.242859481639999930e-01
2.979079706740000120e+02 2.246323888560000093e-01
2.979970879769999783e+02 2.267569217360000111e-01
2.980862052789999552e+02 2.294482053309999936e-01
2.981753225809999890e+02 2.370526592259999954e-01
2.982644398829999659e+02 2.377001944400000122e-01
2.983535571849999997e+02 2.344049007619999903e-01
2.984426744870000334e+02 2.355523048389999985e-01
2.985317917890000103e+02 2.339112611730000124e-01
2.986209090910000441e+02 2.319134432730000084e-01
2.987100263930000210e+02 2.319756817710000030e-01
2.987991436949999979e+02 2.362515427269999968e-01
2.988882609969999749e+02 2.386262945450000061e-01
2.989773782990000086e+02 2.406833700819999977e-01
2.990664956009999855e+02 2.419706033550000079e-01
2.991556129030000193e+02 2.407703350969999934e-01
2.992447302049999962e+02 2.398390739590000043e-01
2.993338475070000300e+02 2.391481864339999874e-01
2.994229648090000069e+02 2.368807814899999975e-01
2.995120821110000406e+02 2.319159934080000096e-01
2.996011994130000176e+02 2.285226507679999908e-01
2.996903167159999839e+02 2.305576174189999938e-01
2.997794340179999608e+02 2.292638410320000097e-01
2.998685513199999946e+02 2.271350061290000055e-01
2.999576686219999715e+02 2.291173967980000004e-01
3.000467859240000053e+02 2.375340676250000116e-01
3.001359032259999822e+02 2.358664279999999891e-01
3.002250205280000159e+02 2.365144191790000128e-01
3.003141378299999928e+02 2.415838915780000040e-01
3.004032551320000266e+02 2.406342453960000072e-01
3.004923724340000035e+02 2.372472847740000057e-01
3.005814897359999804e+02 2.342573704400000012e-01
3.006706070379999574e+02 2.377037090319999990e-01
3.007597243399999911e+02 2.324435627210000022e-01
3.008488416419999680e+02 2.345889223169999871e-01
3.009379589440000018e+02 2.386856651500000037e-01
3.010270762459999787e+02 2.361819157180000128e-01
3.011161935480000125e+02 2.384879629680000113e-01
3.012053108499999894e+02 2.411730237130000065e-01
3.012944281520000231e+02 2.444253520820000025e-01
3.013835454549999895e+02 2.379995429089999948e-01
3.014726627569999664e+02 2.385221618770000107e-01
3.015617800590000002e+02 2.390586221169999914e-01
3.016508973609999771e+02 2.341309188619999926e-01
3.017400146630000108e+02 2.301336149850000123e-01
3.018291319649999878e+02 2.245117263929999885e-01
3.019182492670000215e+02 2.150925777599999866e-01
3.020073665689999984e+02 2.079051107569999945e-01
3.020964838710000322e+02 2.109501756770000014e-01
3.021856011730000091e+02 2.144429839879999911e-01
3.022747184749999860e+02 2.157795686569999871e-01
3.023638357769999629e+02 2.229535623230000096e-01
3.024529530789999967e+02 2.327587839530000091e-01
3.025420703809999736e+02 2.341895739940000054e-01
3.026311876830000074e+02 2.318057977419999971e-01
3.027203049849999843e+02 2.305415945919999932e-01
3.028094222870000181e+02 2.315145658299999909e-01
3.028985395889999950e+02 2.297977171610000036e-01
3.029876568910000287e+02 2.217621244340000075e-01
3.030767741939999951e+02 2.207316929029999875e-01
3.031658914959999720e+02 2.190655670149999901e-01
3.032550087980000058e+02 2.200308582640000121e-01
3.033441260999999827e+02 2.147286988329999979e-01
3.034332434020000164e+02 2.120300593549999946e-01
3.035223607039999933e+02 2.228884105870000132e-01
3.036114780060000271e+02 2.227823684109999924e-01
3.037005953080000040e+02 2.184335457129999991e-01
3.037897126100000378e+02 2.198656884219999941e-01
3.038788299120000147e+02 2.267283313900000097e-01
3.039679472139999916e+02 2.290685294429999908e-01
3.040570645159999685e+02 2.272376712899999984e-01
3.041461818180000023e+02 2.267161163639999921e-01
3.042352991199999792e+02 2.273518913429999899e-01
3.043244164220000130e+02 2.260845321989999879e-01
3.044135337239999899e+02 2.227269454839999885e-01
3.045026510260000236e+02 2.215969096769999924e-01
3.045917683280000006e+02 2.203485986860000134e-01
3.046808856300000343e+02 2.310426041520000084e-01
3.047700029330000007e+02 2.334096470969999892e-01
3.048591202349999776e+02 2.334768292670000023e-01
3.049482375370000113e+02 2.335750822350000089e-01
3.050373548389999883e+02 2.361512658059999881e-01
3.051264721410000220e+02 2.320111221230000131e-01
3.052155894429999989e+02 2.235002362459999892e-01
3.053047067450000327e+02 2.205662621989999961e-01
3.053938240470000096e+02 2.221743777949999887e-01
3.054829413490000434e+02 2.258407684160000095e-01
3.055720586510000203e+02 2.261326079060000105e-01
3.056611759529999972e+02 2.298447424049999965e-01
3.057502932549999741e+02 2.305674863930000096e-01
3.058394105570000079e+02 2.333371577239999883e-01
3.059285278589999848e+02 2.261595919880000083e-01
3.060176451610000186e+02 2.235822697419999894e-01
3.061067624629999955e+02 2.203640219709999959e-01
3.061958797650000292e+02 2.200211321109999951e-01
3.062849970670000062e+02 2.205425216659999965e-01
3.063741143700000293e+02 2.239491049679999957e-01
3.064632316720000063e+02 2.273217418890000063e-01
3.065523489739999832e+02 2.240053725810000063e-01
3.066414662759999601e+02 2.237593478010000136e-01
3.067305835779999938e+02 2.237701259179999957e-01
3.068197008799999708e+02 2.240164584750000132e-01
3.069088181820000045e+02 2.234165050910000005e-01
3.069979354839999814e+02 2.245128326449999934e-01
3.070870527860000152e+02 2.216751180650000097e-01
3.071761700879999921e+02 2.250365945449999960e-01
3.072652873900000259e+02 2.202728312020000023e-01
3.073544046920000028e+02 2.169302771499999893e-01
3.074435219939999797e+02 2.123483740000000064e-01
3.075326392959999566e+02 2.144899817600000036e-01
3.076217565979999904e+02 2.158689422700000027e-01
3.077108738999999673e+02 2.090992073079999958e-01
3.077999912020000011e+02 2.112603686220000110e-01
3.078891085039999780e+02 2.156371567739999995e-01
3.079782258060000117e+02 2.207150783869999966e-01
3.080673431090000349e+02 2.258223335129999898e-01
3.081564604110000118e+02 2.302220396130000013e-01
3.082455777129999888e+02 2.380326231550000116e-01
3.083346950149999657e+02 2.383080808970000075e-01
3.084238123169999994e+02 2.367926184749999940e-01
3.085129296189999764e+02 2.317714809789999941e-01
3.086020469210000101e+02 2.242330859120000019e-01
3.086911642229999870e+02 2.164066332379999957e-01
3.087802815250000208e+02 2.160299351090000097e-01
3.088693988269999977e+02 2.173188438120000066e-01
3.089585161290000315e+02 2.228506560000000081e-01
3.090476334310000084e+02 2.264681157360000086e-01
3.091367507329999853e+02 2.331544143810000136e-01
3.092258680349999622e+02 2.396957751730000030e-01
3.093149853369999960e+02 2.411977030499999897e-01
3.094041026389999729e+02 2.393646490909999980e-01
3.094932199410000067e+02 2.411160055129999980e-01
3.095823372429999836e+02 2.458902767389999910e-01
3.096714545450000173e+02 2.458322229090000033e-01
3.097605718480000405e+02 2.416446779180000115e-01
3.098496891500000174e+02 2.393946685749999970e-01
3.099388064519999944e+02 2.383678425809999946e-01
3.100279237539999713e+02 2.383874524219999902e-01
3.101170410560000050e+02 2.364034634430000059e-01
3.102061583579999819e+02 2.368061746039999971e-01
3.102952756600000157e+02 2.307904543110000095e-01
3.103843929619999926e+02 2.315960991669999969e-01
3.104735102640000264e+02 2.280911942989999885e-01
3.105626275660000033e+02 2.221430517300000129e-01
3.106517448680000371e+02 2.224757429329999869e-01
3.107408621700000140e+02 2.234162589329999893e-01
3.108299794719999909e+02 2.273594691849999960e-01
3.109190967739999678e+02 2.276271806450000101e-01
3.110082140760000016e+02 2.291791994369999919e-01
3.110973313779999785e+02 2.321858799410000118e-01
3.111864486800000122e+02 2.344926801520000048e-01
3.112755659819999892e+02 2.320613157770000101e-01
3.113646832840000229e+02 2.318581753720000138e-01
3.114538005869999893e+02 2.317961004340000075e-01
3.115429178890000230e+02 2.299691143700000051e-01
3.116320351909999999e+02 2.288900437770000074e-01
3.117211524929999769e+02 2.312237622349999910e-01
3.118102697950000106e+02 2.352421508739999945e-01
3.118993870969999875e+02 2.354065612260000107e-01
3.119885043990000213e+02 2.369289290909999957e-01
3.120776217009999982e+02 2.388211971729999883e-01
3.121667390030000320e+02 2.392752055950000123e-01
3.122558563050000089e+02 2.396025156540000089e-01
3.123449736070000426e+02 2.338716946980000100e-01
3.124340909090000196e+02 2.312781136360000100e-01
3.125232082109999965e+02 2.332883932790000003e-01
3.126123255129999734e+02 2.322094941110000033e-01
3.127014428150000072e+02 2.299424337950000119e-01
3.127905601169999841e+02 2.334086197420000008e-01
3.128796774190000178e+02 2.374526096769999928e-01
3.129687947209999948e+02 2.408232299180000091e-01
3.130579120230000285e+02 2.446164450789999889e-01
3.131470293259999949e+02 2.454602233020000135e-01
3.132361466280000286e+02 2.491747914959999977e-01
3.133252639300000055e+02 2.487505500290000116e-01
3.134143812319999824e+02 2.472628959060000076e-01
3.135034985339999594e+02 2.417088296600000130e-01
3.135926158359999931e+02 2.349704577829999919e-01
3.136817331379999700e+02 2.339322743339999899e-01
3.137708504400000038e+02 2.325681597650000043e-01
3.138599677419999807e+02 2.363367261290000021e-01
3.139490850440000145e+02 2.385155112379999942e-01
3.140382023459999914e+02 2.392773402520000092e-01
3.141273196480000252e+02 2.447756817239999938e-01
3.142164369500000021e+02 2.473019297949999862e-01
3.143055542519999790e+02 2.429513993079999989e-01
3.143946715539999559e+02 2.404267538119999881e-01
3.144837888559999897e+02 2.408512629329999932e-01
3.145729061579999666e+02 2.441650056190000084e-01
3.146620234600000003e+02 2.375841367160000106e-01
3.147511407620000341e+02 2.345210759770000042e-01
3.148402580650000004e+02 2.383088916130000068e-01
3.149293753670000342e+02 2.389742806859999902e-01
3.150184926690000111e+02 2.320008727160000062e-01
3.151076099709999880e+02 2.312239443989999865e-01
3.151967272729999650e+02 2.351207396359999979e-01
3.152858445749999987e+02 2.324514079470000050e-01
3.153749618769999756e+02 2.294098599530000060e-01
3.154640791790000094e+02 2.329648063339999908e-01
3.155531964809999863e+02 2.415260312020000022e-01
3.156423137830000201e+02 2.403995304110000120e-01
3.157314310849999970e+02 2.371117624990000117e-01
3.158205483870000307e+02 2.351196792259999946e-01
3.159096656890000077e+02 2.337264592959999998e-01
3.159987829909999846e+02 2.297811373020000048e-01
3.160879002929999615e+02 2.264401610210000082e-01
3.161770175949999953e+02 2.259886877239999925e-01
3.162661348969999722e+02 2.366798223340000062e-01
3.163552521990000059e+02 2.405719397130000048e-01
3.164443695009999828e+02 2.430537306159999966e-01
3.165334868040000060e+02 2.444292000470000004e-01
3.166226041060000398e+02 2.467621484570000079e-01
3.167117214080000167e+02 2.402881411320000049e-01
3.168008387099999936e+02 2.343158172900000058e-01
3.168899560119999705e+02 2.297758599710000016e-01
3.169790733140000043e+02 2.267245646100000123e-01
3.170681906159999812e+02 2.207710067739999948e-01
3.171573079180000150e+02 2.192412924809999941e-01
3.172464252199999919e+02 2.220256661230000095e-01
3.173355425220000257e+02 2.257290434600000006e-01
3.174246598240000026e+02 2.292274962639999913e-01
3.175137771260000363e+02 2.285166610209999893e-01
3.176028944280000132e+02 2.336982126100000112e-01
3.176920117299999902e+02 2.325463168330000052e-01
3.177811290319999671e+02 2.327034187099999984e-01
3.178702463340000008e+02 2.260147748859999972e-01
3.179593636359999778e+02 2.266067687270000020e-01
3.180484809380000115e+02 2.182046392379999866e-01
3.181375982399999884e+02 2.055316558889999923e-01
3.182267155430000116e+02 2.000264113200000138e-01
3.183158328450000454e+02 1.960886618650000135e-01
3.184049501470000223e+02 1.914726277300000112e-01
3.184940674489999992e+02 1.861297216420000067e-01
3.185831847509999761e+02 1.918588632259999871e-01
3.186723020530000099e+02 2.032689193839999908e-01
3.187614193549999868e+02 2.038123150970000130e-01
3.188505366570000206e+02 1.969101632019999992e-01
3.189396539589999975e+02 1.947453799770000049e-01
3.190287712610000312e+02 1.917299325509999874e-01
3.191178885630000082e+02 1.892429785339999893e-01
3.192070058650000419e+02 1.817860874720000075e-01
3.192961231670000188e+02 1.845492252320000137e-01
3.193852404689999958e+02 1.882122608269999886e-01
3.194743577709999727e+02 1.921691204930000008e-01
3.195634750730000064e+02 1.954025809090000065e-01
3.196525923749999833e+02 1.953314449740000125e-01
3.197417096770000171e+02 1.923515211609999886e-01
3.198308269789999940e+02 1.893955895130000067e-01
3.199199442820000172e+02 1.898338474719999946e-01
3.200090615839999941e+02 1.919914000000000065e-01
3.200981788860000279e+02 1.902079689850000033e-01
3.201872961880000048e+02 1.932440410440000034e-01
3.202764134899999817e+02 2.028181186920000045e-01
3.203655307919999586e+02 2.073859657129999978e-01
3.204546480939999924e+02 2.085662051319999988e-01
3.205437653959999693e+02 2.085203093369999983e-01
3.206328826980000031e+02 2.063544923400000008e-01
3.207219999999999800e+02 2.035148559999999940e-01
3.208111173020000138e+02 2.013130677180000050e-01
3.209002346039999907e+02 2.030271083869999993e-01
3.209893519060000244e+02 2.057964775949999992e-01
3.210784692080000013e+02 2.044945356829999950e-01
3.211675865099999783e+02 2.082222653839999882e-01
3.212567038119999552e+02 2.098796914720000018e-01
3.213458211139999889e+02 2.068996833719999873e-01
3.214349384160000227e+02 2.013925061700000130e-01
3.215240557179999996e+02 1.961141029679999981e-01
3.216131730210000228e+02 1.969564089620000069e-01
3.217022903229999997e+02 2.026318167739999954e-01
3.217914076250000335e+02 2.002114519060000097e-01
3.218805249270000104e+02 1.956132138420000055e-01
3.219696422289999873e+02 1.975323842820000120e-01
3.220587595309999642e+02 2.027324007509999915e-01
3.221478768329999980e+02 2.011428865100000074e-01
3.222369941349999749e+02 1.979774609680000075e-01
3.223261114370000087e+02 2.040254413020000102e-01
3.224152287389999856e+02 2.114324159819999938e-01
3.225043460410000193e+02 2.100544954249999874e-01
3.225934633429999963e+02 2.099862452959999903e-01
3.226825806450000300e+02 2.123173774190000029e-01
3.227716979470000069e+02 2.132611950259999944e-01
3.228608152489999839e+02 2.114047094550000061e-01
3.229499325509999608e+02 2.153485604869999903e-01
3.230390498529999945e+02 2.170862703460000043e-01
3.231281671549999714e+02 2.151143492960000125e-01
3.232172844570000052e+02 2.077262355779999903e-01
3.233064017600000284e+02 2.066691377179999956e-01
3.233955190620000053e+02 2.065164487620000100e-01
3.234846363640000391e+02 2.028886789090000031e-01
3.235737536660000160e+02 1.987404221699999862e-01
3.236628709679999929e+02 1.979419205159999862e-01
3.237519882699999698e+02 2.027524246100000094e-01
3.238411055720000036e+02 1.978973093960000040e-01
3.239302228739999805e+02 1.957505648089999939e-01
3.240193401760000143e+02 1.934501576540000045e-01
3.241084574779999912e+02 1.942316928089999895e-01
3.241975747800000249e+02 1.889069717480000021e-01
3.242866920820000018e+02 1.844727004570000106e-01
3.243758093840000356e+02 1.877325881109999928e-01
3.244649266860000125e+02 1.940823673900000101e-01
3.245540439879999894e+02 2.008842992429999974e-01
3.246431612899999664e+02 2.057846802580000078e-01
3.247322785920000001e+02 2.097471194960000007e-01
3.248213958939999770e+02 2.130131764930000005e-01
3.249105131960000108e+02 2.110225139299999886e-01
3.249996304990000340e+02 2.090893876599999868e-01
3.250887478010000109e+02 2.018109641880000138e-01
3.251778651030000447e+02 1.992685628270000064e-01
3.252669824050000216e+02 2.024719626740000000e-01
3.253560997069999985e+02 2.022958464519999944e-01
3.254452170089999754e+02 1.952021302349999932e-01
3.255343343110000092e+02 1.917399113669999988e-01
3.256234516129999861e+02 1.929081883229999961e-01
3.257125689150000198e+02 1.934230490559999960e-01
3.258016862169999968e+02 1.925537139590000058e-01
3.258908035190000305e+02 1.904538174189999988e-01
3.259799208210000074e+02 1.956714986510000032e-01
3.260690381230000412e+02 1.960704166570000073e-01
3.261581554250000181e+02 1.919998804570000051e-01
3.262472727269999950e+02 1.889642236359999894e-01
3.263363900289999719e+02 1.941766715480000016e-01
3.264255073310000057e+02 1.942663750730000138e-01
3.265146246329999826e+02 1.966776657650000093e-01
3.266037419350000164e+02 1.994798896770000052e-01
3.266928592379999827e+02 2.051224475950000070e-01
3.267819765400000165e+02 2.052837177949999869e-01
3.268710938419999934e+02 2.011931211259999908e-01
3.269602111440000272e+02 1.970988601879999913e-01
3.270493284460000041e+02 1.997312819879999979e-01
3.271384457479999810e+02 1.989112668040000087e-01
3.272275630499999579e+02 2.008686574080000009e-01
3.273166803519999917e+02 2.061249534780000003e-01
3.274057976539999686e+02 2.143031997239999986e-01
3.274949149560000023e+02 2.146592093609999974e-01
3.275840322579999793e+02 2.113592577420000118e-01
3.276731495600000130e+02 2.115992953549999944e-01
3.277622668619999899e+02 2.076505142929999936e-01
3.278513841640000237e+02 2.006356981469999967e-01
3.279405014660000006e+02 1.954266562520000083e-01
3.280296187679999775e+02 1.967591739590000000e-01
3.281187360700000113e+02 2.007873683929999875e-01
3.282078533719999882e+02 1.974342194840000009e-01
3.282969706740000220e+02 1.970987073490000074e-01
3.283860879769999883e+02 1.992564680589999915e-01
3.284752052790000221e+02 1.999496391789999938e-01
3.285643225809999990e+02 1.917943343229999986e-01
3.286534398830000328e+02 1.906320057539999946e-01
3.287425571850000097e+02 1.914940933369999876e-01
3.288316744869999866e+02 1.959327771959999964e-01
3.289207917889999635e+02 1.923277994129999890e-01
3.290099090909999973e+02 1.983977970909999999e-01
3.290990263929999742e+02 2.038367118009999923e-01
3.291881436950000079e+02 2.042962450090000104e-01
3.292772609969999849e+02 2.092323086690000000e-01
3.293663782990000186e+02 2.125480206739999989e-01
3.294554956009999955e+02 2.153761674369999990e-01
3.295446129030000293e+02 2.090853941939999905e-01
3.296337302050000062e+02 2.063635967040000074e-01
3.297228475069999831e+02 2.063556432839999955e-01
3.298119648089999600e+02 2.006631532550000041e-01
3.299010821109999938e+02 2.000837641990000082e-01
3.299901994129999707e+02 1.986227112139999917e-01
3.300793167159999939e+02 1.977113845279999949e-01
3.301684340180000277e+02 1.988345500410000077e-01
3.302575513200000046e+02 1.942421931670000046e-01
3.303466686220000383e+02 1.879688832729999870e-01
3.304357859240000153e+02 1.847124716359999919e-01
3.305249032259999922e+02 1.862717252899999953e-01
3.306140205279999691e+02 1.924997207099999885e-01
3.307031378300000029e+02 1.915936251029999871e-01
3.307922551319999798e+02 2.008001952019999869e-01
3.308813724340000135e+02 2.065339933489999946e-01
3.309704897359999904e+02 2.135577476249999884e-01
3.310596070380000242e+02 2.111541109560000073e-01
3.311487243400000011e+02 2.096916700589999960e-01
3.312378416420000349e+02 2.122065320700000091e-01
3.313269589440000118e+02 2.089040256720000044e-01
3.314160762459999887e+02 2.118174786389999953e-01
3.315051935479999656e+02 2.078823672260000088e-01
3.315943108499999994e+02 2.053083034019999864e-01
3.316834281519999763e+02 2.034206447330000056e-01
3.317725454549999995e+02 1.998433683639999903e-01
3.318616627570000333e+02 2.038125692609999984e-01
3.319507800590000102e+02 2.051798674839999947e-01
3.320398973610000439e+02 2.117413708499999991e-01
3.321290146630000208e+02 2.143617861469999941e-01
3.322181319649999978e+02 2.205872744219999904e-01
3.323072492669999747e+02 2.185934907679999983e-01
3.323963665690000084e+02 2.131469136190000113e-01
3.324854838709999854e+02 2.096849174189999998e-01
3.325746011730000191e+02 2.075655593550000122e-01
3.326637184749999960e+02 2.022178230849999980e-01
3.327528357770000298e+02 2.028894230670000021e-01
3.328419530790000067e+02 2.068499926569999925e-01
3.329310703810000405e+02 2.098671026099999948e-01
3.330201876830000174e+02 2.140154495840000115e-01
3.331093049849999943e+02 2.189629173429999964e-01
3.331984222869999712e+02 2.193520279879999924e-01
3.332875395890000050e+02 2.152250872550000027e-01
3.333766568909999819e+02 2.158897156600000089e-01
3.334657741940000051e+02 2.134379081939999923e-01
3.335548914959999820e+02 2.065251410210000027e-01
3.336440087980000158e+02 2.000425942930000034e-01
3.337331260999999927e+02 2.006989687859999927e-01
3.338222434020000264e+02 1.966072556010000083e-01
3.339113607040000034e+02 1.916621069789999909e-01
3.340004780059999803e+02 1.949274255540000000e-01
3.340895953079999572e+02 1.980908993780000071e-01
3.341787126099999909e+02 2.000025365339999917e-01
3.342678299119999679e+02 2.031350996480000004e-01
3.343569472140000016e+02 2.080966501060000085e-01
3.344460645159999785e+02 2.117706978059999967e-01
3.345351818180000123e+02 2.138152672729999870e-01
3.346242991199999892e+02 2.178044717070000136e-01
3.347134164220000230e+02 2.213780273020000133e-01
3.348025337239999999e+02 2.223575572790000010e-01
3.348916510259999768e+02 2.249139281579999872e-01
3.349807683280000106e+02 2.212662624629999908e-01
3.350698856299999875e+02 2.131437315249999909e-01
3.351590029330000107e+02 2.051445339000000090e-01
3.352481202349999876e+02 2.011936839179999936e-01
3.353372375370000213e+02 1.989828757300000084e-01
3.354263548389999983e+02 1.966319780000000128e-01
3.355154721410000320e+02 2.016158551089999862e-01
3.356045894430000089e+02 2.093270426390000105e-01
3.356937067449999859e+02 2.132509848559999976e-01
3.357828240469999628e+02 2.125034196770000106e-01
3.358719413489999965e+02 2.144483247979999951e-01
3.359610586509999735e+02 2.161694985810000136e-01
3.360501759530000072e+02 2.160819511440000007e-01
3.361392932549999841e+02 2.149220907330000041e-01
3.362284105570000179e+02 2.119362417479999927e-01
3.363175278589999948e+02 2.109189578940000032e-01
3.364066451610000286e+02 2.084650659349999990e-01
3.364957624630000055e+02 2.010510202640000132e-01
3.365848797649999824e+02 2.005781301579999953e-01
3.366739970669999593e+02 2.034337443049999972e-01
3.367631143699999825e+02 2.081428866629999874e-01
3.368522316720000163e+02 2.094273462460000124e-01
3.369413489739999932e+02 2.122811136069999993e-01
3.370304662760000269e+02 2.106817042109999927e-01
3.371195835780000039e+02 2.130891788740000015e-01
3.372087008800000376e+02 2.074762515249999884e-01
3.372978181820000145e+02 2.067776607269999900e-01
3.373869354839999914e+02 2.066884470969999887e-01
3.374760527859999684e+02 2.052574573840000027e-01
3.375651700880000021e+02 1.988232173720000107e-01
3.376542873899999790e+02 1.953800498419999976e-01
3.377434046920000128e+02 1.995531835780000041e-01
3.378325219939999897e+02 1.933627558359999887e-01
3.379216392960000235e+02 1.963201182990000071e-01
3.380107565980000004e+02 2.031914363170000126e-01
3.380998739000000342e+02 2.042756277180000080e-01
3.381889912020000111e+02 2.089542020060000116e-01
3.382781085039999880e+02 2.157510454250000098e-01
3.383672258059999649e+02 2.249834139349999873e-01
3.384563431089999881e+02 2.271168092139999872e-01
3.385454604110000218e+02 2.307995427679999934e-01
3.386345777129999988e+02 2.306246735659999991e-01
3.387236950150000325e+02 2.331522890909999979e-01
3.388128123170000094e+02 2.311976463809999882e-01
3.389019296190000432e+02 2.237917505339999946e-01
3.389910469210000201e+02 2.217455969969999996e-01
3.390801642229999970e+02 2.241443011729999935e-01
3.391692815249999740e+02 2.218638450150000052e-01
3.392583988270000077e+02 2.123568464399999967e-01
3.393475161289999846e+02 2.134011820650000002e-01
3.394366334310000184e+02 2.147791880469999970e-01
3.395257507329999953e+02 2.178548220529999968e-01
3.396148680350000291e+02 2.163437986510000077e-01
3.397039853370000060e+02 2.202910472379999984e-01
3.397931026390000397e+02 2.236443547570000079e-01
3.398822199410000167e+02 2.254312697360000006e-01
3.399713372429999936e+02 2.247639770210000110e-01
3.400604545449999705e+02 2.228003190910000098e-01
3.401495718479999937e+02 2.262502550259999912e-01
3.402386891499999706e+02 2.231646835009999941e-01
3.403278064520000044e+02 2.221981356130000029e-01
3.404169237539999813e+02 2.178370176480000087e-01
3.405060410560000150e+02 2.159344930210000124e-01
3.405951583579999919e+02 2.117096671139999942e-01
3.406842756600000257e+02 2.117245946040000049e-01
3.407733929620000026e+02 2.145451538360000077e-01
3.408625102639999795e+02 2.162315699819999937e-01
3.409516275659999565e+02 2.160798119350000046e-01
3.410407448679999902e+02 2.182752109330000079e-01
3.411298621699999671e+02 2.145644958300000071e-01
3.412189794720000009e+02 2.157382345689999870e-01
3.413080967739999778e+02 2.123556365160000070e-01
3.413972140760000116e+02 2.133179732549999874e-01
3.414863313780000453e+02 2.160856762109999996e-01
3.415754486800000223e+02 2.131127012200000059e-01
3.416645659819999992e+02 2.074819542989999877e-01
3.417536832839999761e+02 2.068954126570000107e-01
3.418428005869999993e+02 2.051868070669999877e-01
3.419319178889999762e+02 2.005683543700000071e-01
3.420210351910000099e+02 2.028722499060000017e-01
3.421101524929999869e+02 2.140062420759999973e-01
3.421992697950000206e+02 2.215670204280000000e-01
3.422883870969999975e+02 2.197144916129999959e-01
3.423775043990000313e+02 2.217049108860000006e-01
3.424666217010000082e+02 2.252776084689999958e-01
3.425557390029999851e+02 2.196319781880000099e-01
3.426448563049999620e+02 2.137455135130000017e-01
3.427339736069999958e+02 2.128221211140000069e-01
3.428230909089999727e+02 2.172286240000000090e-01
3.429122082110000065e+02 2.135478891850000061e-01
3.430013255129999834e+02 2.147535274840000064e-01
3.430904428150000172e+02 2.159775402699999902e-01
3.431795601169999941e+02 2.180025160119999916e-01
3.432686774190000278e+02 2.123265184520000126e-01
3.433577947210000048e+02 2.147275264750000134e-01
3.434469120229999817e+02 2.172430851440000088e-01
3.435360293260000049e+02 2.127881576419999865e-01
3.436251466279999818e+02 2.160863434309999997e-01
3.437142639300000155e+02 2.196964740060000087e-01
3.438033812319999925e+02 2.255633070439999888e-01
3.438924985340000262e+02 2.228177654309999867e-01
3.439816158360000031e+02 2.298621189439999934e-01
3.440707331380000369e+02 2.322551573019999982e-01
3.441598504400000138e+02 2.294600548909999926e-01
3.442489677419999907e+02 2.221087676129999966e-01
3.443380850439999676e+02 2.252433433140000052e-01
3.444272023460000014e+02 2.263150887389999977e-01
3.445163196479999783e+02 2.272070421990000089e-01
3.446054369500000121e+02 2.284460300760000062e-01
3.446945542519999890e+02 2.274351927390000083e-01
3.447836715540000228e+02 2.282373330670000033e-01
3.448727888559999997e+02 2.221751742580000133e-01
3.449619061580000334e+02 2.201345295009999870e-01
3.450510234600000103e+02 2.139487081349999986e-01
3.451401407619999873e+02 2.162297811610000009e-01
3.452292580650000104e+02 2.206958694189999903e-01
3.453183753669999874e+02 2.266408613960000096e-01
3.454074926690000211e+02 2.266116952789999917e-01
3.454966099709999980e+02 2.303895602580000035e-01
3.455857272730000318e+02 2.364040483640000023e-01
3.456748445750000087e+02 2.367918070499999972e-01
3.457639618770000425e+02 2.444680593019999959e-01
3.458530791790000194e+02 2.460823163639999922e-01
3.459421964809999963e+02 2.465777293670000092e-01
3.460313137829999732e+02 2.438871630149999914e-01
3.461204310850000070e+02 2.382644440230000105e-01
3.462095483869999839e+02 2.306849548390000060e-01
3.462986656890000177e+02 2.216714018179999912e-01
3.463877829909999946e+02 2.206541987569999863e-01
3.464769002930000283e+02 2.182181652490000068e-01
3.465660175950000053e+02 2.121213412430000000e-01
3.466551348970000390e+02 2.152442833609999884e-01
3.467442521990000159e+02 2.188373705570000050e-01
3.468333695009999929e+02 2.169913279179999932e-01
3.469224868039999592e+02 2.164696219120000042e-01
3.470116041059999930e+02 2.179736908150000096e-01
3.471007214079999699e+02 2.199955471089999892e-01
3.471898387100000036e+02 2.150574732259999955e-01
3.472789560119999805e+02 2.125441090909999942e-01
3.473680733140000143e+02 2.143898659590000033e-01
3.474571906159999912e+02 2.201814647389999935e-01
3.475463079180000250e+02 2.250334354550000138e-01
3.476354252200000019e+02 2.257658140179999995e-01
3.477245425219999788e+02 2.311353187919999996e-01
3.478136598239999557e+02 2.277271858890000111e-01
3.479027771259999895e+02 2.199668141760000029e-01
3.479918944279999664e+02 2.184728179000000048e-01
3.480810117300000002e+02 2.162253080650000103e-01
3.481701290320000339e+02 2.206479092899999994e-01
3.482592463340000108e+02 2.182247312960000074e-01
3.483483636360000446e+02 2.174970785449999999e-01
3.484374809380000215e+02 2.214905437949999945e-01
3.485265982399999984e+02 2.182166405279999943e-01
3.486157155429999648e+02 2.158981614659999937e-01
3.487048328449999985e+02 2.100400726799999951e-01
3.487939501469999755e+02 2.086305587979999931e-01
3.488830674490000092e+02 2.136799204810000130e-01
3.489721847509999861e+02 2.141336496189999994e-01
3.490613020530000199e+02 2.162314691140000134e-01
3.491504193549999968e+02 2.189319495479999933e-01
3.492395366570000306e+02 2.232138485400000094e-01
3.493286539590000075e+02 2.238129991729999879e-01
3.494177712609999844e+02 2.217590889150000133e-01
3.495068885629999613e+02 2.177259812200000033e-01
3.495960058649999951e+02 2.167553660880000010e-01
3.496851231669999720e+02 2.171511815780000076e-01
3.497742404690000058e+02 2.245111759060000045e-01
3.498633577709999827e+02 2.246534894720000064e-01
3.499524750730000164e+02 2.242064487619999935e-01
3.500415923749999934e+02 2.227322263110000089e-01
3.501307096770000271e+02 2.185362658059999963e-01
3.502198269790000040e+02 2.128346940349999938e-01
3.503089442819999704e+02 2.096497221699999969e-01
3.503980615840000041e+02 2.174681373840000043e-01
3.504871788859999810e+02 2.200148101230000042e-01
3.505762961880000148e+02 2.234446083230000046e-01
3.506654134899999917e+02 2.306037720820000025e-01
3.507545307920000255e+02 2.272473648680000125e-01
3.508436480940000024e+02 2.153254486800000034e-01
3.509327653960000362e+02 2.168885563700000130e-01
3.510218826980000131e+02 2.178028146980000024e-01
3.511109999999999900e+02 2.182341939999999925e-01
3.512001173019999669e+02 2.146512202929999891e-01
3.512892346040000007e+02 2.224849767269999889e-01
3.513783519059999776e+02 2.266106833200000059e-01
3.514674692080000113e+02 2.227393780589999872e-01
3.515565865099999883e+02 2.254475320000000060e-01
3.516457038120000220e+02 2.270566045749999873e-01
3.517348211139999989e+02 2.337503934659999894e-01
3.518239384160000327e+02 2.332682585039999867e-01
3.519130557180000096e+02 2.353016539589999900e-01
3.520021730209999760e+02 2.364758365980000054e-01
3.520912903230000097e+02 2.344732909679999866e-01
3.521804076249999866e+02 2.308434215190000027e-01
3.522695249270000204e+02 2.254897188739999891e-01
3.523586422289999973e+02 2.238996945979999931e-01
3.524477595310000311e+02 2.266479529850000119e-01
3.525368768330000080e+02 2.258935520229999883e-01
3.526259941350000418e+02 2.213592852319999915e-01
3.527151114370000187e+02 2.240355311140000139e-01
3.528042287389999956e+02 2.251209040590000099e-01
3.528933460409999725e+02 2.199122147099999980e-01
3.529824633430000063e+02 2.132126956600000067e-01
3.530715806449999832e+02 2.148435043230000063e-01
3.531606979470000169e+02 2.164428097130000062e-01
3.532498152489999939e+02 2.146592671439999933e-01
3.533389325510000276e+02 2.144123644460000089e-01
3.534280498530000045e+02 2.186579150150000095e-01
3.535171671550000383e+02 2.232656731609999889e-01
3.536062844570000152e+02 2.260146251140000007e-01
3.536954017599999816e+02 2.316985196130000035e-01
3.537845190619999585e+02 2.360294395070000051e-01
3.538736363639999922e+02 2.356370600000000093e-01
3.539627536659999691e+02 2.322098013139999861e-01
3.540518709680000029e+02 2.347666913550000012e-01
3.541409882699999798e+02 2.291896388090000070e-01
3.542301055720000136e+02 2.290707394600000057e-01
3.543192228739999905e+02 2.309411318769999943e-01
3.544083401760000243e+02 2.303780308499999985e-01
3.544974574780000012e+02 2.274196921230000057e-01
3.545865747799999781e+02 2.264108776300000070e-01
3.546756920819999550e+02 2.301360126329999867e-01
3.547648093839999888e+02 2.281510373610000086e-01
3.548539266860000225e+02 2.295198696769999991e-01
3.549430439879999994e+02 2.356665841059999988e-01
3.550321612900000332e+02 2.359820113549999931e-01
3.551212785920000101e+02 2.312793366800000028e-01
3.552103958940000439e+02 2.306214113779999908e-01
3.552995131960000208e+02 2.350892708740000003e-01
3.553886304989999871e+02 2.331283530090000056e-01
3.554777478009999641e+02 2.341509702759999867e-01
3.555668651029999978e+02 2.384684020179999864e-01
3.556559824049999747e+02 2.416135223460000037e-01
3.557450997070000085e+02 2.385552701170000067e-01
3.558342170089999854e+02 2.364364878480000043e-01
3.559233343110000192e+02 2.376658115889999923e-01
3.560124516129999961e+02 2.371266926449999979e-01
3.561015689150000298e+02 2.323450988859999955e-01
3.561906862170000068e+02 2.352038561639999970e-01
3.562798035189999837e+02 2.384466774779999965e-01
3.563689208209999606e+02 2.413402297130000096e-01
3.564580381229999944e+02 2.389996126979999913e-01
3.565471554249999713e+02 2.380121224629999921e-01
3.566362727270000050e+02 2.363048952729999985e-01
3.567253900289999820e+02 2.332866923049999874e-01
3.568145073310000157e+02 2.304287657240000065e-01
3.569036246329999926e+02 2.230302738059999901e-01
3.569927419350000264e+02 2.246547464520000092e-01
3.570818592379999927e+02 2.274152184990000103e-01
3.571709765399999696e+02 2.277990354780000115e-01
3.572600938420000034e+02 2.276159788150000085e-01
3.573492111439999803e+02 2.348754748090000066e-01
3.574383284460000141e+02 2.411467278009999937e-01
3.575274457479999910e+02 2.455199514489999901e-01
3.576165630500000248e+02 2.456674056189999955e-01
3.577056803520000017e+02 2.465351298529999957e-01
3.577947976540000354e+02 2.408950302639999985e-01
3.578839149560000124e+02 2.338027788270000129e-01
3.579730322579999893e+02 2.301256185810000021e-01
3.580621495599999662e+02 2.301058382989999984e-01
3.581512668619999999e+02 2.320832914369999889e-01
3.582403841639999769e+02 2.381672835950000011e-01
3.583295014660000106e+02 2.382861282700000083e-01
3.584186187679999875e+02 2.401428932430000052e-01
3.585077360700000213e+02 2.427835028039999898e-01
3.585968533719999982e+02 2.387503618590000043e-01
3.586859706740000320e+02 2.333946531380000078e-01
3.587750879769999983e+02 2.348999382989999940e-01
3.588642052789999752e+02 2.374991845630000098e-01
3.589533225810000090e+02 2.345590090970000041e-01
3.590424398829999859e+02 2.296454103460000007e-01
3.591315571850000197e+02 2.310832735130000093e-01
3.592206744869999966e+02 2.339853486800000104e-01
3.593097917890000303e+02 2.351146635370000015e-01
3.593989090910000073e+02 2.352139134550000066e-01
3.594880263930000410e+02 2.365727581169999871e-01
3.595771436950000179e+02 2.332565715540000084e-01
3.596662609969999949e+02 2.239498135480000041e-01
3.597553782989999718e+02 2.211133375479999996e-01
3.598444956010000055e+02 2.205601559589999983e-01
3.599336129029999825e+02 2.223347772900000074e-01
3.600227302050000162e+02 2.268067102169999960e-01
3.601118475069999931e+02 2.400969273309999930e-01
3.602009648090000269e+02 2.487441096299999876e-01
3.602900821110000038e+02 2.469880346979999863e-01
3.603791994130000376e+02 2.492896091909999889e-01
3.604683167160000039e+02 2.528193796830000006e-01
3.605574340179999808e+02 2.486870647509999976e-01
3.606465513199999577e+02 2.418324086920000116e-01
3.607356686219999915e+02 2.412587830260000121e-01
3.608247859239999684e+02 2.370642380530000037e-01
3.609139032260000022e+02 2.341741648389999986e-01
3.610030205279999791e+02 2.291665424630000003e-01
3.610921378300000129e+02 2.323099398179999941e-01
3.611812551319999898e+02 2.308033448909999896e-01
3.612703724340000235e+02 2.293563867800000045e-01
3.613594897360000004e+02 2.264678682700000112e-01
3.614486070379999774e+02 2.244264876540000009e-01
3.615377243400000111e+02 2.296645131260000028e-01
3.616268416419999880e+02 2.297876940939999890e-01
3.617159589440000218e+02 2.315828437180000032e-01
3.618050762459999987e+02 2.352698694960000114e-01
3.618941935480000325e+02 2.371066387100000117e-01
3.619833108500000094e+02 2.367515775950000123e-01
3.620724281520000432e+02 2.306873792019999980e-01
3.621615454550000095e+02 2.303226218180000062e-01
3.622506627569999864e+02 2.324186863340000075e-01
3.623397800589999633e+02 2.296963329910000073e-01
3.624288973609999971e+02 2.313568787920000092e-01
3.625180146629999740e+02 2.381273284519999922e-01
3.626071319650000078e+02 2.379606328330000076e-01
3.626962492669999847e+02 2.436174120590000047e-01
3.627853665690000184e+02 2.492432975949999963e-01
3.628744838709999954e+02 2.541281803229999969e-01
3.629636011730000291e+02 2.601100221700000104e-01
3.630527184750000060e+02 2.637185116360000192e-01
3.631418357769999830e+02 2.639757325400000076e-01
3.632309530789999599e+02 2.535024141350000204e-01
3.633200703809999936e+02 2.491664489029999929e-01
3.634091876829999705e+02 2.431688322230000088e-01
3.634983049850000043e+02 2.342547539120000133e-01
3.635874222869999812e+02 2.323563088270000077e-01
3.636765395890000150e+02 2.316182637539999922e-01
3.637656568909999919e+02 2.295501314130000137e-01
3.638547741940000151e+02 2.295021205159999966e-01
3.639438914959999920e+02 2.330493171609999969e-01
3.640330087979999689e+02 2.362267716010000018e-01
3.641221261000000027e+02 2.296481080349999926e-01
3.642112434019999796e+02 2.309651788150000051e-01
3.643003607040000134e+02 2.308029015949999985e-01
3.643894780059999903e+02 2.272604066039999871e-01
3.644785953080000240e+02 2.240088002049999971e-01
3.645677126100000010e+02 2.269001852199999947e-01
3.646568299120000347e+02 2.327864436769999934e-01
3.647459472140000116e+02 2.364238968909999905e-01
3.648350645159999885e+02 2.434426927739999913e-01
3.649241818179999655e+02 2.490753730910000019e-01
3.650132991199999992e+02 2.508505228149999766e-01
3.651024164219999761e+02 2.477192249269999924e-01
3.651915337240000099e+02 2.477790789790000059e-01
3.652806510259999868e+02 2.478256108620000009e-01
3.653697683280000206e+02 2.467965386859999888e-01
3.654588856299999975e+02 2.474715642230000123e-01
3.655480029330000207e+02 2.500119525219999805e-01
3.656371202349999976e+02 2.485296654549999928e-01
3.657262375369999745e+02 2.444395894780000134e-01
3.658153548390000083e+02 2.364183779350000070e-01
3.659044721409999852e+02 2.281734046920000092e-01
3.659935894430000189e+02 2.263277559770000003e-01
3.660827067449999959e+02 2.259146784399999885e-01
3.661718240470000296e+02 2.292970542399999923e-01
3.662609413490000065e+02 2.319994358830000103e-01
3.663500586510000403e+02 2.383054787680000119e-01
3.664391759530000172e+02 2.360166380469999881e-01
3.665282932549999941e+02 2.367188083279999911e-01
3.666174105569999710e+02 2.343539712609999937e-01
3.667065278590000048e+02 2.286944980529999893e-01
3.667956451609999817e+02 2.291997738709999899e-01
3.668847624630000155e+02 2.315517893959999907e-01
3.669738797649999924e+02 2.330581881519999954e-01
3.670629970670000262e+02 2.297408731849999997e-01
3.671521143699999925e+02 2.286621490500000131e-01
3.672412316720000263e+02 2.318515266279999876e-01
3.673303489740000032e+02 2.350656382990000126e-01
3.674194662759999801e+02 2.387347881759999957e-01
3.675085835779999570e+02 2.446835286450000091e-01
3.675977008799999908e+02 2.507880502520000165e-01
3.676868181819999677e+02 2.537021363640000193e-01
3.677759354840000015e+02 2.572918865809999955e-01
3.678650527859999784e+02 2.552332721519999792e-01
3.679541700880000121e+02 2.491997447859999881e-01
3.680432873899999890e+02 2.433615912669999937e-01
3.681324046920000228e+02 2.407345790029999932e-01
3.682215219939999997e+02 2.393836573310000049e-01
3.683106392959999766e+02 2.379275447510000030e-01
3.683997565980000104e+02 2.387952591090000132e-01
3.684888738999999873e+02 2.422996053610000089e-01
3.685779912020000211e+02 2.448957607620000088e-01
3.686671085039999980e+02 2.508777925510000117e-01
3.687562258060000318e+02 2.510906198710000092e-01
3.688453431089999981e+02 2.497706396599999878e-01
3.689344604110000319e+02 2.465872730210000030e-01
3.690235777130000088e+02 2.417399705570000001e-01
3.691126950149999857e+02 2.378527436300000020e-01
3.692018123169999626e+02 2.349892910620000053e-01
3.692909296189999964e+02 2.369894468560000134e-01
3.693800469209999733e+02 2.414083749439999982e-01
3.694691642230000070e+02 2.483792242229999891e-01
3.695582815249999840e+02 2.557929832609999732e-01
3.696473988270000177e+02 2.526612604569999920e-01
3.697365161289999946e+02 2.502975614190000031e-01
3.698256334310000284e+02 2.486232191090000099e-01
3.699147507330000053e+02 2.476946610559999928e-01
3.700038680349999822e+02 2.404986610619999909e-01
3.700929853369999591e+02 2.408872890559999869e-01
3.701821026389999929e+02 2.463173121879999872e-01
3.702712199409999698e+02 2.453463820410000107e-01
3.703603372430000036e+02 2.439253754840000066e-01
3.704494545449999805e+02 2.429535029090000020e-01
3.705385718480000037e+02 2.425605893960000037e-01
3.706276891500000374e+02 2.410167151790000017e-01
3.707168064520000144e+02 2.400744536130000051e-01
3.708059237539999913e+02 2.416720633430000098e-01
3.708950410559999682e+02 2.425999144160000121e-01
3.709841583580000020e+02 2.489449135479999964e-01
3.710732756599999789e+02 2.492349962110000094e-01
3.711623929620000126e+02 2.530087236720000021e-01
3.712515102639999895e+02 2.504946730209999806e-01
3.713406275660000233e+02 2.520915970909999859e-01
3.714297448680000002e+02 2.533747592839999951e-01
3.715188621700000340e+02 2.507843995069999887e-01
3.716079794720000109e+02 2.469266400410000117e-01
3.716970967739999878e+02 2.471007032260000014e-01
3.717862140759999647e+02 2.501565870970000049e-01
3.718753313779999985e+02 2.479285487510000108e-01
3.719644486799999754e+02 2.480003105280000064e-01
3.720535659820000092e+02 2.509853433550000013e-01
3.721426832839999861e+02 2.543809180350000143e-01
3.722318005870000093e+02 2.537510538059999932e-01
3.723209178890000430e+02 2.517680035070000155e-01
3.724100351910000199e+02 2.569248748390000059e-01
3.724991524929999969e+02 2.604042069559999728e-01
3.725882697949999738e+02 2.586405833429999968e-01
3.726773870970000075e+02 2.591986569029999798e-01
3.727665043989999845e+02 2.618101895600000173e-01
3.728556217010000182e+02 2.636410595070000085e-01
3.729447390029999951e+02 2.556850320469999938e-01
3.730338563050000289e+02 2.501309842519999771e-01
3.731229736070000058e+02 2.510777085279999876e-01
3.732120909090000396e+02 2.491080216359999877e-01
3.733012082110000165e+02 2.462195073550000057e-01
3.733903255129999934e+02 2.407538301759999944e-01
3.734794428149999703e+02 2.445697447509999900e-01
3.735685601170000041e+02 2.502116061820000015e-01
3.736576774189999810e+02 2.516982047740000117e-01
3.737467947210000148e+02 2.554556115950000206e-01
3.738359120229999917e+02 2.564720465340000199e-01
3.739250293260000149e+02 2.576805189740000168e-01
3.740141466279999918e+02 2.558228146629999977e-01
3.741032639300000255e+02 2.545146571910000266e-01
3.741923812320000025e+02 2.519063420289999744e-01
3.742814985339999794e+02 2.402226911199999981e-01
3.743706158359999563e+02 2.366013998829999965e-01
3.744597331379999900e+02 2.332105580999999928e-01
3.745488504399999670e+02 2.273289361989999924e-01
3.746379677420000007e+02 2.246602434839999884e-01
3.747270850439999776e+02 2.270134465689999936e-01
3.748162023460000114e+02 2.362746652200000130e-01
3.749053196480000452e+02 2.377414599999999878e-01
3.749944369500000221e+02 2.386795915069999940e-01
3.750835542519999990e+02 2.435793796359999874e-01
3.751726715539999759e+02 2.469269853780000079e-01
3.752617888560000097e+02 2.486927874490000023e-01
3.753509061579999866e+02 2.491452697129999949e-01
3.754400234600000203e+02 2.513200339819999796e-01
3.755291407619999973e+02 2.514089686689999770e-01
3.756182580650000205e+02 2.462779997419999867e-01
3.757073753669999974e+02 2.420854556310000072e-01
3.757964926690000311e+02 2.382075098420000092e-01
3.758856099710000080e+02 2.401468560410000008e-01
3.759747272729999850e+02 2.437308967269999904e-01
3.760638445749999619e+02 2.455025682460000025e-01
3.761529618769999956e+02 2.501162698530000061e-01
3.762420791789999726e+02 2.548256572259999797e-01
3.763311964810000063e+02 2.566586644930000105e-01
3.764203137829999832e+02 2.593306678419999844e-01
3.765094310850000170e+02 2.586748647620000230e-01
3.765985483869999939e+02 2.577837235479999989e-01
3.766876656890000277e+02 2.387349660529999862e-01
3.767767829910000046e+02 2.060280076849999864e-01
3.768659002929999815e+02 1.686757334400000030e-01
3.769550175949999584e+02 1.286972153060000068e-01
3.770441348969999922e+02 9.065916913780000530e-02
3.771332521989999691e+02 5.512097422639999911e-02
3.772223695010000029e+02 3.958150159999999917e-02
3.773114868040000260e+02 3.487325111200000050e-02
3.774006041060000030e+02 3.058203269210000089e-02
3.774897214080000367e+02 2.664287775660000024e-02
3.775788387100000136e+02 2.319583127739999889e-02
3.776679560119999906e+02 2.024371009560000170e-02
3.777570733139999675e+02 1.774269673899999886e-02
3.778461906160000012e+02 1.563025628740000172e-02
3.779353079179999781e+02 1.228845131479999915e-02
3.780244252200000119e+02 9.096872802640000241e-03
3.781135425219999888e+02 6.285387651829999617e-03
3.782026598240000226e+02 3.794897015829999838e-03
3.782917771259999995e+02 1.573898852860000077e-03
3.783808944280000333e+02 2.871842712960000153e-05
3.784700117300000102e+02 2.081681179889999890e-05
3.785591290319999871e+02 1.385525757550000025e-05
3.786482463339999640e+02 7.581529754250000400e-06
3.787373636359999978e+02 1.770322322729999985e-06
3.788264809379999747e+02 1.182405939149999950e-06
3.789155982400000084e+02 7.863395375069999882e-07
3.790047155430000316e+02 4.253704503519999941e-07
3.790938328450000085e+02 9.554135909100000561e-08
3.791829501470000423e+02 0.000000000000000000e+00
3.792720674490000192e+02 0.000000000000000000e+00
3.793611847509999961e+02 0.000000000000000000e+00
3.794503020529999731e+02 0.000000000000000000e+00
3.795394193550000068e+02 0.000000000000000000e+00
3.796285366569999837e+02 0.000000000000000000e+00
3.797176539590000175e+02 0.000000000000000000e+00
3.798067712609999944e+02 0.000000000000000000e+00
3.798958885630000282e+02 0.000000000000000000e+00
3.799850058650000051e+02 0.000000000000000000e+00
3.800741231670000388e+02 0.000000000000000000e+00
3.801632404690000158e+02 0.000000000000000000e+00
3.802523577709999927e+02 0.000000000000000000e+00
3.803414750729999696e+02 0.000000000000000000e+00
3.804305923750000034e+02 0.000000000000000000e+00
3.805197096769999803e+02 0.000000000000000000e+00
3.806088269790000140e+02 0.000000000000000000e+00
3.806979442819999804e+02 0.000000000000000000e+00
3.807870615840000141e+02 0.000000000000000000e+00
3.808761788859999911e+02 0.000000000000000000e+00
3.809652961880000248e+02 0.000000000000000000e+00
3.810544134900000017e+02 0.000000000000000000e+00
3.811435307919999786e+02 0.000000000000000000e+00
3.812326480939999556e+02 0.000000000000000000e+00
3.813217653959999893e+02 0.000000000000000000e+00
3.814108826979999662e+02 0.000000000000000000e+00
3.815000000000000000e+02 0.000000000000000000e+00
