# Wavelength (Nm)      Variance
2.919019999999999868e+02 3.088568999999999898e-01
2.920628875859999880e+02 2.941415556440000190e-01
2.922237751709999998e+02 2.854131604069999883e-01
2.923846627570000010e+02 2.843424456299999958e-01
2.925455503419999559e+02 2.862753035780000177e-01
2.927064379280000139e+02 2.881669564420000218e-01
2.928673255130000257e+02 2.896744256420000219e-01
2.930282130990000269e+02 2.868115374579999766e-01
2.931891006839999818e+02 2.863531108349999799e-01
2.933499882699999830e+02 2.860377670729999933e-01
2.935108758549999948e+02 2.878220265299999969e-01
2.936717634409999960e+02 2.897833966880000167e-01
2.938326510260000077e+02 2.918371697709999935e-01
2.939935386120000089e+02 2.946243265219999907e-01
2.941544261970000207e+02 2.964783463890000026e-01
2.943153137830000219e+02 2.974230969500000210e-01
2.944762013690000231e+02 2.955678177559999953e-01
2.946370889539999780e+02 2.929846029290000264e-01
2.947979765399999792e+02 2.919857038009999739e-01
2.949588641249999910e+02 2.934582542829999863e-01
2.951197517109999922e+02 2.948474724340000019e-01
2.952806392960000039e+02 2.963259948620000084e-01
2.954415268820000051e+02 2.963527030109999738e-01
2.956024144670000169e+02 2.969696271669999832e-01
2.957633020530000181e+02 2.951230351790000150e-01
2.959241896380000298e+02 2.946132319840000235e-01
2.960850772239999742e+02 2.952422119220000085e-01
2.962459648089999860e+02 2.973133921760000020e-01
2.964068523949999872e+02 2.986465323090000124e-01
2.965677399799999989e+02 2.971850520159999842e-01
2.967286275660000001e+02 2.989445360119999950e-01
2.968895151520000013e+02 2.992052808480000214e-01
2.970504027370000131e+02 3.023698980719999874e-01
2.972112903230000143e+02 3.011688096769999934e-01
2.973721779080000260e+02 3.023142652629999816e-01
2.975330654939999704e+02 3.027943061389999913e-01
2.976939530789999822e+02 3.034087597540000014e-01
2.978548406649999833e+02 3.031400336419999841e-01
2.980157282499999951e+02 3.041243462370000206e-01
2.981766158359999963e+02 3.027318638590000277e-01
2.983375034210000081e+02 3.043059032839999789e-01
2.984983910070000093e+02 3.050334364069999804e-01
2.986592785920000210e+02 3.083116494779999939e-01
2.988201661780000222e+02 3.082830312959999874e-01
2.989810537629999772e+02 3.082443940649999825e-01
2.991419413489999783e+02 3.062889104989999778e-01
2.993028289349999795e+02 3.065325790460000088e-01
2.994637165199999913e+02 3.066441155429999732e-01
2.996246041059999925e+02 3.082003643049999742e-01
2.997854916910000043e+02 3.159278193669999846e-01
2.999463792770000055e+02 3.135082182989999966e-01
3.001072668620000172e+02 3.113092945920000187e-01
3.002681544480000184e+02 2.997614773330000149e-01
3.004290420329999733e+02 3.005268735480000064e-01
3.005899296189999745e+02 2.987943327040000208e-01
3.007508172039999863e+02 3.005013071400000069e-01
3.009117047900000443e+02 2.983148085710000119e-01
3.010725923749999993e+02 2.989969507799999926e-01
3.012334799610000005e+02 2.986986963050000110e-01
3.013943675460000122e+02 3.019484939350000063e-01
3.015552551320000134e+02 3.040380064400000082e-01
3.017161427170000252e+02 3.049338059980000182e-01
3.018770303029999695e+02 3.052389632729999858e-01
3.020379178889999707e+02 3.062868216419999956e-01
3.021988054739999825e+02 3.072507256970000156e-01
3.023596930600000405e+02 3.067353942130000011e-01
3.025205806449999955e+02 3.062645541940000049e-01
3.026814682309999966e+02 3.051214614700000216e-01
3.028423558160000084e+02 3.054246137439999842e-01
3.030032434020000096e+02 3.066860607620000012e-01
3.031641309870000214e+02 3.084084171179999889e-01
3.033250185729999657e+02 3.073282804690000147e-01
3.034859061579999775e+02 3.063682438359999760e-01
3.036467937439999787e+02 3.056727986509999995e-01
3.038076813289999905e+02 3.081758692550000123e-01
3.039685689149999916e+02 3.087846057950000001e-01
3.041294565000000034e+02 3.099517015480000026e-01
3.042903440860000046e+02 3.107285516559999961e-01
3.044512316720000058e+02 3.109390194719999778e-01
3.046121192570000176e+02 3.116364248210000132e-01
3.047730068429999619e+02 3.119805096889999851e-01
3.049338944279999737e+02 3.131211589910000148e-01
3.050947820140000317e+02 3.126057514999999731e-01
3.052556695990000435e+02 3.118858515740000059e-01
3.054165571849999878e+02 3.107835482699999874e-01
3.055774447699999996e+02 3.108153786239999938e-01
3.057383323560000008e+02 3.113547669719999855e-01
3.058992199410000126e+02 3.113949152609999937e-01
3.060601075270000138e+02 3.129679419349999936e-01
3.062209951119999687e+02 3.126871862439999927e-01
3.063818826979999699e+02 3.140394798480000138e-01
3.065427702829999816e+02 3.125972385419999999e-01
3.067036578690000397e+02 3.113516347799999973e-01
3.068645454549999840e+02 3.109077727269999869e-01
3.070254330399999958e+02 3.106227111629999982e-01
3.071863206259999970e+02 3.119160631399999772e-01
3.073472082110000088e+02 3.138906689850000098e-01
3.075080957970000100e+02 3.163322864870000140e-01
3.076689833819999649e+02 3.170050647700000113e-01
3.078298709679999661e+02 3.160607064520000176e-01
3.079907585529999778e+02 3.159592540369999814e-01
3.081516461390000359e+02 3.164818730360000054e-01
3.083125337239999908e+02 3.181147836600000112e-01
3.084734213099999920e+02 3.186730952099999792e-01
3.086343088950000038e+02 3.195632837929999748e-01
3.087951964810000050e+02 3.192874598359999871e-01
3.089560840660000167e+02 3.197571522739999783e-01
3.091169716519999611e+02 3.215931456150000201e-01
3.092778592380000191e+02 3.235131110850000269e-01
3.094387468230000309e+02 3.237053529580000144e-01
3.095996344090000321e+02 3.225162168169999899e-01
3.097605219939999870e+02 3.222087894189999968e-01
3.099214095799999882e+02 3.247479834559999778e-01
3.100822971649999999e+02 3.271090211339999776e-01
3.102431847510000011e+02 3.277018215479999830e-01
3.104040723360000129e+02 3.272121910190000094e-01
3.105649599219999573e+02 3.261765557460000187e-01
3.107258475069999690e+02 3.272962161519999968e-01
3.108867350930000271e+02 3.263027704590000244e-01
3.110476226780000388e+02 3.266320806649999908e-01
3.112085102639999832e+02 3.264352029559999813e-01
3.113693978489999949e+02 3.277012090749999995e-01
3.115302854349999961e+02 3.275170262870000237e-01
3.116911730209999973e+02 3.266678893839999875e-01
3.118520606060000091e+02 3.248588105449999874e-01
3.120129481920000103e+02 3.255620118909999805e-01
3.121738357770000221e+02 3.264699683869999869e-01
3.123347233630000233e+02 3.286393018139999733e-01
3.124956109480000350e+02 3.295941587680000229e-01
3.126564985339999794e+02 3.296359287980000219e-01
3.128173861189999911e+02 3.303838834060000007e-01
3.129782737049999923e+02 3.293801141109999886e-01
3.131391612900000041e+02 3.301746121290000113e-01
3.133000488760000053e+02 3.293535940369999859e-01
3.134609364609999602e+02 3.306938338689999757e-01
3.136218240470000183e+02 3.316029654780000002e-01
3.137827116320000300e+02 3.322586166370000149e-01
3.139435992180000312e+02 3.332166869720000202e-01
3.141044868039999756e+02 3.337388546630000175e-01
3.142653743889999873e+02 3.347148651140000042e-01
3.144262619749999885e+02 3.341474797890000015e-01
3.145871495600000003e+02 3.339546978769999952e-01
3.147480371460000015e+02 3.354828302050000266e-01
3.149089247309999564e+02 3.349726778489999779e-01
3.150698123170000144e+02 3.354486546739999797e-01
3.152306999020000262e+02 3.360964462720000268e-01
3.153915874880000274e+02 3.376580493329999766e-01
3.155524750729999823e+02 3.392522233670000054e-01
3.157133626589999835e+02 3.389789600779999912e-01
3.158742502439999953e+02 3.386015724109999736e-01
3.160351378299999965e+02 3.388078640469999736e-01
3.161960254150000083e+02 3.383657568680000227e-01
3.163569130010000094e+02 3.381939400630000203e-01
3.165178005870000106e+02 3.363700016419999828e-01
3.166786881720000224e+02 3.359254458490000261e-01
3.168395757580000236e+02 3.368062379389999972e-01
3.170004633429999785e+02 3.386637783579999894e-01
3.171613509289999797e+02 3.389874473510000041e-01
3.173222385139999915e+02 3.394727876640000197e-01
3.174831260999999927e+02 3.392199796250000010e-01
3.176440136850000044e+02 3.384000375210000078e-01
3.178049012710000056e+02 3.381539614699999863e-01
3.179657888560000174e+02 3.390046700880000041e-01
3.181266764420000186e+02 3.404064910649999831e-01
3.182875640270000304e+02 3.409487950339999962e-01
3.184484516129999747e+02 3.392473988390000139e-01
3.186093391979999865e+02 3.406470955070000084e-01
3.187702267839999877e+02 3.422986311399999759e-01
3.189311143699999889e+02 3.447116313199999893e-01
3.190920019550000006e+02 3.458446874760000012e-01
3.192528895410000018e+02 3.448549744589999855e-01
3.194137771260000136e+02 3.449042491379999964e-01
3.195746647120000148e+02 3.441270732749999728e-01
3.197355522970000266e+02 3.446534300290000075e-01
3.198964398829999709e+02 3.452367243519999795e-01
3.200573274679999827e+02 3.454620235070000045e-01
3.202182150539999839e+02 3.441585821939999734e-01
3.203791026389999956e+02 3.442715612550000248e-01
3.205399902249999968e+02 3.455521262369999902e-01
3.207008778100000086e+02 3.481274234760000086e-01
3.208617653960000098e+02 3.475796017239999869e-01
3.210226529810000216e+02 3.468089865139999950e-01
3.211835405670000227e+02 3.485053990029999826e-01
3.213444281519999777e+02 3.497497640469999780e-01
3.215053157379999789e+02 3.492430223970000025e-01
3.216662033239999801e+02 3.490221792770000220e-01
3.218270909089999918e+02 3.500896545450000175e-01
3.219879784949999930e+02 3.534932628820000033e-01
3.221488660800000048e+02 3.551106169700000148e-01
3.223097536660000060e+02 3.549450788860000205e-01
3.224706412510000177e+02 3.543104641170000124e-01
3.226315288370000189e+02 3.522520651530000046e-01
3.227924164219999739e+02 3.501226205160000160e-01
3.229533040079999751e+02 3.505950500289999883e-01
3.231141915929999868e+02 3.506640971139999841e-01
3.232750791790000449e+02 3.516925806100000274e-01
3.234359667639999998e+02 3.505083769780000247e-01
3.235968543500000010e+02 3.513111337170000126e-01
3.237577419350000127e+02 3.514064232260000198e-01
3.239186295210000139e+02 3.513601451569999812e-01
3.240795171070000151e+02 3.509245884850000219e-01
3.242404046919999701e+02 3.490439229210000049e-01
3.244012922779999712e+02 3.488093601169999780e-01
3.245621798629999830e+02 3.502512823069999781e-01
3.247230674490000411e+02 3.535347074490000074e-01
3.248839550339999960e+02 3.552772655870000129e-01
3.250448426199999972e+02 3.533210289029999895e-01
3.252057302050000089e+02 3.520942842700000019e-01
3.253666177910000101e+02 3.504416234020000243e-01
3.255275053760000219e+02 3.510965750110000005e-01
3.256883929619999662e+02 3.519400268860000125e-01
3.258492805469999780e+02 3.533159408600000106e-01
3.260101681329999792e+02 3.545608126959999828e-01
3.261710557179999910e+02 3.544766080349999737e-01
3.263319433039999922e+02 3.540950967820000184e-01
3.264928308899999934e+02 3.519214698179999878e-01
3.266537184750000051e+02 3.511840271200000196e-01
3.268146060610000063e+02 3.510150866669999870e-01
3.269754936460000181e+02 3.528502498730000103e-01
3.271363812319999624e+02 3.536341028269999742e-01
3.272972688169999742e+02 3.557674828390000044e-01
3.274581564030000322e+02 3.554117555390000072e-01
3.276190439880000440e+02 3.571259042109999893e-01
3.277799315739999884e+02 3.571305182799999756e-01
3.279408191590000001e+02 3.578521758009999831e-01
3.281017067450000013e+02 3.566966240000000177e-01
3.282625943300000131e+02 3.540943970359999859e-01
3.284234819160000143e+02 3.528689872060000177e-01
3.285843695009999692e+02 3.522496223459999909e-01
3.287452570869999704e+02 3.560054508659999950e-01
3.289061446730000284e+02 3.587768712100000146e-01
3.290670322580000402e+02 3.617348544519999876e-01
3.292279198439999846e+02 3.598902467449999754e-01
3.293888074289999963e+02 3.580563102050000057e-01
3.295496950149999975e+02 3.560839314020000090e-01
3.297105826000000093e+02 3.565019214119999891e-01
3.298714701860000105e+02 3.526698068779999806e-01
3.300323577709999654e+02 3.500064339469999841e-01
3.301932453569999666e+02 3.474312859040000201e-01
3.303541329419999784e+02 3.505642102129999937e-01
3.305150205280000364e+02 3.509001831549999895e-01
3.306759081129999913e+02 3.513914388700000169e-01
3.308367956989999925e+02 3.482464887739999959e-01
3.309976832840000043e+02 3.488916721409999755e-01
3.311585708700000055e+02 3.500648890170000027e-01
3.313194584560000067e+02 3.530732628150000108e-01
3.314803460409999616e+02 3.515052084340000160e-01
3.316412336270000196e+02 3.487004527740000248e-01
3.318021212120000314e+02 3.503219927269999867e-01
3.319630087980000326e+02 3.496295462049999747e-01
3.321238963829999875e+02 3.497959047659999765e-01
3.322847839689999887e+02 3.476751764420000224e-01
3.324456715540000005e+02 3.473442955780000063e-01
3.326065591400000017e+02 3.480746086020000130e-01
3.327674467250000134e+02 3.436586880349999928e-01
3.329283343109999578e+02 3.408652080469999901e-01
3.330892218959999695e+02 3.388854602970000074e-01
3.332501094820000276e+02 3.415603605399999965e-01
3.334109970670000394e+02 3.412745493259999874e-01
3.335718846529999837e+02 3.417409612749999770e-01
3.337327722389999849e+02 3.413368239260000103e-01
3.338936598239999967e+02 3.438017448799999820e-01
3.340545474099999979e+02 3.401183876209999957e-01
3.342154349950000096e+02 3.401043434800000154e-01
3.343763225810000108e+02 3.362807584520000059e-01
3.345372101660000226e+02 3.356767097480000128e-01
3.346980977520000238e+02 3.293470856969999971e-01
3.348589853370000355e+02 3.300927643050000082e-01
3.350198729229999799e+02 3.347903364809999838e-01
3.351807605079999917e+02 3.342440811140000023e-01
3.353416480939999929e+02 3.304081041640000160e-01
3.355025356790000046e+02 3.230586264990000234e-01
3.356634232650000058e+02 3.263677837610000076e-01
3.358243108499999607e+02 3.276753887980000113e-01
3.359851984360000188e+02 3.314205222559999942e-01
3.361460860220000200e+02 3.256763811610000059e-01
3.363069736070000317e+02 3.275424285160000171e-01
3.364678611929999761e+02 3.287488594879999781e-01
3.366287487779999879e+02 3.369113032650000172e-01
3.367896363639999890e+02 3.317529479999999920e-01
3.369505239490000008e+02 3.261428179279999839e-01
3.371114115350000020e+02 3.171157735990000059e-01
3.372722991199999569e+02 3.140628525629999834e-01
3.374331867060000150e+02 3.179420056500000258e-01
3.375940742910000267e+02 3.185570657360000113e-01
3.377549618770000279e+02 3.229788499710000149e-01
3.379158494619999829e+02 3.254239644729999825e-01
3.380767370479999840e+02 3.277360917609999924e-01
3.382376246329999958e+02 3.219078954249999791e-01
3.383985122189999970e+02 3.175991544949999801e-01
3.385593998040000088e+02 3.167686986200000110e-01
3.387202873900000100e+02 3.172762854310000047e-01
3.388811749760000112e+02 3.167435019589999734e-01
3.390420625610000229e+02 3.158337765790000251e-01
3.392029501470000241e+02 3.245689257130000005e-01
3.393638377319999790e+02 3.279760668389999911e-01
3.395247253179999802e+02 3.273129012670000226e-01
3.396856129029999920e+02 3.146879292900000014e-01
3.398465004889999932e+02 3.139594200979999861e-01
3.400073880740000050e+02 3.096855310220000268e-01
3.401682756600000062e+02 3.179266215950000141e-01
3.403291632450000179e+02 3.176605538219999803e-01
3.404900508310000191e+02 3.194985745339999905e-01
3.406509384160000309e+02 3.182232006449999817e-01
3.408118260019999752e+02 3.139172448599999998e-01
3.409727135869999870e+02 3.094317861579999884e-01
3.411336011729999882e+02 3.069030129850000010e-01
3.412944887589999894e+02 3.088338393939999982e-01
3.414553763440000012e+02 3.101319255910000017e-01
3.416162639300000023e+02 3.075297681170000019e-01
3.417771515150000141e+02 3.060282106669999780e-01
3.419380391010000153e+02 3.103963022760000134e-01
3.420989266860000271e+02 3.068849666160000100e-01
3.422598142719999714e+02 3.031254607039999827e-01
3.424207018569999832e+02 2.976347328089999911e-01
3.425815894429999844e+02 2.995774675890000016e-01
3.427424770279999962e+02 2.975609078359999771e-01
3.429033646139999973e+02 3.008249090749999799e-01
3.430642521990000091e+02 3.022605123170000185e-01
3.432251397850000103e+02 3.064014941079999943e-01
3.433860273700000221e+02 3.129391986280000149e-01
3.435469149560000233e+02 3.163103116250000069e-01
3.437078025419999676e+02 3.158283027639999796e-01
3.438686901269999794e+02 3.098544713590000166e-01
3.440295777129999806e+02 3.103114959880000079e-01
3.441904652979999923e+02 3.118814953349999808e-01
3.443513528839999935e+02 3.100621894389999911e-01
3.445122404690000053e+02 3.109686960120000010e-01
3.446731280550000065e+02 3.070404201370000030e-01
3.448340156400000183e+02 3.057990775289999852e-01
3.449949032260000195e+02 2.991700446450000217e-01
3.451557908109999744e+02 3.037238587250000177e-01
3.453166783969999756e+02 3.130620772320000245e-01
3.454775659819999873e+02 3.173540923170000139e-01
3.456384535680000454e+02 3.121884598940000144e-01
3.457993411530000003e+02 3.064569480039999738e-01
3.459602287390000015e+02 2.999409721760000203e-01
3.461211163250000027e+02 3.030167789559999880e-01
3.462820039100000145e+02 3.040043477029999996e-01
3.464428914960000156e+02 3.039922844219999920e-01
3.466037790809999706e+02 3.025149721129999913e-01
3.467646666669999718e+02 3.059643639999999887e-01
3.469255542519999835e+02 3.073240785099999872e-01
3.470864418380000416e+02 3.110631424829999880e-01
3.472473294229999965e+02 3.067153429089999883e-01
3.474082170089999977e+02 3.027440596950000118e-01
3.475691045940000095e+02 2.929337254780000066e-01
3.477299921800000106e+02 2.924960691180000238e-01
3.478908797650000224e+02 2.883667820529999815e-01
3.480517673509999668e+02 2.921215279800000175e-01
3.482126549359999785e+02 2.909180535009999735e-01
3.483735425219999797e+02 2.947031117180000104e-01
3.485344301080000378e+02 2.938826469249999906e-01
3.486953176929999927e+02 2.905134570869999933e-01
3.488562052789999939e+02 2.902141627570000160e-01
3.490170928640000056e+02 2.987977347679999784e-01
3.491779804500000068e+02 3.044898017670000234e-01
3.493388680350000186e+02 3.092570780180000090e-01
3.494997556209999630e+02 3.061123212899999890e-01
3.496606432059999747e+02 2.986527652859999882e-01
3.498215307920000328e+02 2.945088112490000243e-01
3.499824183770000445e+02 2.952884651459999898e-01
3.501433059629999889e+02 3.045834688019999903e-01
3.503041935480000006e+02 3.018041283869999925e-01
3.504650811340000018e+02 2.942881737829999844e-01
3.506259687190000136e+02 2.932333041599999857e-01
3.507868563050000148e+02 2.973239825219999855e-01
3.509477438909999591e+02 2.996294079140000011e-01
3.511086314759999709e+02 3.008981601369999925e-01
3.512695190620000290e+02 2.967241361410000167e-01
3.514304066470000407e+02 2.938629583110000110e-01
3.515912942329999851e+02 2.908662874099999796e-01
3.517521818179999968e+02 3.001747723639999754e-01
3.519130694039999980e+02 3.057193067060000047e-01
3.520739569890000098e+02 3.063257778490000027e-01
3.522348445750000110e+02 2.934723615720000178e-01
3.523957321599999659e+02 2.867993335210000105e-01
3.525566197459999671e+02 2.873245697749999827e-01
3.527175073309999789e+02 2.924930686800000235e-01
3.528783949170000369e+02 2.979436547609999875e-01
3.530392825019999918e+02 2.988231326729999804e-01
3.532001700879999930e+02 2.973566462169999758e-01
3.533610576739999942e+02 2.892143584870000006e-01
3.535219452590000060e+02 2.796328102639999980e-01
3.536828328450000072e+02 2.897330914960000170e-01
3.538437204299999621e+02 2.934521177200000164e-01
3.540046080160000201e+02 3.055026245629999804e-01
3.541654956010000319e+02 2.967861904160000175e-01
3.543263831870000331e+02 2.916745279369999944e-01
3.544872707719999880e+02 2.823792548110000133e-01
3.546481583579999892e+02 2.836912638940000120e-01
3.548090459430000010e+02 2.834969784710000273e-01
3.549699335290000022e+02 2.886527953040000094e-01
3.551308211140000139e+02 2.906603617599999856e-01
3.552917086999999583e+02 2.989505845079999946e-01
3.554525962849999701e+02 2.964509360979999952e-01
3.556134838710000281e+02 2.961967246450000202e-01
3.557743714570000293e+02 2.924236494119999974e-01
3.559352590419999842e+02 2.923428633819999956e-01
3.560961466279999854e+02 2.910634803170000229e-01
3.562570342129999972e+02 2.924851433940000023e-01
3.564179217989999984e+02 3.000098571220000121e-01
3.565788093840000101e+02 3.041140125749999812e-01
3.567396969700000113e+02 3.025437551519999935e-01
3.569005845549999663e+02 3.053613875539999967e-01
3.570614721410000243e+02 3.046072063809999730e-01
3.572223597260000361e+02 3.042041819119999935e-01
3.573832473119999804e+02 2.973167173330000246e-01
3.575441348969999922e+02 2.922225787100000138e-01
3.577050224829999934e+02 2.912810613410000138e-01
3.578659100680000051e+02 2.903747812670000039e-01
3.580267976540000063e+02 2.926302286799999930e-01
3.581876852389999613e+02 2.910316673780000141e-01
3.583485728250000193e+02 2.924847982400000101e-01
3.585094604110000205e+02 2.904359039530000075e-01
3.586703479960000323e+02 2.909785169190000076e-01
3.588312355819999766e+02 2.946662939899999945e-01
3.589921231669999884e+02 2.962385069440000018e-01
3.591530107529999896e+02 3.010581498920000265e-01
3.593138983380000013e+02 3.034535680229999977e-01
3.594747859240000025e+02 3.052508384870000202e-01
3.596356735089999574e+02 2.980155880859999828e-01
3.597965610950000155e+02 2.869760113079999897e-01
3.599574486800000273e+02 2.793808290909999825e-01
3.601183362660000284e+02 2.772675537629999964e-01
3.602792238509999834e+02 2.811125128020000030e-01
3.604401114369999846e+02 2.786956064050000181e-01
3.606009990219999963e+02 2.783777344200000226e-01
3.607618866079999975e+02 2.761411008410000201e-01
3.609227741939999987e+02 2.785113618060000018e-01
3.610836617790000105e+02 2.807087476790000036e-01
3.612445493650000117e+02 2.733777442270000080e-01
3.614054369500000234e+02 2.768282311790000172e-01
3.615663245360000246e+02 2.760392233239999937e-01
3.617272121209999796e+02 2.866715655759999870e-01
3.618880997069999808e+02 2.767137293020000000e-01
3.620489872919999925e+02 2.774053149949999852e-01
3.622098748779999937e+02 2.772677628970000030e-01
3.623707624630000055e+02 2.856956370090000252e-01
3.625316500490000067e+02 2.904380020919999916e-01
3.626925376340000184e+02 2.919292349250000029e-01
3.628534252200000196e+02 2.966569766450000145e-01
3.630143128050000314e+02 2.966299939820000175e-01
3.631752003909999758e+02 2.916519096190000049e-01
3.633360879769999769e+02 2.884011307209999875e-01
3.634969755619999887e+02 2.808028421700000110e-01
3.636578631479999899e+02 2.778674677419999961e-01
3.638187507330000017e+02 2.771441180879999910e-01
3.639796383190000029e+02 2.821829940569999806e-01
3.641405259040000146e+02 2.859697112610000147e-01
3.643014134900000158e+02 2.824322674599999972e-01
3.644623010750000276e+02 2.795455529029999830e-01
3.646231886609999719e+02 2.785432448249999804e-01
3.647840762459999837e+02 2.794340065099999992e-01
3.649449638319999849e+02 2.781191701110000136e-01
3.651058514169999967e+02 2.786524520979999919e-01
3.652667390029999979e+02 2.757161843750000063e-01
3.654276265880000096e+02 2.775347807310000192e-01
3.655885141740000108e+02 2.799175794529999983e-01
3.657494017600000120e+02 2.850737352839999850e-01
3.659102893450000238e+02 2.834000238400000149e-01
3.660711769309999681e+02 2.835754093410000065e-01
3.662320645159999799e+02 2.850928027099999817e-01
3.663929521019999811e+02 2.892644336460000187e-01
3.665538396869999929e+02 2.837066321560000048e-01
3.667147272729999941e+02 2.813686621820000178e-01
3.668756148580000058e+02 2.786201737130000189e-01
3.670365024440000070e+02 2.860336540530000193e-01
3.671973900290000188e+02 2.860260724340000227e-01
3.673582776150000200e+02 2.869174875859999974e-01
3.675191651999999749e+02 2.897085702519999750e-01
3.676800527859999761e+02 2.909806529739999981e-01
3.678409403709999879e+02 2.947313092280000046e-01
3.680018279569999891e+02 2.888963058060000089e-01
3.681627155429999902e+02 2.898215667210000124e-01
3.683236031280000020e+02 2.871174382560000016e-01
3.684844907140000032e+02 2.903778927780000241e-01
3.686453782990000150e+02 2.863544839769999739e-01
3.688062658850000162e+02 2.871498183969999896e-01
3.689671534699999711e+02 2.845219569699999895e-01
3.691280410559999723e+02 2.891420552260000054e-01
3.692889286409999841e+02 2.851983443989999922e-01
3.694498162270000421e+02 2.882555068820000232e-01
3.696107038119999970e+02 2.890207350149999743e-01
3.697715913979999982e+02 2.905953009889999938e-01
3.699324789830000100e+02 2.925599477649999947e-01
3.700933665690000112e+02 2.854283810559999912e-01
3.702542541540000229e+02 2.864500249660000275e-01
3.704151417399999673e+02 2.903603998439999723e-01
3.705760293259999685e+02 2.890491042350000206e-01
3.707369169109999802e+02 2.942405983499999933e-01
3.708978044970000383e+02 2.942378005399999830e-01
3.710586920819999932e+02 2.999781080819999834e-01
3.712195796679999944e+02 2.939143182010000022e-01
3.713804672530000062e+02 2.850478727510000199e-01
3.715413548390000074e+02 2.863510634840000235e-01
3.717022424240000191e+02 2.876572820609999970e-01
3.718631300099999635e+02 2.931898298489999943e-01
3.720240175949999752e+02 2.854371130789999933e-01
3.721849051810000333e+02 2.908730330750000093e-01
3.723457927660000450e+02 2.951523440159999900e-01
3.725066803519999894e+02 2.941257022759999895e-01
3.726675679370000012e+02 2.888002704589999747e-01
3.728284555230000024e+02 2.830474888949999768e-01
3.729893431090000036e+02 2.895444475310000043e-01
3.731502306940000153e+02 2.929989223580000135e-01
3.733111182799999597e+02 2.946656907960000238e-01
3.734720058649999714e+02 2.992256276720000052e-01
3.736328934510000295e+02 2.942887678009999952e-01
3.737937810360000412e+02 2.939122946589999841e-01
3.739546686219999856e+02 2.919685037649999981e-01
3.741155562069999974e+02 2.989639103110000029e-01
3.742764437929999985e+02 2.903710467410000051e-01
3.744373313780000103e+02 2.756375290909999776e-01
3.745982189640000115e+02 2.714337288290000205e-01
3.747591065489999664e+02 2.760761031710000091e-01
3.749199941349999676e+02 2.900773835189999761e-01
3.750808817199999794e+02 2.890487540650000242e-01
3.752417693060000374e+02 2.909878072140000271e-01
3.754026568909999924e+02 2.806385198010000193e-01
3.755635444769999935e+02 2.817159764139999800e-01
3.757244320629999947e+02 2.812050662949999724e-01
3.758853196480000065e+02 2.909998495009999964e-01
3.760462072340000077e+02 2.889552380650000085e-01
3.762070948189999626e+02 2.906496759020000265e-01
3.763679824050000207e+02 2.869169445509999750e-01
3.765288699900000324e+02 2.875290275890000080e-01
3.766897575760000336e+02 2.890910288479999757e-01
3.768506451609999885e+02 2.927006361289999914e-01
3.770115327469999897e+02 2.923237071159999756e-01
3.771724203320000015e+02 2.926546182249999961e-01
3.773333079180000027e+02 2.806344880819999776e-01
3.774941955030000145e+02 2.764355169580000049e-01
3.776550830889999588e+02 2.726163667250000033e-01
3.778159706739999706e+02 2.816411573370000143e-01
3.779768582600000286e+02 2.847454593389999733e-01
3.781377458460000298e+02 2.921446935990000271e-01
3.782986334309999847e+02 2.909709763989999920e-01
3.784595210169999859e+02 2.910596968520000050e-01
3.786204086019999977e+02 2.928965325590000002e-01
3.787812961879999989e+02 2.955384276599999915e-01
3.789421837730000107e+02 2.974674170239999804e-01
3.791030713589999550e+02 2.947303502370000050e-01
3.792639589439999668e+02 2.982921070969999922e-01
3.794248465300000248e+02 2.908582798480000009e-01
3.795857341150000366e+02 2.784887478399999949e-01
3.797466217009999809e+02 2.675713839530000082e-01
3.799075092859999927e+02 2.663304853139999984e-01
3.800683968719999939e+02 2.615523994130000141e-01
3.802292844570000057e+02 2.555442245039999949e-01
3.803901720430000069e+02 2.440792611610000107e-01
3.805510596290000080e+02 2.442790152300000073e-01
3.807119472140000198e+02 2.401087961989999964e-01
3.808728348000000210e+02 2.397935268230000083e-01
3.810337223850000328e+02 2.335082649459999937e-01
3.811946099709999771e+02 2.354416259590000060e-01
3.813554975559999889e+02 2.348993591949999904e-01
3.815163851419999901e+02 2.439616848410000038e-01
3.816772727270000019e+02 2.469962054550000063e-01
3.818381603130000030e+02 2.531740946589999819e-01
3.819990478979999580e+02 2.544434297670000178e-01
3.821599354840000160e+02 2.558995277419999770e-01
3.823208230690000278e+02 2.561160338919999946e-01
3.824817106550000290e+02 2.649409400000000137e-01
3.826425982399999839e+02 2.678946807859999835e-01
3.828034858259999851e+02 2.673223863149999935e-01
3.829643734119999863e+02 2.569761402890000102e-01
3.831252609969999980e+02 2.545424290439999848e-01
3.832861485829999992e+02 2.525911363250000208e-01
3.834470361680000110e+02 2.523146292160000081e-01
3.836079237540000122e+02 2.479034345810000040e-01
3.837688113390000240e+02 2.485124140409999960e-01
3.839296989250000252e+02 2.493889235700000040e-01
3.840905865099999801e+02 2.482668401760000088e-01
3.842514740959999813e+02 2.407693259550000020e-01
3.844123616809999930e+02 2.420737363480000015e-01
3.845732492669999942e+02 2.438268313199999926e-01
3.847341368520000060e+02 2.517030927619999803e-01
3.848950244380000072e+02 2.549972291889999743e-01
3.850559120230000190e+02 2.579758447159999912e-01
3.852167996090000202e+02 2.604237551590000144e-01
3.853776871950000213e+02 2.629892963680000029e-01
3.855385747799999763e+02 2.596096759409999843e-01
3.856994623659999775e+02 2.521254860220000227e-01
3.858603499509999892e+02 2.462258830969999979e-01
3.860212375369999904e+02 2.429331963520000026e-01
3.861821251220000022e+02 2.466126397379999891e-01
3.863430127080000034e+02 2.494428929499999947e-01
3.865039002930000152e+02 2.646280634020000133e-01
3.866647878790000163e+02 2.602372676360000248e-01
3.868256754640000281e+02 2.570326010830000230e-01
3.869865630499999725e+02 2.484699830730000003e-01
3.871474506349999842e+02 2.542149386779999909e-01
3.873083382209999854e+02 2.606135845750000013e-01
3.874692258059999972e+02 2.481139571609999872e-01
3.876301133919999984e+02 2.434472047900000102e-01
3.877910009779999996e+02 2.434246385380000044e-01
3.879518885630000113e+02 2.530119182519999788e-01
3.881127761490000125e+02 2.555597117499999738e-01
3.882736637340000243e+02 2.544818128249999867e-01
3.884345513199999687e+02 2.590258816889999816e-01
3.885954389049999804e+02 2.633228767740000142e-01
3.887563264909999816e+02 2.638550481060000230e-01
3.889172140759999934e+02 2.540138070969999995e-01
3.890781016619999946e+02 2.563527616579999724e-01
3.892389892470000063e+02 2.475896875270000019e-01
3.893998768330000075e+02 2.523719147569999932e-01
3.895607644180000193e+02 2.474681220100000134e-01
3.897216520040000205e+02 2.546995465099999856e-01
3.898825395889999754e+02 2.597859074960000014e-01
3.900434271749999766e+02 2.619438791870000172e-01
3.902043147609999778e+02 2.536197942830000218e-01
3.903652023459999896e+02 2.515063643989999820e-01
3.905260899319999908e+02 2.447764551319999982e-01
3.906869775170000025e+02 2.476336677150000054e-01
3.908478651030000037e+02 2.447224808329999945e-01
3.910087526880000155e+02 2.501598172469999826e-01
3.911696402740000167e+02 2.524458338300000215e-01
3.913305278589999716e+02 2.564757688559999860e-01
3.914914154449999728e+02 2.586174030419999825e-01
3.916523030299999846e+02 2.561500175759999776e-01
3.918131906160000426e+02 2.609429456769999933e-01
3.919740782009999975e+02 2.625825816660000145e-01
3.921349657869999987e+02 2.631347561879999741e-01
3.922958533720000105e+02 2.593945347330000040e-01
3.924567409580000117e+02 2.546543947020000198e-01
3.926176285430000235e+02 2.597023444809999915e-01
3.927785161289999678e+02 2.592599739349999988e-01
3.929394037149999690e+02 2.588784225019999941e-01
3.931002912999999808e+02 2.578678122970000097e-01
3.932611788860000388e+02 2.659006454310000045e-01
3.934220664709999937e+02 2.761754703889999774e-01
3.935829540569999949e+02 2.745657647079999819e-01
3.937438416420000067e+02 2.676597190030000073e-01
3.939047292280000079e+02 2.618514849379999787e-01
3.940656168130000196e+02 2.632610501900000122e-01
3.942265043989999640e+02 2.658180473430000190e-01
3.943873919839999758e+02 2.608470234799999954e-01
3.945482795700000338e+02 2.571572744089999918e-01
3.947091671549999887e+02 2.567462881640000250e-01
3.948700547409999899e+02 2.611220238279999828e-01
3.950309423260000017e+02 2.640062139820000264e-01
3.951918299120000029e+02 2.619707834960000037e-01
3.953527174980000041e+02 2.605635043010000040e-01
3.955136050830000158e+02 2.663638479139999737e-01
3.956744926689999602e+02 2.736604174780000176e-01
3.958353802539999720e+02 2.757063058299999980e-01
3.959962678400000300e+02 2.734340564930000106e-01
3.961571554250000418e+02 2.706816926689999958e-01
3.963180430109999861e+02 2.760644038280000157e-01
3.964789305959999979e+02 2.734666340840000154e-01
3.966398181819999991e+02 2.676704683639999915e-01
3.968007057670000108e+02 2.628051997149999930e-01
3.969615933530000120e+02 2.635600612319999869e-01
3.971224809379999670e+02 2.729196873310000271e-01
3.972833685239999681e+02 2.707920535250000205e-01
3.974442561089999799e+02 2.644647805550000008e-01
3.976051436950000380e+02 2.565016656890000135e-01
3.977660312809999823e+02 2.505368560699999803e-01
3.979269188659999941e+02 2.585241152259999953e-01
3.980878064519999953e+02 2.598135895479999902e-01
3.982486940370000070e+02 2.666940646920000213e-01
3.984095816230000082e+02 2.609642811730000234e-01
3.985704692079999631e+02 2.656327859240000255e-01
3.987313567940000212e+02 2.613417950649999932e-01
3.988922443790000329e+02 2.612083819350000113e-01
3.990531319650000341e+02 2.600431652199999832e-01
3.992140195499999891e+02 2.611445908969999841e-01
3.993749071359999903e+02 2.663332688949999749e-01
3.995357947210000020e+02 2.675248594019999926e-01
3.996966823070000032e+02 2.692142194880000061e-01
3.998575698920000150e+02 2.662644749249999943e-01
4.000184574779999593e+02 2.612953013489999754e-01
4.001793450640000174e+02 2.618147261579999996e-01
4.003402326490000291e+02 2.662239715070000012e-01
4.005011202350000303e+02 2.671209407979999728e-01
4.006620078199999853e+02 2.672339817439999821e-01
4.008228954059999865e+02 2.634006036830000008e-01
4.009837829909999982e+02 2.647300182399999757e-01
4.011446705769999994e+02 2.622814150539999889e-01
4.013055581620000112e+02 2.591470370989999994e-01
4.014664457479999555e+02 2.615310631200000180e-01
4.016273333329999673e+02 2.624612960000000106e-01
4.017882209190000253e+02 2.652822849270000116e-01
4.019491085040000371e+02 2.659455693019999734e-01
4.021099960899999815e+02 2.693607940719999760e-01
4.022708836749999932e+02 2.774620895409999899e-01
4.024317712609999944e+02 2.858731141579999857e-01
4.025926588469999956e+02 2.830781011529999724e-01
4.027535464320000074e+02 2.769097269910000270e-01
4.029144340180000086e+02 2.664135682229999968e-01
4.030753216030000203e+02 2.646629153739999962e-01
4.032362091890000215e+02 2.688395849540000104e-01
4.033970967740000333e+02 2.738118683870000014e-01
4.035579843599999776e+02 2.749187947060000026e-01
4.037188719449999894e+02 2.739722175559999862e-01
4.038797595309999906e+02 2.765681954020000055e-01
4.040406471160000024e+02 2.682887670649999889e-01
4.042015347020000036e+02 2.677916175169999802e-01
4.043624222869999585e+02 2.639751840699999796e-01
4.045233098730000165e+02 2.697951897320000070e-01
4.046841974580000283e+02 2.681102377869999942e-01
4.048450850440000295e+02 2.630801338300000070e-01
4.050059726299999738e+02 2.669854164809999930e-01
4.051668602149999856e+02 2.719298062800000193e-01
4.053277478009999868e+02 2.721750480590000021e-01
4.054886353859999986e+02 2.631074889189999877e-01
4.056495229719999998e+02 2.596740998789999755e-01
4.058104105569999547e+02 2.618751086219999746e-01
4.059712981430000127e+02 2.633733437029999735e-01
4.061321857280000245e+02 2.669386886299999762e-01
4.062930733140000257e+02 2.690750342759999914e-01
4.064539608989999806e+02 2.719035853410000092e-01
4.066148484849999818e+02 2.714277309090000201e-01
4.067757360699999936e+02 2.716312618649999733e-01
4.069366236559999948e+02 2.758677720859999960e-01
4.070975112410000065e+02 2.758141829910000231e-01
4.072583988270000077e+02 2.771975331609999871e-01
4.074192864130000089e+02 2.712972473310000243e-01
4.075801739980000207e+02 2.680644118630000072e-01
4.077410615840000219e+02 2.700794101699999783e-01
4.079019491689999768e+02 2.755144064749999733e-01
4.080628367549999780e+02 2.744699313200000268e-01
4.082237243399999898e+02 2.670092352489999987e-01
4.083846119259999909e+02 2.674036492040000046e-01
4.085454995110000027e+02 2.698721898459999768e-01
4.087063870970000039e+02 2.724701760000000084e-01
4.088672746820000157e+02 2.671712293180000253e-01
4.090281622680000169e+02 2.706616864129999800e-01
4.091890498530000286e+02 2.770632563050000052e-01
4.093499374389999730e+02 2.880790870889999855e-01
4.095108250239999848e+02 2.857918771610000186e-01
4.096717126100000428e+02 2.750703686450000074e-01
4.098326001960000440e+02 2.692127764219999775e-01
4.099934877809999989e+02 2.674492895680000148e-01
4.101543753670000001e+02 2.757863815480000036e-01
4.103152629520000119e+02 2.768168840629999794e-01
4.104761505380000131e+02 2.791311010749999988e-01
4.106370381230000248e+02 2.799173327269999789e-01
4.107979257089999692e+02 2.806006529889999990e-01
4.109588132939999809e+02 2.801199014119999942e-01
4.111197008799999821e+02 2.816707805870000136e-01
4.112805884649999939e+02 2.845521839879999737e-01
4.114414760509999951e+02 2.835628153859999778e-01
4.116023636359999500e+02 2.804210825449999778e-01
4.117632512219999512e+02 2.774786960200000263e-01
4.119241388069999630e+02 2.775830850909999925e-01
4.120850263930000210e+02 2.783000276720000166e-01
4.122459139780000328e+02 2.756944539780000203e-01
4.124068015640000340e+02 2.751401480039999958e-01
4.125676891500000352e+02 2.781275625569999965e-01
4.127285767350000469e+02 2.816209197260000074e-01
4.128894643209999913e+02 2.808587689229999906e-01
4.130503519060000031e+02 2.791788234600000029e-01
4.132112394920000042e+02 2.773502196950000109e-01
4.133721270770000160e+02 2.817070204970000269e-01
4.135330146630000172e+02 2.832581815369999978e-01
4.136939022479999721e+02 2.822802709680000133e-01
4.138547898339999733e+02 2.780829166570000233e-01
4.140156774189999851e+02 2.825609028389999833e-01
4.141765650049999863e+02 2.895203945059999784e-01
4.143374525899999981e+02 2.934505788969999918e-01
4.144983401759999424e+02 2.807932033780000114e-01
4.146592277609999542e+02 2.709679297750000049e-01
4.148201153469999554e+02 2.711938256109999723e-01
4.149810029330000134e+02 2.792949777600000072e-01
4.151418905180000252e+02 2.788171814979999996e-01
4.153027781040000264e+02 2.735854513389999743e-01
4.154636656890000381e+02 2.670039702049999963e-01
4.156245532750000393e+02 2.700186371500000182e-01
4.157854408599999942e+02 2.703587292899999883e-01
4.159463284459999954e+02 2.751067766329999831e-01
4.161072160310000072e+02 2.843901110889999750e-01
4.162681036170000084e+02 2.845202938809999749e-01
4.164289912020000202e+02 2.861980032259999751e-01
4.165898787879999645e+02 2.784466350300000004e-01
4.167507663729999763e+02 2.710459346860000229e-01
4.169116539589999775e+02 2.739907967269999967e-01
4.170725415439999892e+02 2.738553963049999984e-01
4.172334291299999904e+02 2.836249668499999932e-01
4.173943167159999348e+02 2.796906116249999741e-01
4.175552043009999466e+02 2.752783638279999723e-01
4.177160918870000614e+02 2.704849450360000129e-01
4.178769794720000164e+02 2.680121198829999996e-01
4.180378670580000176e+02 2.691338664590000040e-01
4.181987546430000293e+02 2.717036787680000010e-01
4.183596422290000305e+02 2.777403209150000052e-01
4.185205298140000423e+02 2.820593895990000100e-01
4.186814173999999866e+02 2.827771346629999738e-01
4.188423049849999984e+02 2.799606532550000249e-01
4.190031925709999996e+02 2.753298764379999986e-01
4.191640801560000114e+02 2.767842160940000018e-01
4.193249677420000125e+02 2.821706907100000050e-01
4.194858553269999675e+02 2.899599216420000181e-01
4.196467429129999687e+02 3.018630584670000117e-01
4.198076304989999699e+02 3.014213021470000253e-01
4.199685180839999816e+02 2.959210272180000101e-01
4.201294056699999828e+02 2.880867662830000064e-01
4.202902932549999377e+02 2.880993523170000126e-01
4.204511808410000526e+02 2.889637427960000116e-01
4.206120684260000644e+02 2.855704127040000206e-01
4.207729560120000087e+02 2.869000978999999840e-01
4.209338435970000205e+02 2.893684300020000211e-01
4.210947311830000217e+02 2.946452148390000247e-01
4.212556187680000335e+02 2.882877038009999948e-01
4.214165063540000347e+02 2.841131390070000262e-01
4.215773939389999896e+02 2.846168946670000199e-01
4.217382815249999908e+02 2.883852321520000150e-01
4.218991691100000025e+02 2.930029920630000118e-01
4.220600566960000037e+02 2.913470231199999927e-01
4.222209442820000049e+02 2.950886761759999866e-01
4.223818318669999599e+02 2.977530408719999966e-01
4.225427194529999610e+02 3.010890555579999739e-01
4.227036070379999728e+02 3.009234710259999779e-01
4.228644946239999740e+02 2.999861093760000097e-01
4.230253822089999858e+02 3.002537824359999830e-01
4.231862697950000438e+02 2.955968563520000036e-01
4.233471573800000556e+02 2.933605599179999746e-01
4.235080449660000568e+02 2.860781488169999998e-01
4.236689325510000117e+02 2.844377501700000033e-01
4.238298201370000129e+02 2.867205540369999750e-01
4.239907077220000247e+02 2.902524487779999940e-01
4.241515953080000259e+02 2.871226142639999868e-01
4.243124828930000376e+02 2.852401432839999917e-01
4.244733704789999820e+02 2.759467965080000251e-01
4.246342580649999832e+02 2.828347438709999939e-01
4.247951456499999949e+02 2.898796481209999776e-01
4.249560332359999961e+02 3.002757189290000128e-01
4.251169208210000079e+02 3.004811863340000055e-01
4.252778084069999522e+02 2.992613786900000239e-01
4.254386959919999640e+02 2.935095736109999964e-01
4.255995835779999652e+02 2.944081366690000090e-01
4.257604711629999770e+02 2.945785929809999759e-01
4.259213587489999782e+02 3.015689150340000180e-01
4.260822463339999331e+02 2.997668543229999871e-01
4.262431339200000480e+02 2.917935198509999939e-01
4.264040215050000597e+02 2.846546673550000017e-01
4.265649090910000041e+02 2.818195974550000149e-01
4.267257966760000159e+02 2.894910101079999909e-01
4.268866842620000170e+02 2.934491865339999839e-01
4.270475718480000182e+02 2.970841842460000271e-01
4.272084594330000300e+02 2.919962578849999990e-01
4.273693470189999744e+02 2.931731899860000046e-01
4.275302346039999861e+02 2.930725839300000191e-01
4.276911221899999873e+02 2.966686321020000072e-01
4.278520097749999991e+02 2.944476108579999751e-01
4.280128973610000003e+02 2.925377618530000112e-01
4.281737849459999552e+02 2.899373165590000134e-01
4.283346725319999564e+02 2.902144609780000217e-01
4.284955601169999682e+02 2.875100709439999958e-01
4.286564477029999694e+02 2.853859438790000147e-01
4.288173352879999811e+02 2.883226099669999876e-01
4.289782228740000392e+02 2.923376461350000177e-01
4.291391104590000509e+02 2.979569065100000080e-01
4.292999980450000521e+02 3.030499066860000146e-01
4.294608856300000070e+02 3.028273982169999989e-01
4.296217732160000082e+02 3.000834239099999801e-01
4.297826608020000094e+02 2.889495325079999843e-01
4.299435483870000212e+02 2.923502290319999752e-01
4.301044359730000224e+02 2.980765408839999853e-01
4.302653235579999773e+02 3.062578793349999828e-01
4.304262111439999785e+02 3.005094788620000235e-01
4.305870987289999903e+02 2.998841121520000041e-01
4.307479863149999915e+02 2.964436287589999885e-01
4.309088739000000032e+02 2.991594636129999984e-01
4.310697614859999476e+02 2.986576321130000045e-01
4.312306490709999593e+02 3.042226333099999902e-01
4.313915366569999605e+02 3.056585048800000148e-01
4.315524242419999723e+02 2.988784381819999947e-01
4.317133118280000303e+02 2.940690604730000213e-01
4.318741994130000421e+02 2.914904546509999861e-01
4.320350869990000433e+02 2.934476364729999842e-01
4.321959745850000445e+02 2.931321624989999819e-01
4.323568621699999994e+02 2.866754788859999792e-01
4.325177497560000006e+02 2.941148449070000170e-01
4.326786373410000124e+02 2.946686791279999884e-01
4.328395249270000136e+02 2.942849258420000003e-01
4.330004125120000253e+02 2.831374949170000210e-01
4.331613000979999697e+02 2.809140315740000227e-01
4.333221876829999815e+02 2.831607389560000243e-01
4.334830752689999827e+02 2.915061780220000176e-01
4.336439628539999944e+02 2.857562487190000167e-01
4.338048504399999956e+02 2.839926488910000102e-01
4.339657380249999505e+02 2.825480861970000035e-01
4.341266256109999517e+02 2.941526967229999845e-01
4.342875131959999635e+02 2.962004134899999808e-01
4.344484007820000215e+02 2.915797970399999772e-01
4.346092883680000227e+02 2.866700519340000253e-01
4.347701759530000345e+02 2.816620975949999939e-01
4.349310635390000357e+02 2.903797110770000023e-01
4.350919511240000475e+02 2.927645632340000192e-01
4.352528387099999918e+02 2.954114863230000165e-01
4.354137262950000036e+02 2.966370261660000174e-01
4.355746138810000048e+02 3.004320947019999966e-01
4.357355014660000165e+02 3.025239142050000218e-01
4.358963890520000177e+02 2.984979398079999902e-01
4.360572766369999727e+02 2.919232717729999815e-01
4.362181642229999738e+02 2.910718003280000077e-01
4.363790518079999856e+02 2.934169866860000253e-01
4.365399393939999868e+02 2.957727347879999802e-01
4.367008269789999986e+02 3.005964876250000195e-01
4.368617145649999429e+02 2.963710511200000064e-01
4.370226021509999441e+02 2.934423927740000271e-01
4.371834897359999559e+02 2.926257913199999949e-01
4.373443773220000139e+02 2.958169312839999954e-01
4.375052649070000257e+02 3.051583373799999777e-01
4.376661524930000269e+02 3.019262468739999927e-01
4.378270400780000386e+02 3.014995132000000133e-01
4.379879276640000398e+02 3.005532175369999837e-01
4.381488152489999948e+02 3.074793751550000120e-01
4.383097028349999960e+02 3.080657490090000228e-01
4.384705904200000077e+02 3.030569068389999954e-01
4.386314780060000089e+02 2.947959098419999924e-01
4.387923655910000207e+02 2.887550821509999865e-01
4.389532531769999650e+02 2.880522644460000170e-01
4.391141407619999768e+02 2.875426750730000203e-01
4.392750283479999780e+02 2.871625685470000078e-01
4.394359159339999792e+02 2.884664089539999976e-01
4.395968035189999910e+02 3.009179474490000228e-01
4.397576911049999353e+02 3.092255786240000193e-01
4.399185786899999471e+02 3.113066137089999796e-01
4.400794662760000620e+02 3.063070183459999929e-01
4.402403538610000169e+02 3.029778913469999835e-01
4.404012414470000181e+02 3.048122807429999859e-01
4.405621290320000298e+02 3.035971571609999975e-01
4.407230166180000310e+02 3.105739362930000080e-01
4.408839042030000428e+02 3.082209601679999911e-01
4.410447917889999871e+02 3.081904529849999741e-01
4.412056793739999989e+02 3.118771242030000113e-01
4.413665669600000001e+02 3.154543045279999958e-01
4.415274545450000119e+02 3.153645349090000161e-01
4.416883421310000131e+02 3.069798533759999781e-01
4.418492297169999574e+02 3.046655015840000202e-01
4.420101173019999692e+02 3.041994470380000037e-01
4.421710048879999704e+02 3.027268937629999934e-01
4.423318924729999821e+02 2.984445733330000072e-01
4.424927800589999833e+02 2.999275592260000067e-01
4.426536676439999383e+02 3.048365690670000183e-01
4.428145552300000531e+02 3.042324784559999884e-01
4.429754428150000649e+02 3.012524767859999786e-01
4.431363304010000093e+02 2.955038592609999792e-01
4.432972179860000210e+02 3.028295057870000195e-01
4.434581055720000222e+02 3.073114912730000037e-01
4.436189931570000340e+02 3.064385700100000220e-01
4.437798807430000352e+02 2.946090580760000188e-01
4.439407683279999901e+02 2.905543406800000228e-01
4.441016559139999913e+02 2.947565943659999910e-01
4.442625434999999925e+02 3.047592417750000227e-01
4.444234310850000043e+02 3.085953487979999910e-01
4.445843186710000055e+02 3.036912111160000038e-01
4.447452062559999604e+02 2.966367525279999806e-01
4.449060938419999616e+02 2.897827573719999883e-01
4.450669814269999733e+02 2.905691642500000116e-01
4.452278690129999745e+02 2.989704993160000046e-01
4.453887565979999863e+02 3.058923798479999956e-01
4.455496441840000443e+02 3.131722599219999847e-01
4.457105317690000561e+02 3.097151175050000260e-01
4.458714193550000573e+02 3.071665380649999944e-01
4.460323069400000122e+02 3.060224458849999940e-01
4.461931945260000134e+02 3.077509042780000037e-01
4.463540821110000252e+02 3.047326144399999936e-01
4.465149696970000264e+02 3.050186042420000021e-01
4.466758572830000276e+02 3.055270987290000240e-01
4.468367448679999825e+02 3.067237114959999733e-01
4.469976324539999837e+02 3.001914944519999962e-01
4.471585200389999954e+02 2.911352937989999945e-01
4.473194076249999966e+02 2.905881639180000198e-01
4.474802952100000084e+02 2.928897452859999806e-01
4.476411827959999528e+02 2.959600787100000185e-01
4.478020703809999645e+02 2.986626829790000048e-01
4.479629579669999657e+02 2.968944284260000011e-01
4.481238455519999775e+02 2.958392610319999783e-01
4.482847331379999787e+02 3.002554031319999983e-01
4.484456207229999336e+02 2.954045435389999752e-01
4.486065083090000485e+02 2.979856549400000110e-01
4.487673958940000603e+02 2.991745489029999927e-01
4.489282834800000046e+02 3.032518276749999742e-01
4.490891710650000164e+02 3.052996758509999853e-01
4.492500586510000176e+02 3.035578506159999912e-01
4.494109462370000188e+02 3.059471502800000242e-01
4.495718338220000305e+02 3.083331270379999767e-01
4.497327214079999749e+02 2.463260087609999982e-01
4.498936089929999866e+02 1.658828546189999864e-01
4.500544965789999878e+02 8.015037769110000543e-02
4.502153841639999996e+02 5.280031761409999941e-02
4.503762717500000008e+02 5.044412466429999686e-02
4.505371593349999557e+02 4.974206035969999662e-02
4.506980469209999569e+02 4.876963115889999811e-02
4.508589345059999687e+02 3.411595867710000285e-02
4.510198220919999699e+02 1.856255951520000003e-02
4.511807096769999816e+02 3.361370689289999887e-03
4.513415972630000397e+02 4.454318099359999799e-04
4.515024848480000514e+02 2.007315381529999998e-04
4.516633724340000526e+02 7.919532657710000138e-05
4.518242600199999970e+02 2.015332032750000055e-05
4.519851476050000088e+02 1.249415826470000027e-06
4.521460351910000099e+02 9.106732264519999588e-07
4.523069227760000217e+02 5.090427494630000445e-07
4.524678103620000229e+02 1.494364836169999951e-07
4.526286979469999778e+02 0.000000000000000000e+00
4.527895855329999790e+02 0.000000000000000000e+00
4.529504731179999908e+02 0.000000000000000000e+00
4.531113607039999920e+02 0.000000000000000000e+00
4.532722482890000038e+02 0.000000000000000000e+00
4.534331358749999481e+02 0.000000000000000000e+00
4.535940234599999599e+02 0.000000000000000000e+00
4.537549110459999611e+02 0.000000000000000000e+00
4.539157986309999728e+02 0.000000000000000000e+00
4.540766862170000309e+02 0.000000000000000000e+00
4.542375738030000321e+02 0.000000000000000000e+00
4.543984613880000438e+02 0.000000000000000000e+00
4.545593489740000450e+02 0.000000000000000000e+00
4.547202365589999999e+02 0.000000000000000000e+00
4.548811241450000011e+02 0.000000000000000000e+00
4.550420117300000129e+02 0.000000000000000000e+00
4.552028993160000141e+02 0.000000000000000000e+00
4.553637869010000259e+02 0.000000000000000000e+00
4.555246744869999702e+02 0.000000000000000000e+00
4.556855620719999820e+02 0.000000000000000000e+00
4.558464496579999832e+02 0.000000000000000000e+00
4.560073372429999949e+02 0.000000000000000000e+00
4.561682248289999961e+02 0.000000000000000000e+00
4.563291124139999511e+02 0.000000000000000000e+00
4.564899999999999523e+02 0.000000000000000000e+00
