# Wavelength (Nm)      Variance
2.892959999999999923e+02 1.691131399999999951e-01
2.893494838709999613e+02 1.609739509679999903e-01
2.894029677419999871e+02 1.600096051609999903e-01
2.894564516130000129e+02 1.604405227100000053e-01
2.895099354840000387e+02 1.648433509680000131e-01
2.895634193550000077e+02 1.667261051610000044e-01
2.896169032260000336e+02 1.665858263230000080e-01
2.896703870970000025e+02 1.696148827099999978e-01
2.897238709679999715e+02 1.734544743230000130e-01
2.897773548389999974e+02 1.807376892900000032e-01
2.898308387099999663e+02 1.868695922580000113e-01
2.898843225809999922e+02 1.877007260649999898e-01
2.899378064520000180e+02 1.888880423229999939e-01
2.899912903230000438e+02 1.876590580649999951e-01
2.900447741940000128e+02 1.857470504519999899e-01
2.900982580649999818e+02 1.852938625810000017e-01
2.901517419350000182e+02 1.830911656770000118e-01
2.902052258059999872e+02 1.811996005160000089e-01
2.902587096769999562e+02 1.797267563870000029e-01
2.903121935479999820e+02 1.804000601290000061e-01
2.903656774190000078e+02 1.838939845160000031e-01
2.904191612900000337e+02 1.860375065809999895e-01
2.904726451610000026e+02 1.893117083870000106e-01
2.905261290320000285e+02 1.870844678709999986e-01
2.905796129029999975e+02 1.854100882580000109e-01
2.906330967739999664e+02 1.850190419349999893e-01
2.906865806449999923e+02 1.861326252899999922e-01
2.907400645159999613e+02 1.837140958709999883e-01
2.907935483869999871e+02 1.764880929029999934e-01
2.908470322580000129e+02 1.701453330319999957e-01
2.909005161290000387e+02 1.679266174190000016e-01
2.909540000000000077e+02 1.646673879999999979e-01
2.910074838710000336e+02 1.658356055480000035e-01
2.910609677420000025e+02 1.700417229679999920e-01
2.911144516129999715e+02 1.726904838710000001e-01
2.911679354839999974e+02 1.740426741939999911e-01
2.912214193549999663e+02 1.764112917419999871e-01
2.912749032259999922e+02 1.805384578060000023e-01
2.913283870970000180e+02 1.893422200000000055e-01
2.913818709680000438e+02 1.929171879999999895e-01
2.914353548390000128e+02 1.937804658060000018e-01
2.914888387099999818e+02 1.937887987099999876e-01
2.915423225810000076e+02 1.915020692899999932e-01
2.915958064519999766e+02 1.888305099350000016e-01
2.916492903230000024e+02 1.869309196130000128e-01
2.917027741939999714e+02 1.852186322580000044e-01
2.917562580649999973e+02 1.844049028389999900e-01
2.918097419350000337e+02 1.818555219349999863e-01
2.918632258060000026e+02 1.810966049030000025e-01
2.919167096770000285e+02 1.808979345810000083e-01
2.919701935479999975e+02 1.839161703230000056e-01
2.920236774189999664e+02 1.864162458059999972e-01
2.920771612899999923e+02 1.872887098059999866e-01
2.921306451609999613e+02 1.865029809029999930e-01
2.921841290319999871e+02 1.881061818060000002e-01
2.922376129030000129e+02 1.912925858060000039e-01
2.922910967740000387e+02 1.933646490320000133e-01
2.923445806450000077e+02 1.941511525159999862e-01
2.923980645160000336e+02 1.942539194840000039e-01
2.924515483870000025e+02 1.938641863230000095e-01
2.925050322579999715e+02 1.939247509679999926e-01
2.925585161289999974e+02 1.934839169029999861e-01
2.926119999999999663e+02 1.938210439999999979e-01
2.926654838709999922e+02 1.899769175480000016e-01
2.927189677420000180e+02 1.858366041289999937e-01
2.927724516130000438e+02 1.850348290319999978e-01
2.928259354840000128e+02 1.849431948390000136e-01
2.928794193549999818e+02 1.830344658059999963e-01
2.929329032260000076e+02 1.807299748389999960e-01
2.929863870969999766e+02 1.764632189679999907e-01
2.930398709680000024e+02 1.760241083870000001e-01
2.930933548389999714e+02 1.756900196129999869e-01
2.931468387099999973e+02 1.782509940650000013e-01
2.932003225810000231e+02 1.812203140649999988e-01
2.932538064519999921e+02 1.805445929030000118e-01
2.933072903230000179e+02 1.795475574189999979e-01
2.933607741939999869e+02 1.826179618060000120e-01
2.934142580650000127e+02 1.868883388389999956e-01
2.934677419349999923e+02 1.894780363870000039e-01
2.935212258059999613e+02 1.878357783229999967e-01
2.935747096769999871e+02 1.877502709680000104e-01
2.936281935480000129e+02 1.875738864519999882e-01
2.936816774190000388e+02 1.871127387100000039e-01
2.937351612900000077e+02 1.874832736769999897e-01
2.937886451610000336e+02 1.866662938059999999e-01
2.938421290320000026e+02 1.834932741939999945e-01
2.938956129029999715e+02 1.787316456770000062e-01
2.939490967739999974e+02 1.774894303229999915e-01
2.940025806449999664e+02 1.808985141939999930e-01
2.940560645159999922e+02 1.804950615479999909e-01
2.941095483870000180e+02 1.802751819350000007e-01
2.941630322580000438e+02 1.768153249030000040e-01
2.942165161290000128e+02 1.766842685159999982e-01
2.942699999999999818e+02 1.738192919999999864e-01
2.943234838710000076e+02 1.718351415480000033e-01
2.943769677419999766e+02 1.720919741939999914e-01
2.944304516130000025e+02 1.725936540649999906e-01
2.944839354839999714e+02 1.701069948389999920e-01
2.945374193549999973e+02 1.693168972899999902e-01
2.945909032260000231e+02 1.689223686449999873e-01
2.946443870969999921e+02 1.729379567740000068e-01
2.946978709680000179e+02 1.710326451610000020e-01
2.947513548389999869e+02 1.705634019349999975e-01
2.948048387100000127e+02 1.728186625810000099e-01
2.948583225809999817e+02 1.743809654190000002e-01
2.949118064520000075e+02 1.765600961290000048e-01
2.949652903229999765e+02 1.772694886450000007e-01
2.950187741940000024e+02 1.780963353549999961e-01
2.950722580650000282e+02 1.765702883870000073e-01
2.951257419350000077e+02 1.775373163869999882e-01
2.951792258060000336e+02 1.780106406449999956e-01
2.952327096770000026e+02 1.808979449030000131e-01
2.952861935479999715e+02 1.840882696770000104e-01
2.953396774189999974e+02 1.849894286450000092e-01
2.953931612899999664e+02 1.840935256769999917e-01
2.954466451609999922e+02 1.816714780650000027e-01
2.955001290320000180e+02 1.823145278709999983e-01
2.955536129030000438e+02 1.844300434839999947e-01
2.956070967740000128e+02 1.819469641289999939e-01
2.956605806449999818e+02 1.803648405159999912e-01
2.957140645160000076e+02 1.798265103230000106e-01
2.957675483869999766e+02 1.784215741940000099e-01
2.958210322580000025e+02 1.770096889030000065e-01
2.958745161289999714e+02 1.750576916129999994e-01
2.959279999999999973e+02 1.757650119999999982e-01
2.959814838710000231e+02 1.738689432259999945e-01
2.960349677419999921e+02 1.684572799999999870e-01
2.960884516130000179e+02 1.686287405159999919e-01
2.961419354839999869e+02 1.679781082579999973e-01
2.961954193550000127e+02 1.681040766449999890e-01
2.962489032259999817e+02 1.678270864520000072e-01
2.963023870970000075e+02 1.665828843870000020e-01
2.963558709679999765e+02 1.638072272259999962e-01
2.964093548390000024e+02 1.623782837420000014e-01
2.964628387100000282e+02 1.647821005160000074e-01
2.965163225809999972e+02 1.665743909680000023e-01
2.965698064520000230e+02 1.673688383230000076e-01
2.966232903229999920e+02 1.681401216769999873e-01
2.966767741940000178e+02 1.658431489030000039e-01
2.967302580649999868e+02 1.656513352260000072e-01
2.967837419349999664e+02 1.653404283869999991e-01
2.968372258059999922e+02 1.645482135480000052e-01
2.968907096770000180e+02 1.666340687739999993e-01
2.969441935480000438e+02 1.656507935479999971e-01
2.969976774190000128e+02 1.641277317419999882e-01
2.970511612899999818e+02 1.655818058059999875e-01
2.971046451610000076e+02 1.647115153550000044e-01
2.971581290319999766e+02 1.660602014189999920e-01
2.972116129030000025e+02 1.657920278710000028e-01
2.972650967739999714e+02 1.641434618060000072e-01
2.973185806449999973e+02 1.653690245159999961e-01
2.973720645160000231e+02 1.635582291609999905e-01
2.974255483869999921e+02 1.605171630970000096e-01
2.974790322580000179e+02 1.607374056770000115e-01
2.975325161289999869e+02 1.620174718709999906e-01
2.975860000000000127e+02 1.638007400000000002e-01
2.976394838709999817e+02 1.640973872260000077e-01
2.976929677420000075e+02 1.645271757419999870e-01
2.977464516129999765e+02 1.652685812899999940e-01
2.977999354840000024e+02 1.664970988389999906e-01
2.978534193550000282e+02 1.694575561289999865e-01
2.979069032259999972e+02 1.742667874840000131e-01
2.979603870970000230e+02 1.738677780650000060e-01
2.980138709679999920e+02 1.749010125159999873e-01
2.980673548390000178e+02 1.749798299349999975e-01
2.981208387099999868e+02 1.772350038709999964e-01
2.981743225809999558e+02 1.799009677420000120e-01
2.982278064519999816e+02 1.822059725159999866e-01
2.982812903230000074e+02 1.827274329030000033e-01
2.983347741940000333e+02 1.824828587100000010e-01
2.983882580650000023e+02 1.819986561290000138e-01
2.984417419349999818e+02 1.817606975480000053e-01
2.984952258060000077e+02 1.833101518709999989e-01
2.985487096769999766e+02 1.821709615479999989e-01
2.986021935480000025e+02 1.820797442579999981e-01
2.986556774189999715e+02 1.828269767740000051e-01
2.987091612899999973e+02 1.819936972900000061e-01
2.987626451610000231e+02 1.820717979350000015e-01
2.988161290319999921e+02 1.815848105810000113e-01
2.988696129030000179e+02 1.800769961289999943e-01
2.989230967739999869e+02 1.804097967739999864e-01
2.989765806450000127e+02 1.796557402579999907e-01
2.990300645159999817e+02 1.776082108389999969e-01
2.990835483870000076e+02 1.791407687740000088e-01
2.991370322579999765e+02 1.815314299349999883e-01
2.991905161290000024e+02 1.842984000000000011e-01
2.992440000000000282e+02 1.880125559999999973e-01
2.992974838709999972e+02 1.914346732899999959e-01
2.993509677420000230e+02 1.918573180650000043e-01
2.994044516129999920e+02 1.920603840000000007e-01
2.994579354840000178e+02 1.928275754840000078e-01
2.995114193549999868e+02 1.952144263230000121e-01
2.995649032259999558e+02 1.962481722580000087e-01
2.996183870969999816e+02 1.923041243870000083e-01
2.996718709680000075e+02 1.860835356130000062e-01
2.997253548390000333e+02 1.799543658059999940e-01
2.997788387100000023e+02 1.747713647739999876e-01
2.998323225810000281e+02 1.773021523870000060e-01
2.998858064519999971e+02 1.785989154840000037e-01
2.999392903229999661e+02 1.787947512259999983e-01
2.999927741939999919e+02 1.784937072259999979e-01
3.000462580649999609e+02 1.788913167739999976e-01
3.000997419349999973e+02 1.764672428390000047e-01
3.001532258060000231e+02 1.786790014190000053e-01
3.002067096769999921e+02 1.811706547099999898e-01
3.002601935480000179e+02 1.851882463229999887e-01
3.003136774189999869e+02 1.842945393550000088e-01
3.003671612900000127e+02 1.840198881289999977e-01
3.004206451609999817e+02 1.840532070969999878e-01
3.004741290320000076e+02 1.826062169029999960e-01
3.005276129029999765e+02 1.766452660650000006e-01
3.005810967740000024e+02 1.736938274840000018e-01
3.006345806450000282e+02 1.750908981940000053e-01
3.006880645159999972e+02 1.753207503230000130e-01
3.007415483870000230e+02 1.786315682580000008e-01
3.007950322579999920e+02 1.800766052899999969e-01
3.008485161290000178e+02 1.795875618059999956e-01
3.009019999999999868e+02 1.785849599999999870e-01
3.009554838709999558e+02 1.800437148390000019e-01
3.010089677419999816e+02 1.845927460650000074e-01
3.010624516130000075e+02 1.898529157420000002e-01
3.011159354840000333e+02 1.903127566449999974e-01
3.011694193550000023e+02 1.907730766450000115e-01
3.012229032260000281e+02 1.884869077419999983e-01
3.012763870969999971e+02 1.833757532899999987e-01
3.013298709679999661e+02 1.808047701939999863e-01
3.013833548389999919e+02 1.816133801289999961e-01
3.014368387099999609e+02 1.836367952259999881e-01
3.014903225809999867e+02 1.847480406450000001e-01
3.015438064520000125e+02 1.854698318709999960e-01
3.015972903230000384e+02 1.880877960000000015e-01
3.016507741940000074e+02 1.880407605159999940e-01
3.017042580650000332e+02 1.863660677420000134e-01
3.017577419350000127e+02 1.884132664519999889e-01
3.018112258059999817e+02 1.877253077419999971e-01
3.018647096770000076e+02 1.877145518710000016e-01
3.019181935479999765e+02 1.882259301939999963e-01
3.019716774190000024e+02 1.855034233550000022e-01
3.020251612900000282e+02 1.811852103230000011e-01
3.020786451609999972e+02 1.811934402579999936e-01
3.021321290320000230e+02 1.794716210320000116e-01
3.021856129029999920e+02 1.777687254189999899e-01
3.022390967740000178e+02 1.757164201289999894e-01
3.022925806449999868e+02 1.763090290319999920e-01
3.023460645159999558e+02 1.767129129030000079e-01
3.023995483869999816e+02 1.770897523870000045e-01
3.024530322580000075e+02 1.789846756129999938e-01
3.025065161290000333e+02 1.827880932900000088e-01
3.025600000000000023e+02 1.827332200000000018e-01
3.026134838710000281e+02 1.804164163870000115e-01
3.026669677419999971e+02 1.814134330319999988e-01
3.027204516129999661e+02 1.841013042580000036e-01
3.027739354839999919e+02 1.834755070970000013e-01
3.028274193549999609e+02 1.823239767740000017e-01
3.028809032259999867e+02 1.809141789679999945e-01
3.029343870970000125e+02 1.753115589679999919e-01
3.029878709680000384e+02 1.718661411609999912e-01
3.030413548390000074e+02 1.721395349679999964e-01
3.030948387100000332e+02 1.734525012900000052e-01
3.031483225810000022e+02 1.751353486449999941e-01
3.032018064519999712e+02 1.746885896769999891e-01
3.032552903229999970e+02 1.745411819350000115e-01
3.033087741939999660e+02 1.748565993550000031e-01
3.033622580649999918e+02 1.744994909679999928e-01
3.034157419350000282e+02 1.730768158709999893e-01
3.034692258059999972e+02 1.732709091609999918e-01
3.035227096770000230e+02 1.726687849029999999e-01
3.035761935479999920e+02 1.725489423229999986e-01
3.036296774190000178e+02 1.712815167739999977e-01
3.036831612899999868e+02 1.687581709679999986e-01
3.037366451609999558e+02 1.698639971610000077e-01
3.037901290319999816e+02 1.698613869679999888e-01
3.038436129030000075e+02 1.715126878709999914e-01
3.038970967740000333e+02 1.737193180649999891e-01
3.039505806450000023e+02 1.780899647739999925e-01
3.040040645160000281e+02 1.779038340649999883e-01
3.040575483869999971e+02 1.753460975480000128e-01
3.041110322579999661e+02 1.759228216769999908e-01
3.041645161289999919e+02 1.792796077419999967e-01
3.042179999999999609e+02 1.806948039999999867e-01
3.042714838709999867e+02 1.816216069680000045e-01
3.043249677420000125e+02 1.815951885160000112e-01
3.043784516130000384e+02 1.815708300649999940e-01
3.044319354840000074e+02 1.825160270969999887e-01
3.044854193550000332e+02 1.839101634839999944e-01
3.045389032260000022e+02 1.851428240000000114e-01
3.045923870969999712e+02 1.856682726449999932e-01
3.046458709679999970e+02 1.837236864519999902e-01
3.046993548389999660e+02 1.814811619349999960e-01
3.047528387099999918e+02 1.814683114840000000e-01
3.048063225810000176e+02 1.815675609029999971e-01
3.048598064520000435e+02 1.833402721290000037e-01
3.049132903230000124e+02 1.807879495480000098e-01
3.049667741939999814e+02 1.771729367740000061e-01
3.050202580650000073e+02 1.780855618059999923e-01
3.050737419349999868e+02 1.784496553549999864e-01
3.051272258059999558e+02 1.800398292900000086e-01
3.051807096769999816e+02 1.837219895480000087e-01
3.052341935480000075e+02 1.839853283869999911e-01
3.052876774190000333e+02 1.837633379349999929e-01
3.053411612900000023e+02 1.828017610319999930e-01
3.053946451610000281e+02 1.842866461940000089e-01
3.054481290319999971e+02 1.857061065810000078e-01
3.055016129029999661e+02 1.845942961289999962e-01
3.055550967739999919e+02 1.841263699350000060e-01
3.056085806449999609e+02 1.843814921290000131e-01
3.056620645159999867e+02 1.797967729030000017e-01
3.057155483870000126e+02 1.763277614190000009e-01
3.057690322580000384e+02 1.753496993549999994e-01
3.058225161290000074e+02 1.751358199999999976e-01
3.058760000000000332e+02 1.767748279999999950e-01
3.059294838710000022e+02 1.778235704520000071e-01
3.059829677419999712e+02 1.800429747099999978e-01
3.060364516129999970e+02 1.823066464520000096e-01
3.060899354839999660e+02 1.813747634840000011e-01
3.061434193549999918e+02 1.850604992260000137e-01
3.061969032260000176e+02 1.891998361289999875e-01
3.062503870970000435e+02 1.902971076130000050e-01
3.063038709680000125e+02 1.895986593550000043e-01
3.063573548389999814e+02 1.870086863229999952e-01
3.064108387100000073e+02 1.839237780649999876e-01
3.064643225809999763e+02 1.827030054190000030e-01
3.065178064520000021e+02 1.806856170320000066e-01
3.065712903229999711e+02 1.811291999999999902e-01
3.066247741939999969e+02 1.816917363870000079e-01
3.066782580650000227e+02 1.810039625809999886e-01
3.067317419350000023e+02 1.827879909679999970e-01
3.067852258060000281e+02 1.860276490320000031e-01
3.068387096769999971e+02 1.929195690319999990e-01
3.068921935479999661e+02 1.986303490319999976e-01
3.069456774189999919e+02 2.012276215480000019e-01
3.069991612899999609e+02 2.049140876130000066e-01
3.070526451609999867e+02 2.094004326449999953e-01
3.071061290320000126e+02 2.088864870970000009e-01
3.071596129030000384e+02 2.037042237420000068e-01
3.072130967740000074e+02 2.005678945809999947e-01
3.072665806450000332e+02 1.970516575479999977e-01
3.073200645160000022e+02 1.931686414190000034e-01
3.073735483869999712e+02 1.880716780649999975e-01
3.074270322579999970e+02 1.879458988390000085e-01
3.074805161289999660e+02 1.865784348389999958e-01
3.075339999999999918e+02 1.846896520000000097e-01
3.075874838710000176e+02 1.836716663229999991e-01
3.076409677420000435e+02 1.864990967740000061e-01
3.076944516130000125e+02 1.863301388389999869e-01
3.077479354839999814e+02 1.856766307100000124e-01
3.078014193550000073e+02 1.865132353550000011e-01
3.078549032259999763e+02 1.866165647739999878e-01
3.079083870970000021e+02 1.870405406450000030e-01
3.079618709679999711e+02 1.882689800000000024e-01
3.080153548389999969e+02 1.888764953550000070e-01
3.080688387100000227e+02 1.872541661940000102e-01
3.081223225809999917e+02 1.880705176770000042e-01
3.081758064520000175e+02 1.915038070969999895e-01
3.082292903229999865e+02 1.973966665809999965e-01
3.082827741940000124e+02 1.994666663230000025e-01
3.083362580649999813e+02 2.028369615479999888e-01
3.083897419349999609e+02 2.012723652900000049e-01
3.084432258059999867e+02 1.945607000000000031e-01
3.084967096770000126e+02 1.909014264520000059e-01
3.085501935480000384e+02 1.885565867100000015e-01
3.086036774190000074e+02 1.849787584519999861e-01
3.086571612900000332e+02 1.803131996129999914e-01
3.087106451610000022e+02 1.765542225810000088e-01
3.087641290319999712e+02 1.753919913549999987e-01
3.088176129029999970e+02 1.728846716130000016e-01
3.088710967739999660e+02 1.719243508390000119e-01
3.089245806449999918e+02 1.764937793549999911e-01
3.089780645160000176e+02 1.809409935480000009e-01
3.090315483870000435e+02 1.840163828389999867e-01
3.090850322580000125e+02 1.849074433550000063e-01
3.091385161289999814e+02 1.873143810319999880e-01
3.091920000000000073e+02 1.895910000000000095e-01
3.092454838709999763e+02 1.883730516129999977e-01
3.092989677420000021e+02 1.872403303229999982e-01
3.093524516129999711e+02 1.836809518710000033e-01
3.094059354839999969e+02 1.820503112259999889e-01
3.094594193550000227e+02 1.780491646450000076e-01
3.095129032259999917e+02 1.744032896770000007e-01
3.095663870970000175e+02 1.744533530319999914e-01
3.096198709679999865e+02 1.725758820649999914e-01
3.096733548390000124e+02 1.725902745810000138e-01
3.097268387099999813e+02 1.734421394840000019e-01
3.097803225810000072e+02 1.749735593550000023e-01
3.098338064519999762e+02 1.785657370319999881e-01
3.098872903230000020e+02 1.783546596130000106e-01
3.099407741940000278e+02 1.809217445159999882e-01
3.099942580649999968e+02 1.824070489029999964e-01
3.100477419350000332e+02 1.831684819349999882e-01
3.101012258060000022e+02 1.874662717420000069e-01
3.101547096769999712e+02 1.890027205160000057e-01
3.102081935479999970e+02 1.877645703230000074e-01
3.102616774189999660e+02 1.861172863230000085e-01
3.103151612899999918e+02 1.872593974189999955e-01
3.103686451610000177e+02 1.883077406449999991e-01
3.104221290320000435e+02 1.871203265810000016e-01
3.104756129030000125e+02 1.841522634839999895e-01
3.105290967739999815e+02 1.869198592259999903e-01
3.105825806450000073e+02 1.836697277419999941e-01
3.106360645159999763e+02 1.828919997419999888e-01
3.106895483870000021e+02 1.845153114839999942e-01
3.107430322579999711e+02 1.894485553549999923e-01
3.107965161289999969e+02 1.886680099349999917e-01
3.108500000000000227e+02 1.893836600000000092e-01
3.109034838709999917e+02 1.912005949679999872e-01
3.109569677420000176e+02 1.966060912260000071e-01
3.110104516129999865e+02 1.987533198710000060e-01
3.110639354840000124e+02 1.982987550970000123e-01
3.111174193549999814e+02 1.984687348389999884e-01
3.111709032260000072e+02 1.957062934190000048e-01
3.112243870969999762e+02 1.913219369030000061e-01
3.112778709680000020e+02 1.878177932900000069e-01
3.113313548390000278e+02 1.861238239999999933e-01
3.113848387099999968e+02 1.826335793549999920e-01
3.114383225810000226e+02 1.775525189680000060e-01
3.114918064519999916e+02 1.738400127739999912e-01
3.115452903230000175e+02 1.741355350969999993e-01
3.115987741939999864e+02 1.754593027099999869e-01
3.116522580649999554e+02 1.801549367739999907e-01
3.117057419349999918e+02 1.832753085159999906e-01
3.117592258060000177e+02 1.819033910969999890e-01
3.118127096770000435e+02 1.812188867099999989e-01
3.118661935480000125e+02 1.841723606450000050e-01
3.119196774189999815e+02 1.890334496770000039e-01
3.119731612900000073e+02 1.925853686450000046e-01
3.120266451609999763e+02 1.934358467099999979e-01
3.120801290320000021e+02 1.948787468389999999e-01
3.121336129029999711e+02 1.963629952260000089e-01
3.121870967739999969e+02 1.973783096770000134e-01
3.122405806450000227e+02 2.040349731609999995e-01
3.122940645159999917e+02 2.110283931609999997e-01
3.123475483870000176e+02 2.137045405159999911e-01
3.124010322579999865e+02 2.142750876129999871e-01
3.124545161290000124e+02 2.136636464520000056e-01
3.125079999999999814e+02 2.155138719999999952e-01
3.125614838710000072e+02 2.151124836130000051e-01
3.126149677419999762e+02 2.134488411609999914e-01
3.126684516130000020e+02 2.073547366450000096e-01
3.127219354840000278e+02 2.015296445160000005e-01
3.127754193549999968e+02 1.944351303229999994e-01
3.128289032260000226e+02 1.892102612899999869e-01
3.128823870969999916e+02 1.845186282580000003e-01
3.129358709680000175e+02 1.814350760000000007e-01
3.129893548389999864e+02 1.765262729029999922e-01
3.130428387099999554e+02 1.734174598709999904e-01
3.130963225809999813e+02 1.720983770320000106e-01
3.131498064520000071e+02 1.723635298060000043e-01
3.132032903230000329e+02 1.731217794840000102e-01
3.132567741940000019e+02 1.763557903230000001e-01
3.133102580650000277e+02 1.788487109680000076e-01
3.133637419350000073e+02 1.807013708390000084e-01
3.134172258059999763e+02 1.807969179349999955e-01
3.134707096770000021e+02 1.818868058060000015e-01
3.135241935479999711e+02 1.864769348389999915e-01
3.135776774189999969e+02 1.878714201289999886e-01
3.136311612900000227e+02 1.909092343229999988e-01
3.136846451609999917e+02 1.938801357419999982e-01
3.137381290320000176e+02 1.930872083869999978e-01
3.137916129029999865e+02 1.934729967740000112e-01
3.138450967740000124e+02 1.926894339349999874e-01
3.138985806449999814e+02 1.967909449030000035e-01
3.139520645160000072e+02 2.001155934190000096e-01
3.140055483869999762e+02 1.970189837419999979e-01
3.140590322580000020e+02 1.954013754839999950e-01
3.141125161290000278e+02 1.965855331609999979e-01
3.141659999999999968e+02 1.942415839999999949e-01
3.142194838710000226e+02 1.921032246449999870e-01
3.142729677419999916e+02 1.902145996129999961e-01
3.143264516130000175e+02 1.902357780649999996e-01
3.143799354839999864e+02 1.890449606450000097e-01
3.144334193549999554e+02 1.885308690320000036e-01
3.144869032259999813e+02 1.915540674840000013e-01
3.145403870970000071e+02 1.922295499349999937e-01
3.145938709680000329e+02 1.877006941940000118e-01
3.146473548390000019e+02 1.854275255479999884e-01
3.147008387100000277e+02 1.890712579349999867e-01
3.147543225809999967e+02 1.937854628390000000e-01
3.148078064520000225e+02 1.968257224520000015e-01
3.148612903229999915e+02 1.972791587100000132e-01
3.149147741939999605e+02 1.966239029680000028e-01
3.149682580649999863e+02 1.940718230969999958e-01
3.150217419350000227e+02 1.946912385809999868e-01
3.150752258059999917e+02 1.956677175479999975e-01
3.151287096770000176e+02 1.982365406449999867e-01
3.151821935479999865e+02 1.997380689029999989e-01
3.152356774190000124e+02 1.976423983230000125e-01
3.152891612899999814e+02 1.967178898059999959e-01
3.153426451610000072e+02 1.976233043869999872e-01
3.153961290319999762e+02 1.973334529030000006e-01
3.154496129030000020e+02 1.950670976770000065e-01
3.155030967740000278e+02 1.939972723870000137e-01
3.155565806449999968e+02 1.930724566450000013e-01
3.156100645160000226e+02 1.964907900650000039e-01
3.156635483869999916e+02 1.956495980650000133e-01
3.157170322580000175e+02 1.962304403869999936e-01
3.157705161289999864e+02 1.961322505810000061e-01
3.158239999999999554e+02 1.943533839999999902e-01
3.158774838709999813e+02 1.949572975480000081e-01
3.159309677420000071e+02 1.981992974189999979e-01
3.159844516130000329e+02 2.009869901939999870e-01
3.160379354840000019e+02 2.013694292900000127e-01
3.160914193550000277e+02 1.980699632260000120e-01
3.161449032259999967e+02 1.904526726449999874e-01
3.161983870970000225e+02 1.857964858060000002e-01
3.162518709679999915e+02 1.863551076130000039e-01
3.163053548389999605e+02 1.872851607740000091e-01
3.163588387099999863e+02 1.861795344520000006e-01
3.164123225810000122e+02 1.848063370320000010e-01
3.164658064520000380e+02 1.822093658060000010e-01
3.165192903230000070e+02 1.805320145809999888e-01
3.165727741940000328e+02 1.803967272260000032e-01
3.166262580650000018e+02 1.854539011609999954e-01
3.166797419349999814e+02 1.901846649030000114e-01
3.167332258060000072e+02 1.875222870970000011e-01
3.167867096769999762e+02 1.847419879999999959e-01
3.168401935480000020e+02 1.847743406450000070e-01
3.168936774190000278e+02 1.870974241289999895e-01
3.169471612899999968e+02 1.905309114840000040e-01
3.170006451610000227e+02 1.943492180649999956e-01
3.170541290319999916e+02 1.958828274839999883e-01
3.171076129030000175e+02 1.986889194839999984e-01
3.171610967739999865e+02 2.007617909680000090e-01
3.172145806449999554e+02 2.053803705810000046e-01
3.172680645159999813e+02 2.098478341939999936e-01
3.173215483870000071e+02 2.121503176769999888e-01
3.173750322580000329e+02 2.105275629679999871e-01
3.174285161290000019e+02 2.070102794839999982e-01
3.174820000000000277e+02 2.026731999999999978e-01
3.175354838709999967e+02 1.993988019350000085e-01
3.175889677420000226e+02 1.953457147100000069e-01
3.176424516129999915e+02 1.939961112259999954e-01
3.176959354839999605e+02 1.917526036130000056e-01
3.177494193549999864e+02 1.867905322579999916e-01
3.178029032260000122e+02 1.828921709680000063e-01
3.178563870970000380e+02 1.799789828389999902e-01
3.179098709680000070e+02 1.780492252900000016e-01
3.179633548390000328e+02 1.786468609029999988e-01
3.180168387100000018e+02 1.797340024519999968e-01
3.180703225809999708e+02 1.798770141940000122e-01
3.181238064519999966e+02 1.789579682580000053e-01
3.181772903229999656e+02 1.807785845160000127e-01
3.182307741939999914e+02 1.847731540650000004e-01
3.182842580650000173e+02 1.892231803870000062e-01
3.183377419349999968e+02 1.948142767740000114e-01
3.183912258060000227e+02 1.997285894190000133e-01
3.184447096769999916e+02 2.026253339350000127e-01
3.184981935480000175e+02 2.004576041289999888e-01
3.185516774189999865e+02 1.999601014190000026e-01
3.186051612899999554e+02 2.024479890320000086e-01
3.186586451609999813e+02 1.993631073550000132e-01
3.187121290320000071e+02 1.927162202580000039e-01
3.187656129030000329e+02 1.891801747100000097e-01
3.188190967740000019e+02 1.878039002580000061e-01
3.188725806450000277e+02 1.881145999999999929e-01
3.189260645159999967e+02 1.879710874839999879e-01
3.189795483870000226e+02 1.916876246449999988e-01
3.190330322579999915e+02 1.957660859350000004e-01
3.190865161289999605e+02 1.969004838710000094e-01
3.191399999999999864e+02 2.001042799999999955e-01
3.191934838710000122e+02 2.070313952260000034e-01
3.192469677420000380e+02 2.113350726450000105e-01
3.193004516130000070e+02 2.113798974190000124e-01
3.193539354840000328e+02 2.080389464519999954e-01
3.194074193550000018e+02 2.068526632259999887e-01
3.194609032259999708e+02 2.058457499349999886e-01
3.195143870969999966e+02 2.037964500649999955e-01
3.195678709679999656e+02 2.002676245159999979e-01
3.196213548389999914e+02 1.989436018059999867e-01
3.196748387100000173e+02 1.940534019350000083e-01
3.197283225810000431e+02 1.918136121289999996e-01
3.197818064520000121e+02 1.907752317420000066e-01
3.198352903229999811e+02 1.923267650319999966e-01
3.198887741940000069e+02 1.933785674840000079e-01
3.199422580649999759e+02 1.923740399999999962e-01
3.199957419349999554e+02 1.946119034840000095e-01
3.200492258059999813e+02 1.965076525159999976e-01
3.201027096770000071e+02 1.960752429679999964e-01
3.201561935480000329e+02 1.968411792260000015e-01
3.202096774190000019e+02 1.974131367739999920e-01
3.202631612900000277e+02 1.969182210319999904e-01
3.203166451609999967e+02 1.952193753550000022e-01
3.203701290320000226e+02 1.938413483870000120e-01
3.204236129029999915e+02 1.949230523870000009e-01
3.204770967739999605e+02 1.958559638709999884e-01
3.205305806449999864e+02 1.952495516130000053e-01
3.205840645160000122e+02 1.970750108390000033e-01
3.206375483870000380e+02 1.962643295479999939e-01
3.206910322580000070e+02 1.961012757420000086e-01
3.207445161290000328e+02 1.947949612900000127e-01
3.207980000000000018e+02 1.947387919999999939e-01
3.208514838709999708e+02 1.938815207740000046e-01
3.209049677419999966e+02 1.926871914839999866e-01
3.209584516129999656e+02 1.881994001289999940e-01
3.210119354839999914e+02 1.848971748390000058e-01
3.210654193550000173e+02 1.857721725160000059e-01
3.211189032260000431e+02 1.880983686450000136e-01
3.211723870970000121e+02 1.863976317419999973e-01
3.212258709679999811e+02 1.867627574190000028e-01
3.212793548390000069e+02 1.894420277420000021e-01
3.213328387099999759e+02 1.897805261939999877e-01
3.213863225810000017e+02 1.837387176770000075e-01
3.214398064519999707e+02 1.817364287740000084e-01
3.214932903229999965e+02 1.851620559999999915e-01
3.215467741940000224e+02 1.870314890320000090e-01
3.216002580649999913e+02 1.868177584519999934e-01
3.216537419350000278e+02 1.871804710970000063e-01
3.217072258059999967e+02 1.895131197419999969e-01
3.217607096770000226e+02 1.871434496770000011e-01
3.218141935479999916e+02 1.871823290319999944e-01
3.218676774189999605e+02 1.949625267100000003e-01
3.219211612899999864e+02 2.012349561289999977e-01
3.219746451610000122e+02 2.026494738060000134e-01
3.220281290320000380e+02 2.008135538059999947e-01
3.220816129030000070e+02 1.971393864519999928e-01
3.221350967740000328e+02 1.946130531609999992e-01
3.221885806450000018e+02 1.917639987099999943e-01
3.222420645159999708e+02 1.882273934189999942e-01
3.222955483869999966e+02 1.877279163870000100e-01
3.223490322579999656e+02 1.860276529029999959e-01
3.224025161289999915e+02 1.844015107099999939e-01
3.224560000000000173e+02 1.857924479999999989e-01
3.225094838710000431e+02 1.867247825810000039e-01
3.225629677420000121e+02 1.885088621940000098e-01
3.226164516129999811e+02 1.901880232260000081e-01
3.226699354840000069e+02 1.914712575480000123e-01
3.227234193549999759e+02 1.937542379349999899e-01
3.227769032260000017e+02 1.965899730319999872e-01
3.228303870969999707e+02 1.961042077419999918e-01
3.228838709679999965e+02 1.991570948389999873e-01
3.229373548390000224e+02 2.037160498059999991e-01
3.229908387099999914e+02 2.039671490320000002e-01
3.230443225810000172e+02 2.042457459350000004e-01
3.230978064519999862e+02 2.054672588389999943e-01
3.231512903230000120e+02 2.082396845160000010e-01
3.232047741939999810e+02 2.125917610320000040e-01
3.232582580650000068e+02 2.146836036130000125e-01
3.233117419349999864e+02 2.159435254189999986e-01
3.233652258060000122e+02 2.144441651610000110e-01
3.234187096770000380e+02 2.107684116130000007e-01
3.234721935480000070e+02 2.060356510970000055e-01
3.235256774190000328e+02 2.068010722580000127e-01
3.235791612900000018e+02 2.093248029679999900e-01
3.236326451609999708e+02 2.076377901939999993e-01
3.236861290319999966e+02 2.046757129029999900e-01
3.237396129029999656e+02 2.034730007739999902e-01
3.237930967739999915e+02 2.028983468389999878e-01
3.238465806450000173e+02 2.029044015479999907e-01
3.239000645160000431e+02 2.058752567740000095e-01
3.239535483870000121e+02 2.110105245159999976e-01
3.240070322579999811e+02 2.144210926450000054e-01
3.240605161290000069e+02 2.169195154839999862e-01
3.241139999999999759e+02 2.170915599999999890e-01
3.241674838710000017e+02 2.168097238710000041e-01
3.242209677419999707e+02 2.182581012900000061e-01
3.242744516129999965e+02 2.194462797420000111e-01
3.243279354840000224e+02 2.192983761289999944e-01
3.243814193549999914e+02 2.183146978059999910e-01
3.244349032260000172e+02 2.154130109680000016e-01
3.244883870969999862e+02 2.122732800000000086e-01
3.245418709680000120e+02 2.080843858059999996e-01
3.245953548389999810e+02 2.046117950970000043e-01
3.246488387100000068e+02 2.056595832260000034e-01
3.247023225809999758e+02 2.053300236130000123e-01
3.247558064520000016e+02 2.038408812899999978e-01
3.248092903230000275e+02 2.041354646449999866e-01
3.248627741939999964e+02 2.023999845159999977e-01
3.249162580650000223e+02 1.989978780649999945e-01
3.249697419350000018e+02 2.019663941940000040e-01
3.250232258059999708e+02 2.037049541940000041e-01
3.250767096769999966e+02 2.033578852900000122e-01
3.251301935479999656e+02 2.033486589680000012e-01
3.251836774189999915e+02 2.047926562579999998e-01
3.252371612900000173e+02 2.077135665809999865e-01
3.252906451610000431e+02 2.090538870970000129e-01
3.253441290320000121e+02 2.102327487740000000e-01
3.253976129029999811e+02 2.116054583230000119e-01
3.254510967740000069e+02 2.099306209029999926e-01
3.255045806449999759e+02 2.062583085159999940e-01
3.255580645160000017e+02 2.057059800000000105e-01
3.256115483869999707e+02 2.071225341940000075e-01
3.256650322579999965e+02 2.083930849029999866e-01
3.257185161290000224e+02 2.063635193549999969e-01
3.257719999999999914e+02 2.018441519999999989e-01
3.258254838710000172e+02 1.994252774190000133e-01
3.258789677419999862e+02 1.988138846449999941e-01
3.259324516130000120e+02 1.977375695480000084e-01
3.259859354839999810e+02 1.973085563870000114e-01
3.260394193550000068e+02 1.942199847739999874e-01
3.260929032259999758e+02 1.912525161289999887e-01
3.261463870970000016e+02 1.903597014189999936e-01
3.261998709680000275e+02 1.902698624520000048e-01
3.262533548389999964e+02 1.916734962580000090e-01
3.263068387100000223e+02 1.938579198710000118e-01
3.263603225809999913e+02 1.958512277420000058e-01
3.264138064520000171e+02 1.968324994840000008e-01
3.264672903229999861e+02 1.954318197419999958e-01
3.265207741939999551e+02 1.961596743229999940e-01
3.265742580649999809e+02 2.015416434839999993e-01
3.266277419350000173e+02 2.015475077420000038e-01
3.266812258060000431e+02 1.997930931609999960e-01
3.267347096770000121e+02 2.012029286450000010e-01
3.267881935479999811e+02 2.022506739350000138e-01
3.268416774190000069e+02 2.043808611609999881e-01
3.268951612899999759e+02 2.061270232259999891e-01
3.269486451610000017e+02 2.063080744520000009e-01
3.270021290319999707e+02 2.058002030970000062e-01
3.270556129029999965e+02 2.044700725159999954e-01
3.271090967740000224e+02 2.041736220650000044e-01
3.271625806449999914e+02 2.060458658060000114e-01
3.272160645160000172e+02 2.062314864520000124e-01
3.272695483869999862e+02 2.067635588389999945e-01
3.273230322580000120e+02 2.054214081290000049e-01
3.273765161289999810e+02 2.020118401290000032e-01
3.274300000000000068e+02 2.037498199999999982e-01
3.274834838709999758e+02 2.059034536769999979e-01
3.275369677420000016e+02 2.062683496770000013e-01
3.275904516130000275e+02 2.079499344519999959e-01
3.276439354839999964e+02 2.059709202580000120e-01
3.276974193550000223e+02 2.050616212899999957e-01
3.277509032259999913e+02 2.037057326449999983e-01
3.278043870970000171e+02 2.025749121290000010e-01
3.278578709679999861e+02 2.023770628390000048e-01
3.279113548389999551e+02 2.015069464520000131e-01
3.279648387099999809e+02 2.006025277419999919e-01
3.280183225810000067e+02 2.020655816770000057e-01
3.280718064520000326e+02 2.010260300649999998e-01
3.281252903230000015e+02 2.039544993550000129e-01
3.281787741940000274e+02 2.064914776769999905e-01
3.282322580649999963e+02 2.081536206450000093e-01
3.282857419349999759e+02 2.072640516129999888e-01
3.283392258060000017e+02 2.081149508390000014e-01
3.283927096769999707e+02 2.106446632260000063e-01
3.284461935479999966e+02 2.131484264519999949e-01
3.284996774190000224e+02 2.119492322579999977e-01
3.285531612899999914e+02 2.112825891610000117e-01
3.286066451610000172e+02 2.107525329030000005e-01
3.286601290319999862e+02 2.130745590969999881e-01
3.287136129030000120e+02 2.129374676130000033e-01
3.287670967739999810e+02 2.126389800000000052e-01
3.288205806450000068e+02 2.122512592259999942e-01
3.288740645159999758e+02 2.069613207740000071e-01
3.289275483870000016e+02 2.013183876129999994e-01
3.289810322580000275e+02 2.019043828390000017e-01
3.290345161289999965e+02 2.051339845160000119e-01
3.290880000000000223e+02 2.081183359999999871e-01
3.291414838709999913e+02 2.059011734189999943e-01
3.291949677420000171e+02 2.034556033549999865e-01
3.292484516129999861e+02 2.043336162580000059e-01
3.293019354839999551e+02 2.081793535479999901e-01
3.293554193549999809e+02 2.111145859349999876e-01
3.294089032260000067e+02 2.137953149679999998e-01
3.294623870970000326e+02 2.161398010320000063e-01
3.295158709680000015e+02 2.135714572899999886e-01
3.295693548390000274e+02 2.097738025810000073e-01
3.296228387099999964e+02 2.072562656770000067e-01
3.296763225810000222e+02 2.076240639999999971e-01
3.297298064519999912e+02 2.064824491610000035e-01
3.297832903229999602e+02 2.041747064520000043e-01
3.298367741939999860e+02 2.020309290320000117e-01
3.298902580650000118e+02 2.017439252899999869e-01
3.299437419349999914e+02 2.024749922580000028e-01
3.299972258060000172e+02 2.028424206449999934e-01
3.300507096769999862e+02 2.054460178059999975e-01
3.301041935480000120e+02 2.065900632259999870e-01
3.301576774189999810e+02 2.050407805159999985e-01
3.302111612900000068e+02 2.038224500649999937e-01
3.302646451609999758e+02 2.048341250319999918e-01
3.303181290320000016e+02 2.035481948389999962e-01
3.303716129030000275e+02 2.034739341940000057e-01
3.304250967739999965e+02 2.013661420650000033e-01
3.304785806450000223e+02 2.000476659350000075e-01
3.305320645159999913e+02 1.992707089029999989e-01
3.305855483870000171e+02 2.008711627099999952e-01
3.306390322579999861e+02 2.018531309680000052e-01
3.306925161289999551e+02 2.031388642580000126e-01
3.307459999999999809e+02 2.029728879999999902e-01
3.307994838710000067e+02 2.035556247739999935e-01
3.308529677420000326e+02 2.074642749679999898e-01
3.309064516130000015e+02 2.107056883869999897e-01
3.309599354840000274e+02 2.124906276129999994e-01
3.310134193549999964e+02 2.105116070970000086e-01
3.310669032260000222e+02 2.069104166450000115e-01
3.311203870969999912e+02 2.036746775480000049e-01
3.311738709679999602e+02 2.023882690319999955e-01
3.312273548389999860e+02 2.029385312260000018e-01
3.312808387100000118e+02 2.025169492899999979e-01
3.313343225810000376e+02 2.046984940649999862e-01
3.313878064520000066e+02 2.062019901940000122e-01
3.314412903230000325e+02 2.050217774189999898e-01
3.314947741940000014e+02 2.074938458059999991e-01
3.315482580649999704e+02 2.120407698060000068e-01
3.316017419350000068e+02 2.142456451610000034e-01
3.316552258059999758e+02 2.152123396129999866e-01
3.317087096770000016e+02 2.140912787099999992e-01
3.317621935480000275e+02 2.149263272259999968e-01
3.318156774189999965e+02 2.100556086450000026e-01
3.318691612900000223e+02 2.030974898060000089e-01
3.319226451609999913e+02 2.004941407739999903e-01
3.319761290320000171e+02 1.985389077420000037e-01
3.320296129029999861e+02 1.975772405160000078e-01
3.320830967739999551e+02 1.965599640000000037e-01
3.321365806449999809e+02 1.968353587099999913e-01
3.321900645160000067e+02 1.987459673549999972e-01
3.322435483870000326e+02 1.975862587099999901e-01
3.322970322580000015e+02 1.986313099350000000e-01
3.323505161290000274e+02 2.029956167739999928e-01
3.324039999999999964e+02 2.076241600000000020e-01
3.324574838710000222e+02 2.109114055480000027e-01
3.325109677419999912e+02 2.132764638709999938e-01
3.325644516129999602e+02 2.138517002579999882e-01
3.326179354839999860e+02 2.145651681290000057e-01
3.326714193550000118e+02 2.164187981940000061e-01
3.327249032260000376e+02 2.188603860649999955e-01
3.327783870970000066e+02 2.193699070969999942e-01
3.328318709680000325e+02 2.187997308390000062e-01
3.328853548390000014e+02 2.191847160000000017e-01
3.329388387099999704e+02 2.199545992259999971e-01
3.329923225809999963e+02 2.182885378059999937e-01
3.330458064519999652e+02 2.174481716130000075e-01
3.330992903229999911e+02 2.157130341940000084e-01
3.331527741940000169e+02 2.122469927739999984e-01
3.332062580650000427e+02 2.100666883869999890e-01
3.332597419350000223e+02 2.073419499349999917e-01
3.333132258059999913e+02 2.057661729030000053e-01
3.333667096770000171e+02 2.021220778060000001e-01
3.334201935479999861e+02 2.017600574189999940e-01
3.334736774189999551e+02 2.008771925160000027e-01
3.335271612899999809e+02 1.979327749679999915e-01
3.335806451610000067e+02 1.970722425810000067e-01
3.336341290320000326e+02 1.999761762579999880e-01
3.336876129030000016e+02 1.999758870970000102e-01
3.337410967740000274e+02 1.998482947100000129e-01
3.337945806449999964e+02 1.993634621940000018e-01
3.338480645160000222e+02 2.023598819350000133e-01
3.339015483869999912e+02 2.011631147100000072e-01
3.339550322579999602e+02 2.003165571609999973e-01
3.340085161289999860e+02 2.040297749680000106e-01
3.340620000000000118e+02 2.054659960000000118e-01
3.341154838710000377e+02 2.043501393549999878e-01
3.341689677420000066e+02 2.048330512260000125e-01
3.342224516130000325e+02 2.085903699349999918e-01
3.342759354840000015e+02 2.087603904520000109e-01
3.343294193549999704e+02 2.071820036129999876e-01
3.343829032259999963e+02 2.078183541939999934e-01
3.344363870969999653e+02 2.085948639999999910e-01
3.344898709679999911e+02 2.078290165159999980e-01
3.345433548390000169e+02 2.056812303230000083e-01
3.345968387100000427e+02 2.068969434840000066e-01
3.346503225810000117e+02 2.066721529030000060e-01
3.347038064519999807e+02 2.052912020650000113e-01
3.347572903230000065e+02 2.065023023229999866e-01
3.348107741939999755e+02 2.091882588389999964e-01
3.348642580650000014e+02 2.094669082579999897e-01
3.349177419349999809e+02 2.105696832260000040e-01
3.349712258060000067e+02 2.123572907100000073e-01
3.350247096770000326e+02 2.136085193549999983e-01
3.350781935480000016e+02 2.142770304520000002e-01
3.351316774190000274e+02 2.158777485160000009e-01
3.351851612899999964e+02 2.161855406450000072e-01
3.352386451610000222e+02 2.133693277419999867e-01
3.352921290319999912e+02 2.135439753549999986e-01
3.353456129029999602e+02 2.137207852899999927e-01
3.353990967739999860e+02 2.122018171610000059e-01
3.354525806450000118e+02 2.101527599999999940e-01
3.355060645160000377e+02 2.094102332899999974e-01
3.355595483870000066e+02 2.102671981939999990e-01
3.356130322580000325e+02 2.108283554840000018e-01
3.356665161290000015e+02 2.114642823229999913e-01
3.357199999999999704e+02 2.131280999999999870e-01
3.357734838709999963e+02 2.120355663229999965e-01
3.358269677419999653e+02 2.139523470970000063e-01
3.358804516129999911e+02 2.145472805159999996e-01
3.359339354840000169e+02 2.152201138060000074e-01
3.359874193550000427e+02 2.127416806449999864e-01
3.360409032260000117e+02 2.097806820650000015e-01
3.360943870969999807e+02 2.097625901940000093e-01
3.361478709680000065e+02 2.092755495480000116e-01
3.362013548389999755e+02 2.083262661939999927e-01
3.362548387100000014e+02 2.084136025810000015e-01
3.363083225809999703e+02 2.092730999999999897e-01
3.363618064519999962e+02 2.092618984519999947e-01
3.364152903230000220e+02 2.067410727740000009e-01
3.364687741939999910e+02 2.048040972899999868e-01
3.365222580650000168e+02 2.052500716129999903e-01
3.365757419349999964e+02 2.022523916129999877e-01
3.366292258060000222e+02 2.004020486449999972e-01
3.366827096769999912e+02 1.984533989679999888e-01
3.367361935479999602e+02 2.008598452900000053e-01
3.367896774189999860e+02 1.976752987100000025e-01
3.368431612900000118e+02 1.918197229680000115e-01
3.368966451610000377e+02 1.904250685159999956e-01
3.369501290320000066e+02 1.883831992259999977e-01
3.370036129030000325e+02 1.894079774190000065e-01
3.370570967740000015e+02 1.924519838709999875e-01
3.371105806449999704e+02 1.943142058060000066e-01
3.371640645159999963e+02 1.945134881289999895e-01
3.372175483869999653e+02 1.898714272260000058e-01
3.372710322579999911e+02 1.904657557420000036e-01
3.373245161290000169e+02 1.981464019349999939e-01
3.373780000000000427e+02 2.078067879999999923e-01
3.374314838710000117e+02 2.156203677419999964e-01
3.374849677419999807e+02 2.203883108390000123e-01
3.375384516130000065e+02 2.214190050319999881e-01
3.375919354839999755e+02 2.210163167739999934e-01
3.376454193550000014e+02 2.228743224520000066e-01
3.376989032259999703e+02 2.297298758709999944e-01
3.377523870969999962e+02 2.349642110969999975e-01
3.378058709680000220e+02 2.353791916129999995e-01
3.378593548389999910e+02 2.314036070970000025e-01
3.379128387100000168e+02 2.225013544520000053e-01
3.379663225809999858e+02 2.199879756129999864e-01
3.380198064520000116e+02 2.206395970320000066e-01
3.380732903229999806e+02 2.219484954840000024e-01
3.381267741940000064e+02 2.225019787099999924e-01
3.381802580649999754e+02 2.205928019349999991e-01
3.382337419350000118e+02 2.195377309680000000e-01
3.382872258060000377e+02 2.178463765160000010e-01
3.383407096770000066e+02 2.163544527740000056e-01
3.383941935480000325e+02 2.196135019350000106e-01
3.384476774190000015e+02 2.219650361290000096e-01
3.385011612899999704e+02 2.213479424520000127e-01
3.385546451609999963e+02 2.186320730319999961e-01
3.386081290319999653e+02 2.178251419349999940e-01
3.386616129029999911e+02 2.192267961290000067e-01
3.387150967740000169e+02 2.174800590969999947e-01
3.387685806450000428e+02 2.166697816769999896e-01
3.388220645160000117e+02 2.154654061940000087e-01
3.388755483869999807e+02 2.142863681290000100e-01
3.389290322580000065e+02 2.164579748390000058e-01
3.389825161289999755e+02 2.154977974189999923e-01
3.390360000000000014e+02 2.196023000000000003e-01
3.390894838709999703e+02 2.233823375479999929e-01
3.391429677419999962e+02 2.235971276129999907e-01
3.391964516130000220e+02 2.231836432260000114e-01
3.392499354839999910e+02 2.228703661939999969e-01
3.393034193550000168e+02 2.212014769029999883e-01
3.393569032259999858e+02 2.227513252899999963e-01
3.394103870970000116e+02 2.229342828389999920e-01
3.394638709679999806e+02 2.251467354839999935e-01
3.395173548390000065e+02 2.235258171610000066e-01
3.395708387099999754e+02 2.194354500650000095e-01
3.396243225810000013e+02 2.159376272259999896e-01
3.396778064520000271e+02 2.167153396129999909e-01
3.397312903229999961e+02 2.184687058060000020e-01
3.397847741940000219e+02 2.216397873550000064e-01
3.398382580649999909e+02 2.235718527739999906e-01
3.398917419349999705e+02 2.231750692899999999e-01
3.399452258059999963e+02 2.219911756129999969e-01
3.399987096769999653e+02 2.213735245160000087e-01
3.400521935479999911e+02 2.222164480000000109e-01
3.401056774190000169e+02 2.221828038710000064e-01
3.401591612900000428e+02 2.187523998710000084e-01
3.402126451610000117e+02 2.035762655610000027e-01
3.402661290319999807e+02 1.827276014189999909e-01
3.403196129030000066e+02 1.601532690839999884e-01
3.403730967739999755e+02 1.365606118580000028e-01
3.404265806450000014e+02 1.135587669060000027e-01
3.404800645159999704e+02 9.201752627999999767e-02
3.405335483869999962e+02 6.868404209030000429e-02
3.405870322580000220e+02 4.691396501810000258e-02
3.406405161289999910e+02 2.607614705419999956e-02
3.406940000000000168e+02 1.198339936000000078e-02
3.407474838709999858e+02 8.650808420650000358e-03
3.408009677420000116e+02 6.927307025809999706e-03
3.408544516129999806e+02 5.677250495479999916e-03
3.409079354840000065e+02 4.733053739349999713e-03
3.409614193549999754e+02 4.025871640000000355e-03
3.410149032260000013e+02 3.467840401290000173e-03
3.410683870970000271e+02 3.018994825809999914e-03
3.411218709679999961e+02 2.652783437420000098e-03
3.411753548390000219e+02 2.349823379350000213e-03
3.412288387099999909e+02 2.095964215479999802e-03
3.412823225810000167e+02 1.828177826779999989e-03
3.413358064519999857e+02 1.524667108100000038e-03
3.413892903229999547e+02 1.255483762659999987e-03
3.414427741939999805e+02 1.015364382369999966e-03
3.414962580650000064e+02 8.007749889659999953e-04
3.415497419350000428e+02 6.074017327269999860e-04
3.416032258060000117e+02 4.320400764879999789e-04
3.416567096769999807e+02 2.721388241200000009e-04
3.417101935480000066e+02 1.257516414290000119e-04
3.417636774189999755e+02 1.772233748390000093e-07
3.418171612900000014e+02 1.680143478710000088e-07
3.418706451609999704e+02 1.577870260650000084e-07
3.419241290319999962e+02 1.469905869809999987e-07
3.419776129030000220e+02 1.363071730579999952e-07
3.420310967739999910e+02 1.297280405549999900e-07
3.420845806450000168e+02 1.243863817290000098e-07
3.421380645159999858e+02 1.190447229030000030e-07
3.421915483870000116e+02 1.137030640769999963e-07
3.422450322579999806e+02 1.053612167099999990e-07
3.422985161290000065e+02 8.933616535480000235e-08
3.423519999999999754e+02 7.550792640000000655e-08
3.424054838710000013e+02 6.482453387099999578e-08
3.424589677420000271e+02 5.414114134190000204e-08
3.425124516129999961e+02 4.345774881289999789e-08
3.425659354840000219e+02 3.277435628390000036e-08
3.426194193549999909e+02 2.209096375480000000e-08
3.426729032260000167e+02 1.140757122580000081e-08
3.427263870969999857e+02 7.225806451669999898e-10
3.427798709679999547e+02 0.000000000000000000e+00
3.428333548389999805e+02 0.000000000000000000e+00
3.428868387100000064e+02 0.000000000000000000e+00
3.429403225810000322e+02 0.000000000000000000e+00
3.429938064520000012e+02 0.000000000000000000e+00
3.430472903230000270e+02 0.000000000000000000e+00
3.431007741939999960e+02 0.000000000000000000e+00
3.431542580650000218e+02 0.000000000000000000e+00
3.432077419350000014e+02 0.000000000000000000e+00
3.432612258059999704e+02 0.000000000000000000e+00
3.433147096769999962e+02 0.000000000000000000e+00
3.433681935480000220e+02 0.000000000000000000e+00
3.434216774189999910e+02 0.000000000000000000e+00
3.434751612900000168e+02 0.000000000000000000e+00
3.435286451609999858e+02 0.000000000000000000e+00
3.435821290320000116e+02 0.000000000000000000e+00
3.436356129029999806e+02 0.000000000000000000e+00
3.436890967740000065e+02 0.000000000000000000e+00
3.437425806449999754e+02 0.000000000000000000e+00
3.437960645160000013e+02 0.000000000000000000e+00
3.438495483870000271e+02 0.000000000000000000e+00
3.439030322579999961e+02 0.000000000000000000e+00
3.439565161290000219e+02 0.000000000000000000e+00
3.440099999999999909e+02 0.000000000000000000e+00
