# Wavelength (Nm)      Variance
2.916770000000000209e+02 3.363757199999999892e-01
2.918258885629999781e+02 3.235874840410000175e-01
2.919747771259999922e+02 3.155524450319999730e-01
2.921236656890000063e+02 3.148921902290000019e-01
2.922725542520000204e+02 3.145559451959999975e-01
2.924214428149999776e+02 3.140702314370000248e-01
2.925703313779999917e+02 3.157272360350000251e-01
2.927192199410000057e+02 3.168575730670000201e-01
2.928681085040000198e+02 3.170019081059999855e-01
2.930169970670000339e+02 3.185941961109999832e-01
2.931658856299999911e+02 3.178612851029999908e-01
2.933147741939999946e+02 3.193679470970000045e-01
2.934636627570000087e+02 3.194394107210000167e-01
2.936125513200000228e+02 3.195108205509999966e-01
2.937614398829999800e+02 3.193515588740000188e-01
2.939103284459999941e+02 3.209003374780000084e-01
2.940592170090000081e+02 3.215361055250000044e-01
2.942081055720000222e+02 3.238620156950000051e-01
2.943569941350000363e+02 3.234786030969999948e-01
2.945058826979999935e+02 3.227134429679999750e-01
2.946547712610000076e+02 3.214514785920000173e-01
2.948036598239999648e+02 3.202720291550000264e-01
2.949525483869999789e+02 3.210213909679999755e-01
2.951014369499999930e+02 3.229337010910000028e-01
2.952503255130000070e+02 3.232989934189999803e-01
2.953992140760000211e+02 3.224834329330000249e-01
2.955481026389999784e+02 3.240068631910000274e-01
2.956969912019999924e+02 3.255754959939999860e-01
2.958458797650000065e+02 3.260386589209999797e-01
2.959947683280000206e+02 3.255804330670000191e-01
2.961436568909999778e+02 3.246283321410000089e-01
2.962925454549999813e+02 3.249109358180000129e-01
2.964414340179999954e+02 3.256358805869999928e-01
2.965903225810000094e+02 3.256405758059999767e-01
2.967392111440000235e+02 3.262355825220000227e-01
2.968880997069999808e+02 3.254735600590000222e-01
2.970369882699999948e+02 3.254194304279999783e-01
2.971858768330000089e+02 3.273033722400000012e-01
2.973347653960000230e+02 3.293569278360000130e-01
2.974836539589999802e+02 3.292193305689999905e-01
2.976325425219999943e+02 3.311462490909999890e-01
2.977814310850000084e+02 3.304381760760000120e-01
2.979303196480000224e+02 3.306872906860000016e-01
2.980792082110000365e+02 3.307215724570000126e-01
2.982280967739999937e+02 3.299198526450000113e-01
2.983769853370000078e+02 3.317414728149999936e-01
2.985258738999999650e+02 3.339496012320000151e-01
2.986747624629999791e+02 3.353546453899999835e-01
2.988236510259999932e+02 3.353026113550000020e-01
2.989725395890000073e+02 3.352082878009999822e-01
2.991214281520000213e+02 3.342915163640000076e-01
2.992703167159999680e+02 3.323895061470000245e-01
2.994192052790000389e+02 3.321884497240000234e-01
2.995680938419999961e+02 3.327921595780000130e-01
2.997169824050000102e+02 3.343031321170000236e-01
2.998658709679999674e+02 3.418734345159999966e-01
3.000147595309999815e+02 3.421358124869999795e-01
3.001636480939999956e+02 3.423219718939999878e-01
3.003125366570000097e+02 3.378901030500000013e-01
3.004614252200000237e+02 3.378760814310000082e-01
3.006103137829999810e+02 3.401731449620000181e-01
3.007592023459999950e+02 3.414255838240000118e-01
3.009080909090000091e+02 3.403322178179999935e-01
3.010569794720000232e+02 3.389696227569999887e-01
3.012058680349999804e+02 3.372365098119999849e-01
3.013547565979999945e+02 3.378913888560000078e-01
3.015036451610000086e+02 3.383811803230000192e-01
3.016525337240000226e+02 3.401992015129999825e-01
3.018014222870000367e+02 3.415872751319999900e-01
3.019503108499999939e+02 3.422938716009999993e-01
3.020991994130000080e+02 3.438081139999999980e-01
3.022480879769999547e+02 3.433448896299999831e-01
3.023969765400000256e+02 3.424333067859999802e-01
3.025458651029999828e+02 3.425638773019999972e-01
3.026947536659999969e+02 3.428129685690000095e-01
3.028436422290000110e+02 3.443301794129999815e-01
3.029925307919999682e+02 3.449276528040000067e-01
3.031414193550000391e+02 3.447220526449999989e-01
3.032903079179999963e+02 3.447670792959999786e-01
3.034391964810000104e+02 3.439358542400000052e-01
3.035880850439999676e+02 3.443629959530000173e-01
3.037369736069999817e+02 3.444407094899999966e-01
3.038858621699999958e+02 3.454286930850000159e-01
3.040347507330000099e+02 3.457345191789999994e-01
3.041836392960000239e+02 3.460105669030000275e-01
3.043325278589999812e+02 3.468389501579999812e-01
3.044814164219999952e+02 3.467167092489999991e-01
3.046303049850000093e+02 3.472074873780000015e-01
3.047791935480000234e+02 3.473223658060000107e-01
3.049280821109999806e+02 3.473551578180000265e-01
3.050769706739999947e+02 3.486378873959999902e-01
3.052258592379999982e+02 3.481062498999999977e-01
3.053747478010000123e+02 3.490440717889999878e-01
3.055236363640000263e+02 3.482268836360000175e-01
3.056725249269999836e+02 3.474042175600000060e-01
3.058214134899999976e+02 3.471267779819999788e-01
3.059703020529999549e+02 3.477539592960000037e-01
3.061191906160000258e+02 3.477771051960000248e-01
3.062680791789999830e+02 3.481143149270000126e-01
3.064169677419999971e+02 3.487302501940000021e-01
3.065658563050000112e+02 3.487729453960000114e-01
3.067147448679999684e+02 3.502452982640000267e-01
3.068636334310000393e+02 3.509296801060000082e-01
3.070125219939999965e+02 3.506454309090000221e-01
3.071614105570000106e+02 3.506513814900000248e-01
3.073102991199999678e+02 3.500674787679999844e-01
3.074591876829999819e+02 3.506641548089999838e-01
3.076080762459999960e+02 3.508714323520000233e-01
3.077569648090000101e+02 3.509760899120000222e-01
3.079058533720000241e+02 3.509118572200000119e-01
3.080547419349999814e+02 3.519811390320000122e-01
3.082036304990000417e+02 3.535595454900000156e-01
3.083525190619999989e+02 3.545677799349999937e-01
3.085014076250000130e+02 3.544890685040000267e-01
3.086502961879999702e+02 3.542233679119999867e-01
3.087991847509999843e+02 3.536140556829999726e-01
3.089480733139999984e+02 3.528035419939999917e-01
3.090969618770000125e+02 3.541672360120000085e-01
3.092458504400000265e+02 3.544749218480000019e-01
3.093947390029999838e+02 3.554343532429999897e-01
3.095436275659999978e+02 3.571682246389999982e-01
3.096925161289999551e+02 3.560394178060000137e-01
3.098414046920000260e+02 3.557921801230000125e-01
3.099902932549999832e+02 3.553094719650000122e-01
3.101391818179999973e+02 3.554411489090000265e-01
3.102880703810000114e+02 3.557627203870000199e-01
3.104369589439999686e+02 3.563311844400000039e-01
3.105858475070000395e+02 3.573524050090000070e-01
3.107347360699999967e+02 3.571850125809999943e-01
3.108836246330000108e+02 3.574342872840000074e-01
3.110325131959999680e+02 3.580637591499999939e-01
3.111814017600000284e+02 3.578900223929999957e-01
3.113302903229999856e+02 3.576968638710000259e-01
3.114791788859999997e+02 3.581009693259999960e-01
3.116280674490000138e+02 3.585718289620000165e-01
3.117769560119999710e+02 3.596149467920000120e-01
3.119258445750000419e+02 3.582487086330000126e-01
3.120747331379999991e+02 3.576578568800000135e-01
3.122236217010000132e+02 3.584330165099999799e-01
3.123725102639999704e+02 3.597669808449999729e-01
3.125213988269999845e+02 3.601966626740000232e-01
3.126702873899999986e+02 3.589632455249999743e-01
3.128191759530000127e+02 3.588356463460000145e-01
3.129680645160000267e+02 3.595929541940000029e-01
3.131169530789999840e+02 3.616820916660000163e-01
3.132658416419999980e+02 3.621971844110000172e-01
3.134147302049999553e+02 3.640148717710000037e-01
3.135636187680000262e+02 3.649484959300000053e-01
3.137125073309999834e+02 3.639380247510000110e-01
3.138613958939999975e+02 3.612724446450000237e-01
3.140102844570000116e+02 3.588120636300000110e-01
3.141591730210000151e+02 3.588862755189999865e-01
3.143080615840000291e+02 3.606110055310000062e-01
3.144569501469999864e+02 3.612753523169999759e-01
3.146058387100000004e+02 3.614628398060000247e-01
3.147547272729999577e+02 3.599598476359999744e-01
3.149036158360000286e+02 3.587657234659999972e-01
3.150525043989999858e+02 3.585342628859999881e-01
3.152013929619999999e+02 3.574544400290000090e-01
3.153502815250000140e+02 3.581502208560000122e-01
3.154991700879999712e+02 3.590142046740000259e-01
3.156480586510000421e+02 3.602267456189999772e-01
3.157969472139999993e+02 3.607531313719999910e-01
3.159458357770000134e+02 3.607673263930000207e-01
3.160947243399999707e+02 3.600272775430000127e-01
3.162436129029999847e+02 3.605048184519999976e-01
3.163925014659999988e+02 3.615809386330000041e-01
3.165413900290000129e+02 3.626607115659999936e-01
3.166902785920000269e+02 3.633247662169999948e-01
3.168391671549999842e+02 3.624855607040000094e-01
3.169880557179999983e+02 3.624164508859999967e-01
3.171369442820000017e+02 3.611474684570000204e-01
3.172858328450000158e+02 3.612382396720000277e-01
3.174347214079999731e+02 3.616586312610000076e-01
3.175836099709999871e+02 3.609475119939999921e-01
3.177324985340000012e+02 3.587329016540000137e-01
3.178813870970000153e+02 3.578475301940000075e-01
3.180302756600000293e+02 3.563001413140000073e-01
3.181791642229999866e+02 3.572446370669999927e-01
3.183280527860000007e+02 3.583965794249999726e-01
3.184769413489999579e+02 3.594501756190000008e-01
3.186258299120000288e+02 3.602396673200000121e-01
3.187747184749999860e+02 3.595291750210000137e-01
3.189236070380000001e+02 3.593406276250000198e-01
3.190724956010000142e+02 3.583100821879999787e-01
3.192213841639999714e+02 3.569657478239999793e-01
3.193702727270000423e+02 3.533943245450000270e-01
3.195191612899999996e+02 3.490970686450000082e-01
3.196680498530000136e+02 3.482676682399999946e-01
3.198169384159999709e+02 3.507545068039999991e-01
3.199658269789999849e+02 3.534964396360000261e-01
3.201147155429999884e+02 3.554534520700000089e-01
3.202636041060000025e+02 3.549550155719999878e-01
3.204124926690000166e+02 3.522897103809999875e-01
3.205613812319999738e+02 3.506961268559999900e-01
3.207102697950000447e+02 3.491915687859999951e-01
3.208591583580000020e+02 3.476344760880000218e-01
3.210080469210000160e+02 3.483573956359999890e-01
3.211569354839999733e+02 3.494073274189999911e-01
3.213058240469999873e+02 3.519684806330000137e-01
3.214547126100000014e+02 3.547078264340000064e-01
3.216036011730000155e+02 3.544825094779999741e-01
3.217524897360000296e+02 3.514293227740000192e-01
3.219013782989999868e+02 3.482349226390000219e-01
3.220502668620000009e+02 3.433871600119999812e-01
3.221991554249999581e+02 3.435047179590000055e-01
3.223480439880000290e+02 3.407270481229999759e-01
3.224969325509999862e+02 3.422155755310000158e-01
3.226458211140000003e+02 3.412971393259999764e-01
3.227947096770000144e+02 3.426763983230000088e-01
3.229435982399999716e+02 3.420192248860000062e-01
3.230924868040000320e+02 3.401154451499999731e-01
3.232413753669999892e+02 3.391376617890000111e-01
3.233902639300000033e+02 3.382802997650000143e-01
3.235391524929999605e+02 3.416675601759999736e-01
3.236880410560000314e+02 3.450399892670000246e-01
3.238369296189999886e+02 3.432328038179999763e-01
3.239858181820000027e+02 3.434144083640000011e-01
3.241347067450000168e+02 3.419411714660000046e-01
3.242835953079999740e+02 3.378791581109999997e-01
3.244324838710000449e+02 3.378697565159999860e-01
3.245813724340000022e+02 3.349670948619999922e-01
3.247302609970000162e+02 3.340466202460000145e-01
3.248791495599999735e+02 3.325975243400000059e-01
3.250280381229999875e+02 3.340888076299999843e-01
3.251769266860000016e+02 3.339788326800000040e-01
3.253258152490000157e+02 3.350117167039999844e-01
3.254747038120000298e+02 3.361294114369999808e-01
3.256235923749999870e+02 3.337838986219999748e-01
3.257724809380000011e+02 3.353393988500000256e-01
3.259213695009999583e+02 3.316127888500000065e-01
3.260702580650000186e+02 3.276127061940000140e-01
3.262191466279999759e+02 3.216288636890000108e-01
3.263680351909999899e+02 3.180757805280000072e-01
3.265169237540000040e+02 3.189051264989999912e-01
3.266658123170000181e+02 3.151021199879999735e-01
3.268147008800000322e+02 3.163102852319999991e-01
3.269635894429999894e+02 3.176001631320000129e-01
3.271124780060000035e+02 3.212441627270000155e-01
3.272613665689999607e+02 3.196040125160000134e-01
3.274102551320000316e+02 3.161265852319999903e-01
3.275591436949999888e+02 3.098198905339999976e-01
3.277080322580000029e+02 3.088434040649999934e-01
3.278569208210000170e+02 3.047803598239999801e-01
3.280058093839999742e+02 3.061904046919999844e-01
3.281546979470000451e+02 3.018402430620000243e-01
3.283035865100000024e+02 3.073896258480000032e-01
3.284524750730000164e+02 3.100784741700000069e-01
3.286013636359999737e+02 3.104332799999999781e-01
3.287502521989999877e+02 3.066144256189999862e-01
3.288991407620000018e+02 3.059080238240000083e-01
3.290480293260000053e+02 3.034432341000000144e-01
3.291969178890000194e+02 3.103490978940000034e-01
3.293458064519999766e+02 3.107356658059999832e-01
3.294946950149999907e+02 3.085095858940000157e-01
3.296435835780000048e+02 3.048583264870000087e-01
3.297924721410000188e+02 3.044317672960000221e-01
3.299413607039999761e+02 3.109181326329999995e-01
3.300902492669999901e+02 3.096979753079999731e-01
3.302391378300000042e+02 3.022016337949999798e-01
3.303880263930000183e+02 2.991609003340000017e-01
3.305369149560000324e+02 3.017553978299999939e-01
3.306858035189999896e+02 3.104943588560000189e-01
3.308346920820000037e+02 3.117997488559999808e-01
3.309835806449999609e+02 3.101414424519999824e-01
3.311324692080000318e+02 3.072075295009999985e-01
3.312813577709999890e+02 3.057464572610000264e-01
3.314302463340000031e+02 3.086471871790000265e-01
3.315791348970000172e+02 3.105649404690000170e-01
3.317280234599999744e+02 3.108181080349999847e-01
3.318769120230000453e+02 3.091885140589999970e-01
3.320258005869999920e+02 3.024244937359999996e-01
3.321746891500000061e+02 2.991016983170000088e-01
3.323235777129999633e+02 3.014507006450000137e-01
3.324724662759999774e+02 3.026352913840000269e-01
3.326213548389999914e+02 3.017032820650000224e-01
3.327702434020000055e+02 3.013986507740000209e-01
3.329191319650000196e+02 3.021329500759999953e-01
3.330680205279999768e+02 2.993265885040000129e-01
3.332169090909999909e+02 2.989990040000000127e-01
3.333657976540000050e+02 2.984531274780000132e-01
3.335146862170000190e+02 2.970984072260000053e-01
3.336635747799999763e+02 3.010269230209999813e-01
3.338124633429999903e+02 2.942402470380000024e-01
3.339613519060000044e+02 2.921850918180000090e-01
3.341102404690000185e+02 2.971967099239999910e-01
3.342591290320000326e+02 3.015505693550000199e-01
3.344080175949999898e+02 3.024553290790000237e-01
3.345569061580000039e+02 2.990174744569999987e-01
3.347057947209999611e+02 2.951793870500000194e-01
3.348546832840000320e+02 2.974502712200000065e-01
3.350035718479999787e+02 2.934880881060000224e-01
3.351524604109999927e+02 2.930370198419999794e-01
3.353013489740000068e+02 2.905440078009999816e-01
3.354502375370000209e+02 2.942450719940000181e-01
3.355991261000000350e+02 2.972976899120000072e-01
3.357480146629999922e+02 3.018272928740000083e-01
3.358969032260000063e+02 3.034845456770000061e-01
3.360457917889999635e+02 3.036010461290000184e-01
3.361946803519999776e+02 3.000352668619999941e-01
3.363435689149999916e+02 2.990015476360000091e-01
3.364924574780000057e+02 3.013575345919999871e-01
3.366413460410000198e+02 2.964086215310000050e-01
3.367902346039999770e+02 2.937346550730000061e-01
3.369391231669999911e+02 2.874028245870000053e-01
3.370880117300000052e+02 2.872287810210000236e-01
3.372369002930000192e+02 2.933746184870000273e-01
3.373857888559999765e+02 2.939082763990000235e-01
3.375346774189999906e+02 2.887952516130000147e-01
3.376835659820000046e+02 2.841437916130000185e-01
3.378324545450000187e+02 2.783103174550000114e-01
3.379813431090000222e+02 2.806689637420000105e-01
3.381302316719999794e+02 2.788560884629999737e-01
3.382791202349999935e+02 2.816625634600000150e-01
3.384280087980000076e+02 2.790875461990000028e-01
3.385768973610000216e+02 2.787523651500000144e-01
3.387257859239999789e+02 2.804295191789999975e-01
3.388746744869999930e+02 2.816343544050000092e-01
3.390235630500000070e+02 2.941899048680000073e-01
3.391724516130000211e+02 2.960544939349999960e-01
3.393213401760000352e+02 3.023723377770000109e-01
3.394702287389999924e+02 3.017397334429999800e-01
3.396191173020000065e+02 3.028340476599999942e-01
3.397680058649999637e+02 3.053029072730000237e-01
3.399168944279999778e+02 3.016034958239999786e-01
3.400657829909999919e+02 2.929519262399999935e-01
3.402146715540000059e+02 2.828420909559999918e-01
3.403635601170000200e+02 2.852367444569999799e-01
3.405124486799999772e+02 2.928242210850000027e-01
3.406613372429999913e+02 2.949273279180000262e-01
3.408102258060000054e+02 2.936597416769999858e-01
3.409591143700000089e+02 2.904807467330000059e-01
3.411080029329999661e+02 2.927920269679999965e-01
3.412568914959999802e+02 2.921537784750000144e-01
3.414057800589999943e+02 2.893244426280000003e-01
3.415546686220000083e+02 2.894135653839999822e-01
3.417035571850000224e+02 2.962907929329999801e-01
3.418524457479999796e+02 2.962817714129999946e-01
3.420013343109999937e+02 2.938683898530000116e-01
3.421502228740000078e+02 2.857449124690000231e-01
3.422991114370000219e+02 2.792468746690000003e-01
3.424479999999999791e+02 2.795981319999999992e-01
3.425968885629999932e+02 2.774612735249999962e-01
3.427457771260000072e+02 2.793961484460000255e-01
3.428946656890000213e+02 2.776613693780000114e-01
3.430435542520000354e+02 2.826558273670000121e-01
3.431924428149999926e+02 2.887640475950000174e-01
3.433413313780000067e+02 2.979965730210000219e-01
3.434902199409999639e+02 2.960749038120000232e-01
3.436391085039999780e+02 2.907634670500000018e-01
3.437879970669999921e+02 2.815060640820000182e-01
3.439368856300000061e+02 2.723518509680000199e-01
3.440857741940000096e+02 2.709549616770000058e-01
3.442346627569999669e+02 2.744924058650000109e-01
3.443835513200000378e+02 2.856007214660000182e-01
3.445324398829999950e+02 2.841345058299999948e-01
3.446813284460000091e+02 2.871551999529999843e-01
3.448302170089999663e+02 2.868737569850000058e-01
3.449791055719999804e+02 2.856654416719999756e-01
3.451279941349999945e+02 2.805096114130000151e-01
3.452768826980000085e+02 2.747523682290000102e-01
3.454257712610000226e+02 2.821055647860000182e-01
3.455746598239999798e+02 2.841106918529999747e-01
3.457235483869999939e+02 2.833397561289999755e-01
3.458724369500000080e+02 2.820774508560000005e-01
3.460213255130000221e+02 2.831357276479999907e-01
3.461702140759999793e+02 2.845249412199999939e-01
3.463191026389999934e+02 2.777253606689999987e-01
3.464679912020000074e+02 2.824185819350000237e-01
3.466168797650000215e+02 2.788375229210000028e-01
3.467657683280000356e+02 2.798058055839999780e-01
3.469146568909999928e+02 2.769676505570000113e-01
3.470635454549999963e+02 2.731669776360000079e-01
3.472124340180000104e+02 2.851995937240000001e-01
3.473613225810000245e+02 2.841930863870000268e-01
3.475102111439999817e+02 2.848038974780000010e-01
3.476590997069999958e+02 2.800581298770000171e-01
3.478079882700000098e+02 2.762347944279999745e-01
3.479568768329999671e+02 2.798541799409999808e-01
3.481057653960000380e+02 2.805333457240000161e-01
3.482546539589999952e+02 2.841694505979999730e-01
3.484035425220000093e+02 2.896967832610000126e-01
3.485524310849999665e+02 2.923298704519999847e-01
3.487013196479999806e+02 2.911365840469999910e-01
3.488502082109999947e+02 2.820464655009999877e-01
3.489990967740000087e+02 2.800918979350000004e-01
3.491479853370000228e+02 2.826431254430000206e-01
3.492968738999999800e+02 2.845430457829999926e-01
3.494457624629999941e+02 2.874229687389999732e-01
3.495946510260000082e+02 2.863379989440000273e-01
3.497435395890000223e+02 2.826214328150000177e-01
3.498924281519999795e+02 2.840155490090000012e-01
3.500413167159999830e+02 2.768078317600000116e-01
3.501902052789999971e+02 2.688112780649999922e-01
3.503390938420000111e+02 2.615567017830000007e-01
3.504879824050000252e+02 2.527934972429999871e-01
3.506368709679999824e+02 2.573938865809999865e-01
3.507857595309999965e+02 2.552979500179999861e-01
3.509346480940000106e+02 2.628753477419999984e-01
3.510835366570000247e+02 2.678392177949999731e-01
3.512324252199999819e+02 2.700183668739999931e-01
3.513813137829999960e+02 2.724989758119999994e-01
3.515302023460000100e+02 2.718742177599999810e-01
3.516790909089999673e+02 2.689292636360000044e-01
3.518279794720000382e+02 2.618738191259999959e-01
3.519768680349999954e+02 2.602945719770000110e-01
3.521257565980000095e+02 2.566948349150000031e-01
3.522746451609999667e+02 2.651908410320000242e-01
3.524235337239999808e+02 2.698612821699999942e-01
3.525724222869999949e+02 2.751028989679999981e-01
3.527213108500000089e+02 2.782728122579999908e-01
3.528701994130000230e+02 2.781584695129999951e-01
3.530190879769999697e+02 2.729099948800000064e-01
3.531679765400000406e+02 2.725927904989999817e-01
3.533168651029999978e+02 2.658053177240000120e-01
3.534657536660000119e+02 2.673792146860000107e-01
3.536146422289999691e+02 2.665304166740000147e-01
3.537635307919999832e+02 2.648543714489999812e-01
3.539124193549999973e+02 2.657420345159999808e-01
3.540613079180000113e+02 2.674073130319999936e-01
3.542101964810000254e+02 2.726876121580000256e-01
3.543590850439999826e+02 2.712471541229999894e-01
3.545079736069999967e+02 2.709127568149999887e-01
3.546568621700000108e+02 2.693469270969999774e-01
3.548057507330000249e+02 2.713621820470000223e-01
3.549546392959999821e+02 2.726632756949999847e-01
3.551035278589999962e+02 2.678909028679999915e-01
3.552524164220000102e+02 2.590851617359999914e-01
3.554013049849999675e+02 2.580844000290000162e-01
3.555501935480000384e+02 2.589908655479999933e-01
3.556990821109999956e+02 2.678586638480000004e-01
3.558479706740000097e+02 2.765096840940000078e-01
3.559968592379999563e+02 2.845537668329999881e-01
3.561457478010000273e+02 2.880197800589999746e-01
3.562946363639999845e+02 2.881502270910000219e-01
3.564435249269999986e+02 2.792743832019999872e-01
3.565924134900000126e+02 2.703939224690000143e-01
3.567413020529999699e+02 2.636665625219999920e-01
3.568901906160000408e+02 2.621905541060000067e-01
3.570390791789999980e+02 2.669548717419999995e-01
3.571879677420000121e+02 2.701344438709999962e-01
3.573368563049999693e+02 2.732056957769999905e-01
3.574857448679999834e+02 2.711847987980000041e-01
3.576346334309999975e+02 2.768799069790000011e-01
3.577835219940000115e+02 2.850997844279999915e-01
3.579324105570000256e+02 2.862207237180000030e-01
3.580812991199999828e+02 2.801882491500000127e-01
3.582301876829999969e+02 2.766404300529999860e-01
3.583790762460000110e+02 2.826525538710000229e-01
3.585279648090000251e+02 2.899664893489999895e-01
3.586768533719999823e+02 2.880636905280000160e-01
3.588257419349999964e+02 2.848040756129999740e-01
3.589746304989999999e+02 2.785359372019999835e-01
3.591235190620000139e+02 2.763167459240000179e-01
3.592724076250000280e+02 2.745316601000000190e-01
3.594212961879999852e+02 2.760435875660000038e-01
3.595701847509999993e+02 2.795229088089999925e-01
3.597190733139999566e+02 2.778535582989999919e-01
3.598679618770000275e+02 2.797177099120000121e-01
3.600168504399999847e+02 2.842494735369999748e-01
3.601657390029999988e+02 2.860882072490000261e-01
3.603146275660000128e+02 2.840282778179999967e-01
3.604635161289999701e+02 2.755891036770000135e-01
3.606124046920000410e+02 2.731737251610000250e-01
3.607612932549999982e+02 2.740239161520000022e-01
3.609101818180000123e+02 2.816863258180000162e-01
3.610590703809999695e+02 2.892625592379999833e-01
3.612079589439999836e+02 2.938978807509999847e-01
3.613568475069999977e+02 2.920406443699999910e-01
3.615057360700000118e+02 2.862581396830000124e-01
3.616546246330000258e+02 2.848430250149999732e-01
3.618035131959999831e+02 2.834598283279999853e-01
3.619524017600000434e+02 2.829387785040000103e-01
3.621012903230000006e+02 2.870828561289999747e-01
3.622501788860000147e+02 2.805107896419999913e-01
3.623990674489999719e+02 2.844625706510000018e-01
3.625479560119999860e+02 2.765480062699999797e-01
3.626968445750000001e+02 2.771661307450000167e-01
3.628457331380000142e+02 2.767882645749999981e-01
3.629946217010000282e+02 2.820172529850000220e-01
3.631435102639999855e+02 2.868772454840000097e-01
3.632923988269999995e+02 2.895115046449999729e-01
3.634412873899999568e+02 2.922460032729999879e-01
3.635901759530000277e+02 2.976762095600000158e-01
3.637390645159999849e+02 2.934428252260000147e-01
3.638879530789999990e+02 2.906320680819999835e-01
3.640368416420000131e+02 2.812734010560000164e-01
3.641857302049999703e+02 2.816665949559999937e-01
3.643346187680000412e+02 2.817190027270000119e-01
3.644835073309999984e+02 2.799295656660000242e-01
3.646323958940000125e+02 2.845960969440000099e-01
3.647812844569999697e+02 2.841546335130000211e-01
3.649301730210000301e+02 2.824256259060000107e-01
3.650790615839999873e+02 2.784037492670000113e-01
3.652279501470000014e+02 2.732470227920000272e-01
3.653768387100000155e+02 2.687046908390000044e-01
3.655257272729999727e+02 2.652147963640000272e-01
3.656746158360000436e+02 2.706040593669999939e-01
3.658235043990000008e+02 2.787767259819999843e-01
3.659723929620000149e+02 2.797005821579999774e-01
3.661212815249999721e+02 2.800995479410000044e-01
3.662701700879999862e+02 2.756677848799999886e-01
3.664190586510000003e+02 2.775148312080000235e-01
3.665679472140000144e+02 2.865140916130000104e-01
3.667168357770000284e+02 2.898934559349999884e-01
3.668657243399999857e+02 2.916583421580000168e-01
3.670146129029999997e+02 2.910814643230000276e-01
3.671635014659999570e+02 2.854223661579999849e-01
3.673123900290000279e+02 2.898091534600000241e-01
3.674612785919999851e+02 2.859996897129999938e-01
3.676101671549999992e+02 2.897497691959999844e-01
3.677590557180000133e+02 2.859041181579999868e-01
3.679079442820000168e+02 2.828333399349999833e-01
3.680568328450000308e+02 2.800534303230000077e-01
3.682057214079999881e+02 2.836906367040000210e-01
3.683546099710000021e+02 2.858805928559999820e-01
3.685034985339999594e+02 2.854417925100000142e-01
3.686523870970000303e+02 2.873606594840000250e-01
3.688012756599999875e+02 2.860469673609999930e-01
3.689501642230000016e+02 2.836208686569999804e-01
3.690990527860000157e+02 2.776614937649999892e-01
3.692479413489999729e+02 2.689896145219999868e-01
3.693968299120000438e+02 2.525964118890000054e-01
3.695457184750000010e+02 2.398490391199999960e-01
3.696946070380000151e+02 2.433512404339999990e-01
3.698434956009999723e+02 2.456076786509999998e-01
3.699923841639999864e+02 2.500890242350000126e-01
3.701412727270000005e+02 2.481336872730000032e-01
3.702901612900000146e+02 2.449554593549999881e-01
3.704390498530000286e+02 2.415715963639999964e-01
3.705879384159999859e+02 2.411654953200000062e-01
3.707368269789999999e+02 2.417117306740000082e-01
3.708857155430000034e+02 2.377895208499999913e-01
3.710346041060000175e+02 2.401861931959999863e-01
3.711834926689999747e+02 2.317260823639999967e-01
3.713323812319999888e+02 2.353905461349999895e-01
3.714812697950000029e+02 2.448225363460000137e-01
3.716301583580000170e+02 2.532260027209999875e-01
3.717790469210000310e+02 2.604534883579999738e-01
3.719279354839999883e+02 2.581568081289999927e-01
3.720768240470000023e+02 2.517175858480000250e-01
3.722257126099999596e+02 2.553297978180000261e-01
3.723746011730000305e+02 2.583448617299999861e-01
3.725234897359999877e+02 2.582084787100000223e-01
3.726723782990000018e+02 2.559827835190000012e-01
3.728212668620000159e+02 2.584613954839999894e-01
3.729701554249999731e+02 2.591455088040000021e-01
3.731190439880000440e+02 2.644182007979999915e-01
3.732679325510000012e+02 2.610782041640000162e-01
3.734168211140000153e+02 2.513423100289999823e-01
3.735657096769999725e+02 2.551154055479999960e-01
3.737145982399999866e+02 2.606204540879999976e-01
3.738634868039999901e+02 2.691849263459999975e-01
3.740123753670000042e+02 2.660584588270000217e-01
3.741612639300000183e+02 2.646994405920000126e-01
3.743101524929999755e+02 2.619228558710000043e-01
3.744590410559999896e+02 2.629594643340000260e-01
3.746079296190000036e+02 2.586343167160000123e-01
3.747568181820000177e+02 2.530754781819999910e-01
3.749057067449999749e+02 2.483506337130000075e-01
3.750545953079999890e+02 2.492901405869999976e-01
3.752034838710000031e+02 2.497530527740000061e-01
3.753523724340000172e+02 2.508523942399999984e-01
3.755012609970000312e+02 2.488987648090000004e-01
3.756501495599999885e+02 2.407206791439999993e-01
3.757990381230000025e+02 2.323967321519999907e-01
3.759479266859999598e+02 2.281001155429999983e-01
3.760968152490000307e+02 2.317511551549999993e-01
3.762457038119999879e+02 2.404796493549999914e-01
3.763945923750000020e+02 2.531450555070000052e-01
3.765434809380000161e+02 2.586753017539999977e-01
3.766923695009999733e+02 2.612905710499999756e-01
3.768412580650000336e+02 2.583849042579999811e-01
3.769901466279999909e+02 2.588737836359999989e-01
3.771390351910000049e+02 2.589526047680000276e-01
3.772879237539999622e+02 2.680046821579999961e-01
3.774368123170000331e+02 2.680730180059999745e-01
3.775857008799999903e+02 2.600481047980000016e-01
3.777345894430000044e+02 2.551527540469999966e-01
3.778834780060000185e+02 2.528116085039999739e-01
3.780323665689999757e+02 2.549811860819999887e-01
3.781812551319999898e+02 2.405564856769999982e-01
3.783301436950000038e+02 2.400508690560000102e-01
3.784790322580000179e+02 2.399284309680000116e-01
3.786279208209999751e+02 2.474663817420000023e-01
3.787768093839999892e+02 2.470864154129999990e-01
3.789256979470000033e+02 2.483468613200000008e-01
3.790745865100000174e+02 2.485931186629999901e-01
3.792234750730000314e+02 2.507568457179999988e-01
3.793723636359999887e+02 2.496451818179999949e-01
3.795212521990000027e+02 2.481886049329999899e-01
3.796701407619999600e+02 2.421246480229999887e-01
3.798190293260000203e+02 2.431199965630000126e-01
3.799679178889999775e+02 2.449972204109999996e-01
3.801168064519999916e+02 2.511325287739999967e-01
3.802656950150000057e+02 2.631237735840000203e-01
3.804145835780000198e+02 2.603420464160000058e-01
3.805634721410000338e+02 2.615523769620000105e-01
3.807123607039999911e+02 2.542318681819999981e-01
3.808612492670000051e+02 2.565157551550000248e-01
3.810101378299999624e+02 2.534857702580000094e-01
3.811590263930000333e+02 2.596450961760000120e-01
3.813079149559999905e+02 2.525205368269999862e-01
3.814568035190000046e+02 2.449318069210000004e-01
3.816056920820000187e+02 2.375636094130000042e-01
3.817545806449999759e+02 2.302500716130000125e-01
3.819034692079999900e+02 2.402855047859999982e-01
3.820523577710000040e+02 2.428857016189999996e-01
3.822012463340000181e+02 2.551150421989999972e-01
3.823501348969999754e+02 2.547887434250000194e-01
3.824990234599999894e+02 2.538164685689999756e-01
3.826479120230000035e+02 2.484501089739999946e-01
3.827968005870000070e+02 2.473372326330000037e-01
3.829456891500000211e+02 2.525423537240000238e-01
3.830945777129999783e+02 2.550968034189999845e-01
3.832434662759999924e+02 2.564877181940000139e-01
3.833923548390000065e+02 2.554622087100000272e-01
3.835412434020000205e+02 2.562053058300000075e-01
3.836901319649999778e+02 2.588006573609999972e-01
3.838390205279999918e+02 2.631262143809999787e-01
3.839879090910000059e+02 2.563447152730000123e-01
3.841367976540000200e+02 2.614709689620000055e-01
3.842856862170000340e+02 2.601355421109999844e-01
3.844345747799999913e+02 2.587086567160000183e-01
3.845834633430000054e+02 2.545609072489999902e-01
3.847323519059999626e+02 2.495369556010000045e-01
3.848812404690000335e+02 2.515432004750000061e-01
3.850301290319999907e+02 2.544179002579999849e-01
3.851790175950000048e+02 2.564622857480000073e-01
3.853279061580000189e+02 2.591790364459999885e-01
3.854767947209999761e+02 2.615295714720000109e-01
3.856256832839999902e+02 2.648931928559999927e-01
3.857745718479999937e+02 2.649596912489999845e-01
3.859234604110000078e+02 2.609276219939999919e-01
3.860723489739999650e+02 2.587264233139999758e-01
3.862212375369999791e+02 2.577820558710000043e-01
3.863701260999999931e+02 2.625653179820000016e-01
3.865190146630000072e+02 2.635258960229999725e-01
3.866679032260000213e+02 2.639865567740000141e-01
3.868167917889999785e+02 2.595728959770000066e-01
3.869656803519999926e+02 2.541052274489999929e-01
3.871145689150000067e+02 2.531630112380000019e-01
3.872634574780000207e+02 2.487903912320000022e-01
3.874123460409999780e+02 2.575844439880000114e-01
3.875612346039999920e+02 2.620570503990000133e-01
3.877101231670000061e+02 2.616725054430000252e-01
3.878590117300000202e+02 2.636911544400000196e-01
3.880079002930000343e+02 2.534609717069999935e-01
3.881567888559999915e+02 2.546652383279999765e-01
3.883056774190000056e+02 2.566723211610000277e-01
3.884545659819999628e+02 2.624558428209999850e-01
3.886034545450000337e+02 2.653831545449999996e-01
3.887523431089999804e+02 2.716556833020000172e-01
3.889012316719999944e+02 2.638145909090000019e-01
3.890501202350000085e+02 2.640291586510000177e-01
3.891990087980000226e+02 2.614900320469999984e-01
3.893478973610000367e+02 2.576120422400000054e-01
3.894967859239999939e+02 2.621991497239999913e-01
3.896456744870000080e+02 2.627062539589999912e-01
3.897945630499999652e+02 2.645350826039999936e-01
3.899434516129999793e+02 2.654939349680000005e-01
3.900923401759999933e+02 2.673613573959999767e-01
3.902412287390000074e+02 2.697457912139999969e-01
3.903901173020000215e+02 2.609926486220000008e-01
3.905390058649999787e+02 2.569171547160000180e-01
3.906878944279999928e+02 2.506284768329999912e-01
3.908367829910000069e+02 2.585629690730000263e-01
3.909856715540000209e+02 2.644066557299999953e-01
3.911345601169999782e+02 2.685043022870000073e-01
3.912834486799999922e+02 2.648997714249999857e-01
3.914323372430000063e+02 2.619978291960000094e-01
3.915812258060000204e+02 2.561411529029999912e-01
3.917301143700000239e+02 2.613579199709999967e-01
3.918790029329999811e+02 2.614060094430000203e-01
3.920278914959999952e+02 2.626588766919999984e-01
3.921767800590000093e+02 2.641580042350000213e-01
3.923256686220000233e+02 2.663520162699999916e-01
3.924745571849999806e+02 2.654327257010000163e-01
3.926234457479999946e+02 2.607076617890000114e-01
3.927723343110000087e+02 2.585778451260000166e-01
3.929212228739999659e+02 2.645679679060000122e-01
3.930701114370000369e+02 2.692747501819999778e-01
3.932189999999999941e+02 2.706995759999999973e-01
3.933678885630000082e+02 2.671158277419999894e-01
3.935167771259999654e+02 2.647015067210000128e-01
3.936656656889999795e+02 2.666223509330000185e-01
3.938145542519999935e+02 2.705498066740000263e-01
3.939634428150000076e+02 2.699833390260000243e-01
3.941123313780000217e+02 2.706756985039999730e-01
3.942612199409999789e+02 2.703473275889999861e-01
3.944101085039999930e+02 2.665267571089999787e-01
3.945589970670000071e+02 2.636287485750000159e-01
3.947078856300000211e+02 2.587006488449999919e-01
3.948567741939999678e+02 2.540069999999999828e-01
3.950056627569999819e+02 2.580998155309999764e-01
3.951545513199999959e+02 2.612316167040000248e-01
3.953034398830000100e+02 2.666763835070000144e-01
3.954523284460000241e+02 2.663563202700000021e-01
3.956012170089999813e+02 2.686739280350000092e-01
3.957501055719999954e+02 2.645052549910000272e-01
3.958989941350000095e+02 2.608089164929999759e-01
3.960478826980000235e+02 2.630617968680000196e-01
3.961967712609999808e+02 2.674101237539999731e-01
3.963456598239999948e+02 2.705363266279999790e-01
3.964945483870000089e+02 2.685926054839999910e-01
3.966434369499999661e+02 2.604171683520000169e-01
3.967923255130000371e+02 2.592472356769999764e-01
3.969412140759999943e+02 2.556103991790000252e-01
3.970901026390000084e+02 2.612613741939999734e-01
3.972389912019999656e+02 2.679228188500000218e-01
3.973878797649999797e+02 2.734202002700000245e-01
3.975367683279999937e+02 2.750537506510000174e-01
3.976856568910000078e+02 2.719994697359999769e-01
3.978345454550000113e+02 2.655065327269999775e-01
3.979834340179999685e+02 2.682870197600000228e-01
3.981323225810000395e+02 2.703979656769999740e-01
3.982812111439999967e+02 2.786063551729999754e-01
3.984300997070000108e+02 2.849771927390000181e-01
3.985789882699999680e+02 2.862513524340000171e-01
3.987278768329999821e+02 2.792874280820000221e-01
3.988767653959999961e+02 2.774948112960000102e-01
3.990256539590000102e+02 2.766198232259999834e-01
3.991745425220000243e+02 2.858611094549999843e-01
3.993234310849999815e+02 2.820966378890000237e-01
3.994723196479999956e+02 2.773950237130000107e-01
3.996212082110000097e+02 2.736576244339999908e-01
3.997700967740000237e+02 2.745274945810000089e-01
3.999189853369999810e+02 2.743329151319999770e-01
4.000678738999999950e+02 2.810860890029999726e-01
4.002167624630000091e+02 2.765050097830000220e-01
4.003656510259999664e+02 2.758321890670000220e-01
4.005145395890000373e+02 2.700352293719999741e-01
4.006634281519999945e+02 2.613938581470000022e-01
4.008123167159999980e+02 2.612176035780000016e-01
4.009612052789999552e+02 2.594270772019999782e-01
4.011100938420000261e+02 2.631570318940000264e-01
4.012589824049999834e+02 2.619519565689999996e-01
4.014078709679999974e+02 2.683598387100000204e-01
4.015567595310000115e+02 2.661643653669999998e-01
4.017056480939999688e+02 2.696583860880000239e-01
4.018545366570000397e+02 2.786245961000000104e-01
4.020034252199999969e+02 2.783973760940000042e-01
4.021523137830000110e+02 2.811101020880000245e-01
4.023012023459999682e+02 2.742391178890000170e-01
4.024500909089999823e+02 2.827066370910000237e-01
4.025989794719999963e+02 2.902365983229999724e-01
4.027478680350000104e+02 2.981524919649999883e-01
4.028967565980000245e+02 2.862940724929999847e-01
4.030456451609999817e+02 2.737547609679999994e-01
4.031945337239999958e+02 2.620747957890000035e-01
4.033434222870000099e+02 2.633248653429999808e-01
4.034923108500000239e+02 2.639267421350000031e-01
4.036411994129999812e+02 2.630454889559999954e-01
4.037900879769999847e+02 2.607567313779999840e-01
4.039389765399999987e+02 2.610757966569999811e-01
4.040878651030000128e+02 2.619006641170000260e-01
4.042367536660000269e+02 2.671318229379999742e-01
4.043856422289999841e+02 2.725676980880000211e-01
4.045345307919999982e+02 2.769142913489999747e-01
4.046834193549999554e+02 2.815346052900000173e-01
4.048323079180000263e+02 2.839346397240000153e-01
4.049811964809999836e+02 2.868614761409999936e-01
4.051300850439999977e+02 2.897931344570000012e-01
4.052789736070000117e+02 2.818236480940000122e-01
4.054278621699999690e+02 2.837875780940000148e-01
4.055767507330000399e+02 2.720493951669999966e-01
4.057256392959999971e+02 2.688993794960000128e-01
4.058745278590000112e+02 2.691538297600000185e-01
4.060234164219999684e+02 2.713989963049999732e-01
4.061723049849999825e+02 2.714997591439999858e-01
4.063211935479999966e+02 2.724158636130000199e-01
4.064700821110000106e+02 2.682969835780000256e-01
4.066189706740000247e+02 2.740147882580000194e-01
4.067678592379999714e+02 2.797126300880000138e-01
4.069167478010000423e+02 2.855850101699999866e-01
4.070656363639999995e+02 2.839239963640000086e-01
4.072145249270000136e+02 2.851583961470000039e-01
4.073634134899999708e+02 2.805143413610000080e-01
4.075123020529999849e+02 2.754645571259999870e-01
4.076611906159999990e+02 2.658393485280000079e-01
4.078100791790000130e+02 2.616092492020000160e-01
4.079589677420000271e+02 2.651244686449999999e-01
4.081078563049999843e+02 2.797357206980000122e-01
4.082567448679999984e+02 2.830987057480000013e-01
4.084056334309999556e+02 2.807010523519999912e-01
4.085545219940000266e+02 2.738515310619999976e-01
4.087034105569999838e+02 2.710313875309999787e-01
4.088522991199999979e+02 2.679413786629999961e-01
4.090011876830000119e+02 2.679224058649999907e-01
4.091500762459999692e+02 2.602281043399999882e-01
4.092989648090000401e+02 2.650341386280000155e-01
4.094478533719999973e+02 2.700752752260000000e-01
4.095967419350000114e+02 2.747704996770000130e-01
4.097456304989999580e+02 2.728004618179999952e-01
4.098945190620000290e+02 2.723833469210000247e-01
4.100434076249999862e+02 2.758198357070000273e-01
4.101922961880000003e+02 2.792275157129999741e-01
4.103411847510000143e+02 2.750801724110000235e-01
4.104900733139999716e+02 2.699458192079999819e-01
4.106389618770000425e+02 2.671134984399999857e-01
4.107878504399999429e+02 2.729721064050000257e-01
4.109367390030000138e+02 2.690820431670000179e-01
4.110856275660000279e+02 2.757500635189999993e-01
4.112345161289999851e+02 2.712721470969999826e-01
4.113834046919999992e+02 2.736498401290000104e-01
4.115322932549999564e+02 2.862517478359999923e-01
4.116811818180000273e+02 2.905219956360000078e-01
4.118300703810000414e+02 2.898376704749999755e-01
4.119789589439999986e+02 2.848712807620000231e-01
4.121278475070000127e+02 2.719210370560000145e-01
4.122767360699999699e+02 2.768347468619999918e-01
4.124256246329999840e+02 2.667150528450000224e-01
4.125745131960000549e+02 2.619018645219999830e-01
4.127234017600000016e+02 2.639212909679999886e-01
4.128722903230000156e+02 2.774283956770000059e-01
4.130211788859999729e+02 2.874881517539999987e-01
4.131700674489999869e+02 2.921102076250000068e-01
4.133189560120000579e+02 2.918202209970000016e-01
4.134678445749999582e+02 2.862986076540000036e-01
4.136167331380000292e+02 2.888347224630000154e-01
4.137656217009999864e+02 2.945805935949999954e-01
4.139145102640000005e+02 2.904680489740000260e-01
4.140633988270000145e+02 2.900664218769999914e-01
4.142122873899999718e+02 2.795581137240000236e-01
4.143611759530000427e+02 2.797503171090000018e-01
4.145100645159999431e+02 2.735194807740000122e-01
4.146589530790000140e+02 2.750339507680000239e-01
4.148078416420000281e+02 2.718844253020000212e-01
4.149567302049999853e+02 2.777003346629999814e-01
4.151056187679999994e+02 2.811022021699999818e-01
4.152545073309999566e+02 2.778362336010000155e-01
4.154033958940000275e+02 2.713063904399999893e-01
4.155522844570000416e+02 2.706056408799999979e-01
4.157011730209999882e+02 2.699763080350000011e-01
4.158500615840000023e+02 2.704147206329999831e-01
4.159989501469999595e+02 2.770660926919999989e-01
4.161478387099999736e+02 2.792404909680000213e-01
4.162967272730000445e+02 2.848479603640000080e-01
4.164456158360000018e+02 2.855752447800000149e-01
4.165945043990000158e+02 2.830731861699999907e-01
4.167433929619999731e+02 2.840356424339999797e-01
4.168922815249999871e+02 2.754469050910000050e-01
4.170411700880000581e+02 2.655385147920000244e-01
4.171900586509999584e+02 2.609222009969999756e-01
4.173389472140000294e+02 2.599976343700000081e-01
4.174878357769999866e+02 2.730592282700000095e-01
4.176367243400000007e+02 2.766962979939999734e-01
4.177856129030000147e+02 2.867837160000000218e-01
4.179345014659999720e+02 2.861579841349999875e-01
4.180833900290000429e+02 2.909928558239999741e-01
4.182322785919999433e+02 2.904852515540000124e-01
4.183811671550000142e+02 2.905993564109999872e-01
4.185300557180000283e+02 2.884808836250000175e-01
4.186789442819999749e+02 2.825573769499999943e-01
4.188278328449999890e+02 2.795313053840000062e-01
4.189767214079999462e+02 2.763064930320000001e-01
4.191256099710000171e+02 2.753744494309999791e-01
4.192744985340000312e+02 2.791972770910000068e-01
4.194233870969999884e+02 2.866344541940000212e-01
4.195722756600000025e+02 2.902920091960000115e-01
4.197211642229999597e+02 2.904783108910000133e-01
4.198700527859999738e+02 2.872443763870000111e-01
4.200189413490000447e+02 2.835746660649999806e-01
4.201678299120000020e+02 2.775968539590000228e-01
4.203167184750000160e+02 2.752112416540000162e-01
4.204656070379999733e+02 2.779533479769999982e-01
4.206144956009999873e+02 2.833383385039999758e-01
4.207633841640000583e+02 2.848418481519999768e-01
4.209122727269999586e+02 2.825082018180000154e-01
4.210611612900000296e+02 2.755174335480000125e-01
4.212100498529999868e+02 2.660149821109999979e-01
4.213589384160000009e+02 2.680053288909999831e-01
4.215078269790000149e+02 2.710975160999999911e-01
4.216567155429999616e+02 2.784093616419999750e-01
4.218056041060000325e+02 2.808500668560000024e-01
4.219544926689999329e+02 2.806877982759999890e-01
4.221033812320000038e+02 2.841525730500000235e-01
4.222522697950000179e+02 2.813493032139999794e-01
4.224011583579999751e+02 2.774514736659999814e-01
4.225500469209999892e+02 2.718972383700000162e-01
4.226989354839999464e+02 2.670838621939999880e-01
4.228478240470000173e+02 2.638993624750000100e-01
4.229967126100000314e+02 2.633719694250000187e-01
4.231456011729999886e+02 2.681814138999999986e-01
4.232944897360000027e+02 2.712803797419999774e-01
4.234433782989999600e+02 2.778757781230000168e-01
4.235922668619999740e+02 2.823752543170000018e-01
4.237411554250000449e+02 2.896174618999999839e-01
4.238900439880000022e+02 2.985041018480000252e-01
4.240389325510000162e+02 3.024859158939999793e-01
4.241878211139999735e+02 3.013908224110000145e-01
4.243367096769999876e+02 2.942436184519999776e-01
4.244855982400000585e+02 2.901409580820000222e-01
4.246344868039999483e+02 2.901395068620000184e-01
4.247833753670000192e+02 2.941835635069999788e-01
4.249322639300000333e+02 3.005574541700000157e-01
4.250811524929999905e+02 2.995683928210000069e-01
4.252300410560000046e+02 2.960995821819999985e-01
4.253789296189999618e+02 2.847612175950000046e-01
4.255278181820000327e+02 2.704197221819999997e-01
4.256767067449999331e+02 2.740499697600000117e-01
4.258255953080000040e+02 2.844932824629999857e-01
4.259744838710000181e+02 2.991995012259999753e-01
4.261233724339999753e+02 3.053008009379999943e-01
4.262722609969999894e+02 2.960397551910000091e-01
4.264211495599999466e+02 2.895923787329999777e-01
4.265700381230000175e+02 2.807257315950000276e-01
4.267189266860000316e+02 2.816354738419999948e-01
4.268678152489999889e+02 2.877514397950000080e-01
4.270167038120000029e+02 2.885502026510000095e-01
4.271655923749999602e+02 2.924153110380000031e-01
4.273144809379999742e+02 2.852979478589999784e-01
4.274633695010000451e+02 2.825254829680000079e-01
4.276122580649999918e+02 2.801132761289999995e-01
4.277611466280000059e+02 2.844411048389999808e-01
4.279100351910000199e+02 2.909927630849999947e-01
4.280589237539999772e+02 2.908409028039999900e-01
4.282078123170000481e+02 2.869313303930000059e-01
4.283567008799999485e+02 2.860671170669999985e-01
4.285055894430000194e+02 2.867340983230000084e-01
4.286544780060000335e+02 2.893112877069999866e-01
4.288033665689999907e+02 2.893721402230000073e-01
4.289522551320000048e+02 2.902733500229999763e-01
4.291011436949999620e+02 2.943301290320000096e-01
4.292500322580000329e+02 2.970022065810000167e-01
4.293989208209999333e+02 2.933730358359999957e-01
4.295478093840000042e+02 2.868770113779999797e-01
4.296966979470000183e+02 2.847728878710000244e-01
4.298455865099999755e+02 2.859053863339999779e-01
4.299944750729999896e+02 2.810427202820000026e-01
4.301433636359999468e+02 2.811756027269999847e-01
4.302922521990000178e+02 2.831337047160000231e-01
4.304411407620000318e+02 2.902574847100000133e-01
4.305900293259999785e+02 2.978652879770000150e-01
4.307389178889999926e+02 2.919905380469999812e-01
4.308878064520000635e+02 2.920949758709999733e-01
4.310366950149999639e+02 2.857046357770000045e-01
4.311855835780000348e+02 2.843184283279999724e-01
4.313344721409999920e+02 2.797347297359999985e-01
4.314833607040000061e+02 2.859838418999999798e-01
4.316322492670000202e+02 2.929953769209999725e-01
4.317811378299999774e+02 3.017197739940000178e-01
4.319300263930000483e+02 3.011045111089999948e-01
4.320789149559999487e+02 2.999731642819999933e-01
4.322278035190000196e+02 2.948249312199999750e-01
4.323766920820000337e+02 2.908866728560000059e-01
4.325255806449999909e+02 2.844861383869999871e-01
4.326744692080000050e+02 2.853653637649999908e-01
4.328233577709999622e+02 2.881144231380000087e-01
4.329722463340000331e+02 2.895869209270000022e-01
4.331211348969999335e+02 2.912321552200000108e-01
4.332700234600000044e+02 2.917047152489999906e-01
4.334189120230000185e+02 2.947372542869999834e-01
4.335678005869999652e+02 3.035538107920000006e-01
4.337166891499999792e+02 3.023669064869999867e-01
4.338655777130000502e+02 2.978390878009999909e-01
4.340144662760000074e+02 2.942574158480000257e-01
4.341633548390000215e+02 2.899726023229999838e-01
4.343122434019999787e+02 2.951752728150000005e-01
4.344611319649999928e+02 2.960997344519999963e-01
4.346100205280000637e+02 2.987873132080000049e-01
4.347589090909999641e+02 3.013308269089999825e-01
4.349077976540000350e+02 3.046536152489999760e-01
4.350566862169999922e+02 3.006900080350000115e-01
4.352055747800000063e+02 3.033879656189999996e-01
4.353544633430000204e+02 3.013447211729999853e-01
4.355033519059999776e+02 3.019294733549999776e-01
4.356522404690000485e+02 3.039958758710000208e-01
4.358011290319999489e+02 2.998175716129999890e-01
4.359500175950000198e+02 2.971846325870000083e-01
4.360989061580000339e+02 2.930071425690000120e-01
4.362477947209999911e+02 2.881621424749999938e-01
4.363966832840000052e+02 2.880320997890000179e-01
4.365455718479999518e+02 2.941735112609999980e-01
4.366944604110000228e+02 2.997212812380000146e-01
4.368433489740000368e+02 3.031828900290000073e-01
4.369922375369999941e+02 2.985001469740000135e-01
4.371411261000000081e+02 2.943047614550000080e-01
4.372900146629999654e+02 2.885738968620000233e-01
4.374389032259999794e+02 2.787426283869999799e-01
4.375877917890000504e+02 2.205987144759999907e-01
4.377366803520000076e+02 1.478055599660000052e-01
4.378855689150000217e+02 6.864061571320000110e-02
4.380344574779999789e+02 2.401927108139999961e-02
4.381833460409999930e+02 8.134664720160000861e-03
4.383322346040000639e+02 6.003584275319999832e-04
4.384811231669999643e+02 9.977243125690000243e-05
4.386300117300000352e+02 6.291330144780000252e-05
4.387789002929999924e+02 3.646234149779999968e-05
4.389277888560000065e+02 1.773737763739999848e-05
4.390766774190000206e+02 3.788382488579999900e-06
4.392255659819999778e+02 3.113544798830000180e-07
4.393744545450000487e+02 2.506541487270000108e-07
4.395233431089999385e+02 2.045180285040000101e-07
4.396722316720000094e+02 1.760021342869999879e-07
4.398211202350000235e+02 1.450255171130000046e-07
4.399700087979999807e+02 1.255941068430000052e-07
4.401188973609999948e+02 1.083462303669999969e-07
4.402677859239999520e+02 9.987489999999999391e-08
4.404166744870000230e+02 9.421517296539999366e-08
4.405655630500000370e+02 7.934495750849999362e-08
4.407144516129999943e+02 6.447474205159999358e-08
4.408633401760000083e+02 4.993749999999999966e-08
4.410122287389999656e+02 4.993749999999999966e-08
4.411611173019999796e+02 4.993749999999999966e-08
4.413100058650000506e+02 4.993749999999999966e-08
4.414588944280000078e+02 4.993749999999999966e-08
4.416077829910000219e+02 4.993749999999999966e-08
4.417566715539999791e+02 4.993749999999999966e-08
4.419055601169999932e+02 4.993749999999999966e-08
4.420544486800000641e+02 4.993749999999999966e-08
4.422033372429999645e+02 4.993749999999999966e-08
4.423522258060000354e+02 4.993749999999999966e-08
4.425011143699999820e+02 4.993749999999999966e-08
4.426500029329999961e+02 3.795345711139999896e-08
4.427988914960000102e+02 2.308321187680000119e-08
4.429477800589999674e+02 8.212966642230000293e-09
4.430966686220000383e+02 0.000000000000000000e+00
4.432455571849999387e+02 0.000000000000000000e+00
4.433944457480000096e+02 0.000000000000000000e+00
4.435433343110000237e+02 0.000000000000000000e+00
4.436922228739999809e+02 0.000000000000000000e+00
4.438411114369999950e+02 0.000000000000000000e+00
4.439899999999999523e+02 0.000000000000000000e+00
